   55059.454527200        18.954        0.041      1001142060002486    2.9508480   29.1325560   00h11m48.20s   29d07m57.20s      2               0    6.650536e-07         409         389         373        18.904            0.007     18.934         18.934   18.939       18.937    0.086       0.082        11899087006146    2.9508180   29.1325420      100114      6   55059.457637200         173    18.950    21.484     27.274    2.350       2.635           0      131072            0            1    11899087 
   55061.462657200        18.967        0.040      1001142060002486    2.9508480   29.1325560   00h11m48.20s   29d07m57.20s      2               0    6.650536e-07         409         389         373        18.904            0.007     18.934         18.934   18.939       18.937    0.086       0.082        11894740006277    2.9507930   29.1325170      100114      6   55061.465917200         175    18.946    21.695     27.238    2.150       2.343           0      131072            0            1    11894740 
   55063.441527200        19.008        0.040      1001142060002486    2.9508480   29.1325560   00h11m48.20s   29d07m57.20s      2               0    6.650536e-07         409         389         373        18.904            0.007     18.934         18.934   18.939       18.937    0.086       0.082        11890493006382    2.9507710   29.1324670      100114      6   55063.444907200         177    19.003    21.697     27.227    2.150       2.273           0      131072            0            1    11890493 
   55063.486237200        18.916        0.041      1001142060002486    2.9508480   29.1325560   00h11m48.20s   29d07m57.20s      2               0    6.650536e-07         409         389         373        18.904            0.007     18.934         18.934   18.939       18.937    0.086       0.082        11890517006407    2.9507900   29.1324990      100114      6   55063.489627200         177    18.927    21.727     27.223    2.050       2.318           0      131072            0            1    11890517 
   55066.424917200        18.918        0.043      1001142060002486    2.9508480   29.1325560   00h11m48.20s   29d07m57.20s      2               0    6.650536e-07         409         389         373        18.904            0.007     18.934         18.934   18.939       18.937    0.086       0.082        11884710006049    2.9507640   29.1325430      100114      6   55066.428497200         180    18.913    21.568     27.206    2.150       2.204           0      131072            0            1    11884710 
   55066.469697200        18.967        0.043      1001142060002486    2.9508480   29.1325560   00h11m48.20s   29d07m57.20s      2               0    6.650536e-07         409         389         373        18.904            0.007     18.934         18.934   18.939       18.937    0.086       0.082        11884677006347    2.9507950   29.1325210      100114      6   55066.473277200         180    18.955    21.681     27.210    1.950       2.124           0      131072            0            1    11884677 
   55069.414127200        18.947        0.043      1001142060002486    2.9508480   29.1325560   00h11m48.20s   29d07m57.20s      2               0    6.650536e-07         409         389         373        18.904            0.007     18.934         18.934   18.939       18.937    0.086       0.082        11880809006058    2.9507460   29.1324990      100114      6   55069.417897200         183    18.945    21.568     27.266    2.050       2.110           0      131072            0            1    11880809 
   55069.459987200        18.951        0.044      1001142060002486    2.9508480   29.1325560   00h11m48.20s   29d07m57.20s      2               0    6.650536e-07         409         389         373        18.904            0.007     18.934         18.934   18.939       18.937    0.086       0.082        11880766005841    2.9507320   29.1324960      100114      6   55069.463757200         183    18.956    21.404     27.268    2.350       2.622           0      131072            0            1    11880766 
   55084.358307200        18.874        0.052      1001142060002486    2.9508480   29.1325560   00h11m48.20s   29d07m57.20s      2               0    6.650536e-07         409         389         373        18.904            0.007     18.934         18.934   18.939       18.937    0.086       0.082        11839089004621    2.9507730   29.1325140      100114      6   55084.362847200         196    18.876    20.971     27.268    2.050       2.340           0      131072            0            1    11839089 
   55089.350597200        18.948        0.048      1001142060002486    2.9508480   29.1325560   00h11m48.20s   29d07m57.20s      2               0    6.650536e-07         409         389         373        18.904            0.007     18.934         18.934   18.939       18.937    0.086       0.082        11854279005141    2.9508080   29.1325300      100114      6   55089.355347200         201    18.941    21.243     27.257    2.750       3.230           0      131075            0            1    11854279 
   55089.394887200        19.012        0.043      1001142060002486    2.9508480   29.1325560   00h11m48.20s   29d07m57.20s      2               0    6.650536e-07         409         389         373        18.904            0.007     18.934         18.934   18.939       18.937    0.086       0.082        11854251005864    2.9507980   29.1325560      100114      6   55089.399627200         201    19.012    21.536     27.275    2.150       2.379           0      131072            0            1    11854251 
   55093.335147200        18.931        0.041      1001142060002486    2.9508480   29.1325560   00h11m48.20s   29d07m57.20s      2               0    6.650536e-07         409         389         373        18.904            0.007     18.934         18.934   18.939       18.937    0.086       0.082        11854138005997    2.9507510   29.1325170      100114      6   55093.340027200         205    18.934    21.509     27.228    2.150       2.318           0      131072            0            1    11854138 
   55093.379747200        18.884        0.040      1001142060002486    2.9508480   29.1325560   00h11m48.20s   29d07m57.20s      2               0    6.650536e-07         409         389         373        18.904            0.007     18.934         18.934   18.939       18.937    0.086       0.082        11854093006304    2.9507490   29.1325120      100114      6   55093.384617200         205    18.891    21.605     27.235    2.050       2.320           0      131072            0            1    11854093 
   55095.329827200        18.853        0.041      1001142060002486    2.9508480   29.1325560   00h11m48.20s   29d07m57.20s      2               0    6.650536e-07         409         389         373        18.904            0.007     18.934         18.934   18.939       18.937    0.086       0.082        11932331005861    2.9508370   29.1325570      100114      6   55095.334757200         207    18.856    21.453     27.266    2.350       2.756           0      131072            0            1    11932331 
   55095.374507200        18.886        0.043      1001142060002486    2.9508480   29.1325560   00h11m48.20s   29d07m57.20s      2               0    6.650536e-07         409         389         373        18.904            0.007     18.934         18.934   18.939       18.937    0.086       0.082        11932347005877    2.9508190   29.1325710      100114      6   55095.379437200         207    18.892    21.473     27.262    2.350       2.801           0      131072            0            1    11932347 
   55114.378347200        18.911        0.132      1001142060002486    2.9508480   29.1325560   00h11m48.20s   29d07m57.20s      2               0    6.650536e-07         409         389         373        18.904            0.007     18.934         18.934   18.939       18.937    0.086       0.082        11806483005311    2.9508120   29.1325140      100114      6   55114.383547200         223    18.781    21.058     27.611    2.450       2.420           0      131072            0            1    11806483 
   55119.413187200        18.954        0.049      1001142060002486    2.9508480   29.1325560   00h11m48.20s   29d07m57.20s      2               0    6.650536e-07         409         389         373        18.904            0.007     18.934         18.934   18.939       18.937    0.086       0.082        11838687005115    2.9508230   29.1325420      100114      6   55119.418367200         228    18.971    21.301     27.722    2.350       3.344           0      131072            0            1    11838687 
   55119.476747200        18.835        0.070      1001142060002486    2.9508480   29.1325560   00h11m48.20s   29d07m57.20s      2               0    6.650536e-07         409         389         373        18.904            0.007     18.934         18.934   18.939       18.937    0.086       0.082        11838673004049    2.9509010   29.1325430      100114      6   55119.481927200         228    18.843    20.801     27.637    2.950       4.052           0      131072            0            1    11838673 
   55123.287437200        19.065        0.046      1001142060002486    2.9508480   29.1325560   00h11m48.20s   29d07m57.20s      2               0    6.650536e-07         409         389         373        18.904            0.007     18.934         18.934   18.939       18.937    0.086       0.082        11812963005596    2.9508230   29.1325390      100114      6   55123.292577200         232    19.076    21.571     27.753    2.350       2.620           0      131072            0            1    11812963 
   55123.336467200        18.924        0.045      1001142060002486    2.9508480   29.1325560   00h11m48.20s   29d07m57.20s      2               0    6.650536e-07         409         389         373        18.904            0.007     18.934         18.934   18.939       18.937    0.086       0.082        11812935005653    2.9508440   29.1325700      100114      6   55123.341607200         232    18.930    21.513     27.744    2.350       2.683           0      131072            0            1    11812935 
   55138.211887200        18.764        0.092      1001142060002486    2.9508480   29.1325560   00h11m48.20s   29d07m57.20s      2               0    6.650536e-07         409         389         373        18.904            0.007     18.934         18.934   18.939       18.937    0.086       0.082        11788529003013    2.9507950   29.1325540      100114      6   55138.216647200         245    18.764    20.421     27.747    2.250       2.581           0      131072            0            1    11788529 
   55138.255917200        18.990        0.106      1001142060002486    2.9508480   29.1325560   00h11m48.20s   29d07m57.20s      2               0    6.650536e-07         409         389         373        18.904            0.007     18.934         18.934   18.939       18.937    0.086       0.082        11788408003032    2.9507640   29.1325640      100114      6   55138.260667200         245    18.990    20.370     27.749    2.350       2.739           0      131072            0            1    11788408 
   55142.296147200        18.879        0.051      1001142060002486    2.9508480   29.1325560   00h11m48.20s   29d07m57.20s      2               0    6.650536e-07         409         389         373        18.904            0.007     18.934         18.934   18.939       18.937    0.086       0.082        11792905004818    2.9508330   29.1325350      100114      6   55142.300737200         282    18.877    21.168     27.740    2.350       2.805           0      131072            0            1    11792905 
   55142.340347200        18.865        0.056      1001142060002486    2.9508480   29.1325560   00h11m48.20s   29d07m57.20s      2               0    6.650536e-07         409         389         373        18.904            0.007     18.934         18.934   18.939       18.937    0.086       0.082        11792944004198    2.9509350   29.1325570      100114      6   55142.344937200         282    18.867    21.053     27.726    2.350       2.821           0      131072            0            1    11792944 
   55144.317337200        18.953        0.087      1001142060002486    2.9508480   29.1325560   00h11m48.20s   29d07m57.20s      2               0    6.650536e-07         409         389         373        18.904            0.007     18.934         18.934   18.939       18.937    0.086       0.082        11799803005084    2.9508500   29.1325400      100114      6   55144.321847200         250    18.961    21.261     27.723    2.150       2.799           0      131072            0            1    11799803 
   55144.361137200        19.005        0.090      1001142060002486    2.9508480   29.1325560   00h11m48.20s   29d07m57.20s      2               0    6.650536e-07         409         389         373        18.904            0.007     18.934         18.934   18.939       18.937    0.086       0.082        11799911004738    2.9508720   29.1325410      100114      6   55144.365637200         250    19.043    21.199     27.726    2.050       2.358           0      131072            0            1    11799911 
   55152.173527200        18.942        0.047      1001142060002486    2.9508480   29.1325560   00h11m48.20s   29d07m57.20s      2               0    6.650536e-07         409         389         373        18.904            0.007     18.934         18.934   18.939       18.937    0.086       0.082        11803159005028    2.9508330   29.1325900      100114      6   55152.177637200         258    18.948    21.336     27.799    2.750       2.898           0      131072            0            1    11803159 
   55152.217537200        18.931        0.051      1001142060002486    2.9508480   29.1325560   00h11m48.20s   29d07m57.20s      2               0    6.650536e-07         409         389         373        18.904            0.007     18.934         18.934   18.939       18.937    0.086       0.082        11803084004938    2.9508450   29.1325540      100114      6   55152.221637200         258    18.930    21.356     27.793    2.650       2.975           0      131072            0            1    11803084 
   55166.229767200        18.779        0.071      1001142060002486    2.9508480   29.1325560   00h11m48.20s   29d07m57.20s      2               0    6.650536e-07         409         389         373        18.904            0.007     18.934         18.934   18.939       18.937    0.086       0.082        11770064003183    2.9508150   29.1325390      100114      6   55166.232957200         271    18.767    20.552     27.786    2.250       3.184           0      131072            0            1    11770064 
   55168.184237200        18.928        0.067      1001142060002486    2.9508480   29.1325560   00h11m48.20s   29d07m57.20s      2               0    6.650536e-07         409         389         373        18.904            0.007     18.934         18.934   18.939       18.937    0.086       0.082        12344573003659    2.9508680   29.1325540      100114      6   55168.187287200         273    18.921    20.737     27.781    2.350       3.589           0      131072            0            1    12344573 
   55168.274097200        18.962        0.072      1001142060002486    2.9508480   29.1325560   00h11m48.20s   29d07m57.20s      2               0    6.650536e-07         409         389         373        18.904            0.007     18.934         18.934   18.939       18.937    0.086       0.082        12344664003410    2.9508770   29.1325880      100114      6   55168.277137200         273    18.965    20.673     27.759    2.050       2.956           0      131072            0            1    12344664 
   55176.169077200        19.151        0.163      1001142060002486    2.9508480   29.1325560   00h11m48.20s   29d07m57.20s      2               0    6.650536e-07         409         389         373        18.904            0.007     18.934         18.934   18.939       18.937    0.086       0.082        11773692002106    2.9508080   29.1325770      100114      6   55176.171497200         290    19.460    19.838     26.735    2.350       4.250           0           0            0            1    11773692 
   55183.120247200        19.323        0.224      1001142060002486    2.9508480   29.1325560   00h11m48.20s   29d07m57.20s      2               0    6.650536e-07         409         389         373        18.904            0.007     18.934         18.934   18.939       18.937    0.086       0.082        11781797002540    2.9507960   29.1325190      100114      6   55183.122077200         279    20.106    20.592     27.694    2.550       3.934           0      131072            0            1    11781797 
   55183.164917200        19.002        0.188      1001142060002486    2.9508480   29.1325560   00h11m48.20s   29d07m57.20s      2               0    6.650536e-07         409         389         373        18.904            0.007     18.934         18.934   18.939       18.937    0.086       0.082        11781690005192    2.9508310   29.1325690      100114      6   55183.166757200         279    18.905    21.175     27.644    2.350       2.587           0      131072            0            1    11781690 
   55194.097327200        18.884        0.081      1001142060002486    2.9508480   29.1325560   00h11m48.20s   29d07m57.20s      2               0    6.650536e-07         409         389         373        18.904            0.007     18.934         18.934   18.939       18.937    0.086       0.082        12652253003613    2.9508190   29.1325500      100114      6   55194.098187200         302    17.979    19.782     26.867    2.350       2.191           0      131072            0            1    12652253 
   55197.089997200        18.971        0.124      1001142060002486    2.9508480   29.1325560   00h11m48.20s   29d07m57.20s      2               0    6.650536e-07         409         389         373        18.904            0.007     18.934         18.934   18.939       18.937    0.086       0.082        11691974002380    2.9508420   29.1325310      100114      6   55197.090587200         305    18.916    19.916     27.465    2.750       3.774           0      131072            0            1    11691974 
   55199.096657200        18.991        0.049      1001142060002486    2.9508480   29.1325560   00h11m48.20s   29d07m57.20s      2               0    6.650536e-07         409         389         373        18.904            0.007     18.934         18.934   18.939       18.937    0.086       0.082        14959062005161    2.9508970   29.1325380      100114      6   55199.097057200         307    18.981    21.360     27.777    2.450       2.827           0      131072            0            1    14959062 
   55201.108777200        18.919        0.061      1001142060002486    2.9508480   29.1325560   00h11m48.20s   29d07m57.20s      2               0    6.650536e-07         409         389         373        18.904            0.007     18.934         18.934   18.939       18.937    0.086       0.082        11702553003955    2.9508790   29.1326050      100114      6   55201.108987200         310    18.716    20.391     27.230    2.750       3.445           0      131072            0            1    11702553 
   55207.154177200        18.927        0.044      1001142060002486    2.9508480   29.1325560   00h11m48.20s   29d07m57.20s      2               0    6.650536e-07         409         389         373        18.904            0.007     18.934         18.934   18.939       18.937    0.086       0.082        11745244005667    2.9508040   29.1325360      100114      6   55207.153837200         316    18.913    21.574     27.734    1.950       2.087           0      131072            0            1    11745244 
   55207.228427200        19.008        0.059      1001142060002486    2.9508480   29.1325560   00h11m48.20s   29d07m57.20s      2               0    6.650536e-07         409         389         373        18.904            0.007     18.934         18.934   18.939       18.937    0.086       0.082        11745242004323    2.9508330   29.1325470      100114      6   55207.228077200         316    19.078    21.053     27.682    2.150       2.300           0      131072            0            1    11745242 
   55209.179387200        18.949        0.073      1001142060002486    2.9508480   29.1325560   00h11m48.20s   29d07m57.20s      2               0    6.650536e-07         409         389         373        18.904            0.007     18.934         18.934   18.939       18.937    0.086       0.082        11741584004865    2.9508850   29.1325380      100114      6   55209.178857200         318    18.930    21.186     27.743    2.650       3.290           0      131072            0            1    11741584 
   55422.309447200        18.922        0.045      1001142060002486    2.9508480   29.1325560   00h11m48.20s   29d07m57.20s      2               0    6.650536e-07         409         389         373        18.904            0.007     18.934         18.934   18.939       18.937    0.086       0.082        11149993005663    2.9508270   29.1325730      100114      6   55422.312387200         521    18.910    21.616     27.659    2.250       2.428           0      131072            0            1    11149993 
   55422.336907200        18.967        0.044      1001142060002486    2.9508480   29.1325560   00h11m48.20s   29d07m57.20s      2               0    6.650536e-07         409         389         373        18.904            0.007     18.934         18.934   18.939       18.937    0.086       0.082        11149840005294    2.9508390   29.1325940      100114      6   55422.339857200         521    18.959    21.584     27.673    2.550       2.920           0      131072            0            1    11149840 
   55422.350847200        18.930        0.041      1001142060002486    2.9508480   29.1325560   00h11m48.20s   29d07m57.20s      2               0    6.650536e-07         409         389         373        18.904            0.007     18.934         18.934   18.939       18.937    0.086       0.082        11150034005824    2.9508120   29.1325770      100114      6   55422.353787200         521    18.919    21.778     27.678    2.150       2.379           0      131072            0            1    11150034 
   55422.374317200        18.985        0.044      1001142060002486    2.9508480   29.1325560   00h11m48.20s   29d07m57.20s      2               0    6.650536e-07         409         389         373        18.904            0.007     18.934         18.934   18.939       18.937    0.086       0.082        11149932005500    2.9507940   29.1325450      100114      6   55422.377267200         521    18.982    21.678     27.684    2.450       2.660           0      131072            0            1    11149932 
   55422.399047200        18.911        0.042      1001142060002486    2.9508480   29.1325560   00h11m48.20s   29d07m57.20s      2               0    6.650536e-07         409         389         373        18.904            0.007     18.934         18.934   18.939       18.937    0.086       0.082        11149936005625    2.9508090   29.1325820      100114      6   55422.401997200         521    18.912    21.759     27.688    2.350       2.784           0      131074            0            1    11149936 
   55422.412987200        18.957        0.043      1001142060002486    2.9508480   29.1325560   00h11m48.20s   29d07m57.20s      2               0    6.650536e-07         409         389         373        18.904            0.007     18.934         18.934   18.939       18.937    0.086       0.082        11149893005622    2.9508420   29.1325080      100114      6   55422.415937200         521    18.955    21.756     27.689    2.350       2.525           0      131072            0            1    11149893 
   55422.426747200        18.957        0.043      1001142060002486    2.9508480   29.1325560   00h11m48.20s   29d07m57.20s      2               0    6.650536e-07         409         389         373        18.904            0.007     18.934         18.934   18.939       18.937    0.086       0.082        11149865005690    2.9508170   29.1325690      100114      6   55422.429697200         521    18.953    21.736     27.689    2.350       2.409           0      131072            0            1    11149865 
   55422.439457200        18.923        0.042      1001142060002486    2.9508480   29.1325560   00h11m48.20s   29d07m57.20s      2               0    6.650536e-07         409         389         373        18.904            0.007     18.934         18.934   18.939       18.937    0.086       0.082        11149856005833    2.9508180   29.1325270      100114      6   55422.442407200         521    18.917    21.701     27.688    2.450       2.823           0      131072            0            1    11149856 
   55422.452697200        18.903        0.042      1001142060002486    2.9508480   29.1325560   00h11m48.20s   29d07m57.20s      2               0    6.650536e-07         409         389         373        18.904            0.007     18.934         18.934   18.939       18.937    0.086       0.082        11149851005689    2.9507940   29.1325550      100114      6   55422.455647200         521    18.895    21.656     27.687    2.550       2.694           0      131072            0            1    11149851 
   55422.466737200        18.930        0.042      1001142060002486    2.9508480   29.1325560   00h11m48.20s   29d07m57.20s      2               0    6.650536e-07         409         389         373        18.904            0.007     18.934         18.934   18.939       18.937    0.086       0.082        11150061006034    2.9507980   29.1325770      100114      6   55422.469687200         521    18.924    21.569     27.685    2.750       2.893           0      131073            0            1    11150061 
   55422.483747200        18.948        0.042      1001142060002486    2.9508480   29.1325560   00h11m48.20s   29d07m57.20s      2               0    6.650536e-07         409         389         373        18.904            0.007     18.934         18.934   18.939       18.937    0.086       0.082        11149979005773    2.9508090   29.1325270      100114      6   55422.486707200         521    18.940    21.720     27.681    2.350       2.476           0      131072            0            1    11149979 
   55422.498897200        18.935        0.046      1001142060002486    2.9508480   29.1325560   00h11m48.20s   29d07m57.20s      2               0    6.650536e-07         409         389         373        18.904            0.007     18.934         18.934   18.939       18.937    0.086       0.082        11149810005179    2.9508190   29.1325450      100114      6   55422.501857200         521    18.929    21.492     27.676    2.450       3.107           0      131072            0            1    11149810 
   55423.307897200        18.897        0.045      1001142060002486    2.9508480   29.1325560   00h11m48.20s   29d07m57.20s      2               0    6.650536e-07         409         389         373        18.904            0.007     18.934         18.934   18.939       18.937    0.086       0.082        11147042005668    2.9508320   29.1325680      100114      6   55423.310907200         522    18.890    21.691     27.654    2.050       2.531           0      131072            0            1    11147042 
   55423.325617200        18.893        0.041      1001142060002486    2.9508480   29.1325560   00h11m48.20s   29d07m57.20s      2               0    6.650536e-07         409         389         373        18.904            0.007     18.934         18.934   18.939       18.937    0.086       0.082        11147017005751    2.9508150   29.1325740      100114      6   55423.328627200         522    18.884    21.731     27.661    2.050       2.171           0      131072            0            1    11147017 
   55423.339857200        18.866        0.041      1001142060002486    2.9508480   29.1325560   00h11m48.20s   29d07m57.20s      2               0    6.650536e-07         409         389         373        18.904            0.007     18.934         18.934   18.939       18.937    0.086       0.082        11147166005636    2.9508570   29.1325270      100114      6   55423.342877200         522    18.857    21.672     27.666    2.250       2.375           0      131072            0            1    11147166 
   55423.353677200        18.998        0.041      1001142060002486    2.9508480   29.1325560   00h11m48.20s   29d07m57.20s      2               0    6.650536e-07         409         389         373        18.904            0.007     18.934         18.934   18.939       18.937    0.086       0.082        11147138005859    2.9508360   29.1325440      100114      6   55423.356697200         522    18.992    21.888     27.669    1.850       2.272           0      131072            0            1    11147138 
   55423.382637200        18.907        0.041      1001142060002486    2.9508480   29.1325560   00h11m48.20s   29d07m57.20s      2               0    6.650536e-07         409         389         373        18.904            0.007     18.934         18.934   18.939       18.937    0.086       0.082        11147033006072    2.9508190   29.1325420      100114      6   55423.385657200         522    18.900    21.777     27.673    2.150       2.327           0      131072            0            1    11147033 
   55423.426547200        18.897        0.040      1001142060002486    2.9508480   29.1325560   00h11m48.20s   29d07m57.20s      2               0    6.650536e-07         409         389         373        18.904            0.007     18.934         18.934   18.939       18.937    0.086       0.082        11147117006103    2.9508250   29.1325430      100114      6   55423.429567200         522    18.892    21.978     27.674    1.850       2.235           0      131072            0            1    11147117 
   55423.440577200        18.838        0.040      1001142060002486    2.9508480   29.1325560   00h11m48.20s   29d07m57.20s      2               0    6.650536e-07         409         389         373        18.904            0.007     18.934         18.934   18.939       18.937    0.086       0.082        11147201005789    2.9508080   29.1326020      100114      6   55423.443597200         522    18.835    21.808     27.673    2.150       2.217           0      131074            0            1    11147201 
   55423.466517200        18.945        0.042      1001142060002486    2.9508480   29.1325560   00h11m48.20s   29d07m57.20s      2               0    6.650536e-07         409         389         373        18.904            0.007     18.934         18.934   18.939       18.937    0.086       0.082        11147175005754    2.9508170   29.1325450      100114      6   55423.469537200         522    18.939    21.797     27.668    2.150       2.504           0      131072            0            1    11147175 
   55423.482907200        18.873        0.041      1001142060002486    2.9508480   29.1325560   00h11m48.20s   29d07m57.20s      2               0    6.650536e-07         409         389         373        18.904            0.007     18.934         18.934   18.939       18.937    0.086       0.082        11147187005739    2.9508200   29.1325780      100114      6   55423.485927200         522    18.862    21.805     27.665    2.050       2.370           0      131072            0            1    11147187 
   55423.497167200        18.896        0.041      1001142060002486    2.9508480   29.1325560   00h11m48.20s   29d07m57.20s      2               0    6.650536e-07         409         389         373        18.904            0.007     18.934         18.934   18.939       18.937    0.086       0.082        11147101005722    2.9508010   29.1325590      100114      6   55423.500187200         522    18.884    21.561     27.661    2.350       2.848           0      131072            0            1    11147101 
   55424.318437200        18.876        0.048      1001142060002486    2.9508480   29.1325560   00h11m48.20s   29d07m57.20s      2               0    6.650536e-07         409         389         373        18.904            0.007     18.934         18.934   18.939       18.937    0.086       0.082        11144697005420    2.9508500   29.1325790      100114      6   55424.321517200         523    18.854    21.634     27.578    2.050       2.500           0      131072            0            1    11144697 
   55424.332167200        18.988        0.051      1001142060002486    2.9508480   29.1325560   00h11m48.20s   29d07m57.20s      2               0    6.650536e-07         409         389         373        18.904            0.007     18.934         18.934   18.939       18.937    0.086       0.082        11144728005192    2.9508160   29.1325700      100114      6   55424.335247200         523    18.998    21.575     27.589    2.250       2.569           0      131072            0            1    11144728 
   55424.348687200        18.908        0.048      1001142060002486    2.9508480   29.1325560   00h11m48.20s   29d07m57.20s      2               0    6.650536e-07         409         389         373        18.904            0.007     18.934         18.934   18.939       18.937    0.086       0.082        11144712005519    2.9508520   29.1325790      100114      6   55424.351777200         523    18.904    21.661     27.599    2.150       2.304           0      131072            0            1    11144712 
   55424.360497200        18.856        0.049      1001142060002486    2.9508480   29.1325560   00h11m48.20s   29d07m57.20s      2               0    6.650536e-07         409         389         373        18.904            0.007     18.934         18.934   18.939       18.937    0.086       0.082        11144729005519    2.9508250   29.1325530      100114      6   55424.363587200         523    18.847    21.644     27.606    2.250       2.530           0      131072            0            1    11144729 
   55424.373007200        18.889        0.048      1001142060002486    2.9508480   29.1325560   00h11m48.20s   29d07m57.20s      2               0    6.650536e-07         409         389         373        18.904            0.007     18.934         18.934   18.939       18.937    0.086       0.082        11144736005595    2.9508540   29.1325820      100114      6   55424.376097200         523    18.880    21.800     27.612    1.950       2.257           0      131072            0            1    11144736 
   55424.386287200        18.949        0.048      1001142060002486    2.9508480   29.1325560   00h11m48.20s   29d07m57.20s      2               0    6.650536e-07         409         389         373        18.904            0.007     18.934         18.934   18.939       18.937    0.086       0.082        11144739005570    2.9508060   29.1325690      100114      6   55424.389377200         523    18.949    21.770     27.617    2.050       2.206           0      131072            0            1    11144739 
   55424.413257200        19.013        0.047      1001142060002486    2.9508480   29.1325560   00h11m48.20s   29d07m57.20s      2               0    6.650536e-07         409         389         373        18.904            0.007     18.934         18.934   18.939       18.937    0.086       0.082        11144757005824    2.9507820   29.1325580      100114      6   55424.416347200         523    19.008    21.805     27.626    2.050       2.100           0      131072            0            1    11144757 
   55424.428257200        18.918        0.046      1001142060002486    2.9508480   29.1325560   00h11m48.20s   29d07m57.20s      2               0    6.650536e-07         409         389         373        18.904            0.007     18.934         18.934   18.939       18.937    0.086       0.082        11144756005817    2.9508140   29.1325430      100114      6   55424.431347200         523    18.918    21.761     27.629    2.150       2.389           0      131072            0            1    11144756 
   55424.440317200        18.950        0.047      1001142060002486    2.9508480   29.1325560   00h11m48.20s   29d07m57.20s      2               0    6.650536e-07         409         389         373        18.904            0.007     18.934         18.934   18.939       18.937    0.086       0.082        11144916005962    2.9508160   29.1325040      100114      6   55424.443407200         523    18.952    21.863     27.631    1.950       2.426           0      131072            0            1    11144916 
   55424.456717200        18.901        0.046      1001142060002486    2.9508480   29.1325560   00h11m48.20s   29d07m57.20s      2               0    6.650536e-07         409         389         373        18.904            0.007     18.934         18.934   18.939       18.937    0.086       0.082        11144849005787    2.9508170   29.1325310      100114      6   55424.459807200         523    18.904    21.652     27.632    2.350       2.619           0      131072            0            1    11144849 
   55424.469517200        18.935        0.047      1001142060002486    2.9508480   29.1325560   00h11m48.20s   29d07m57.20s      2               0    6.650536e-07         409         389         373        18.904            0.007     18.934         18.934   18.939       18.937    0.086       0.082        11144704005835    2.9508110   29.1325690      100114      6   55424.472607200         523    18.936    21.753     27.632    2.150       2.476           0      131072            0            1    11144704 
   55424.484247200        18.951        0.047      1001142060002486    2.9508480   29.1325560   00h11m48.20s   29d07m57.20s      2               0    6.650536e-07         409         389         373        18.904            0.007     18.934         18.934   18.939       18.937    0.086       0.082        11144794005778    2.9508130   29.1325620      100114      6   55424.487347200         523    18.955    21.790     27.631    2.050       2.273           0      131072            0            1    11144794 
   55424.496347200        18.895        0.046      1001142060002486    2.9508480   29.1325560   00h11m48.20s   29d07m57.20s      2               0    6.650536e-07         409         389         373        18.904            0.007     18.934         18.934   18.939       18.937    0.086       0.082        11144863005571    2.9508050   29.1325400      100114      6   55424.499437200         523    18.897    21.793     27.629    1.950       2.333           0      131072            0            1    11144863 
   55424.510947200        18.974        0.062      1001142060002486    2.9508480   29.1325560   00h11m48.20s   29d07m57.20s      2               0    6.650536e-07         409         389         373        18.904            0.007     18.934         18.934   18.939       18.937    0.086       0.082        11144852004114    2.9508020   29.1325340      100114      6   55424.514047200         523    18.981    20.941     27.627    2.150       2.199           0      131072            0            1    11144852 
   55425.307457200        18.898        0.050      1001142060002486    2.9508480   29.1325560   00h11m48.20s   29d07m57.20s      2               0    6.650536e-07         409         389         373        18.904            0.007     18.934         18.934   18.939       18.937    0.086       0.082        11141871005608    2.9507940   29.1325010      100114      6   55425.310607200         524    18.905    21.764     27.562    1.850       2.130           0      131072            0            1    11141871 
   55425.337167200        18.871        0.051      1001142060002486    2.9508480   29.1325560   00h11m48.20s   29d07m57.20s      2               0    6.650536e-07         409         389         373        18.904            0.007     18.934         18.934   18.939       18.937    0.086       0.082        11141949005550    2.9508340   29.1325570      100114      6   55425.340317200         524    18.886    21.827     27.589    1.850       2.077           0      131072            0            1    11141949 
   55425.350517200        18.911        0.051      1001142060002486    2.9508480   29.1325560   00h11m48.20s   29d07m57.20s      2               0    6.650536e-07         409         389         373        18.904            0.007     18.934         18.934   18.939       18.937    0.086       0.082        11141931005729    2.9507920   29.1325600      100114      6   55425.353677200         524    18.922    21.791     27.597    1.950       2.086           0      131072            0            1    11141931 
   55425.363627200        18.897        0.051      1001142060002486    2.9508480   29.1325560   00h11m48.20s   29d07m57.20s      2               0    6.650536e-07         409         389         373        18.904            0.007     18.934         18.934   18.939       18.937    0.086       0.082        11141741005803    2.9508210   29.1325110      100114      6   55425.366777200         524    18.908    21.864     27.603    1.850       2.143           0      131072            0            1    11141741 
   55425.376027200        18.955        0.051      1001142060002486    2.9508480   29.1325560   00h11m48.20s   29d07m57.20s      2               0    6.650536e-07         409         389         373        18.904            0.007     18.934         18.934   18.939       18.937    0.086       0.082        11141721005898    2.9508010   29.1325450      100114      6   55425.379187200         524    18.963    21.941     27.607    1.750       2.192           0      131072            0            1    11141721 
   55425.404397200        18.926        0.051      1001142060002486    2.9508480   29.1325560   00h11m48.20s   29d07m57.20s      2               0    6.650536e-07         409         389         373        18.904            0.007     18.934         18.934   18.939       18.937    0.086       0.082        11141784006021    2.9508130   29.1325100      100114      6   55425.407557200         524    18.928    21.953     27.611    1.750       1.973           0      131072            0            1    11141784 
   55425.418827200        18.945        0.051      1001142060002486    2.9508480   29.1325560   00h11m48.20s   29d07m57.20s      2               0    6.650536e-07         409         389         373        18.904            0.007     18.934         18.934   18.939       18.937    0.086       0.082        11141881005913    2.9508180   29.1325370      100114      6   55425.421987200         524    18.950    21.910     27.611    1.850       2.156           0      131072            0            1    11141881 
   55425.433137200        18.960        0.051      1001142060002486    2.9508480   29.1325560   00h11m48.20s   29d07m57.20s      2               0    6.650536e-07         409         389         373        18.904            0.007     18.934         18.934   18.939       18.937    0.086       0.082        11141759005970    2.9507920   29.1325160      100114      6   55425.436297200         524    18.968    21.967     27.609    1.750       2.161           0      131072            0            1    11141759 
   55425.447817200        18.904        0.052      1001142060002486    2.9508480   29.1325560   00h11m48.20s   29d07m57.20s      2               0    6.650536e-07         409         389         373        18.904            0.007     18.934         18.934   18.939       18.937    0.086       0.082        11141908005782    2.9508240   29.1325490      100114      6   55425.450977200         524    18.907    21.839     27.605    1.950       2.126           0      131072            0            1    11141908 
   55425.462417200        19.001        0.053      1001142060002486    2.9508480   29.1325560   00h11m48.20s   29d07m57.20s      2               0    6.650536e-07         409         389         373        18.904            0.007     18.934         18.934   18.939       18.937    0.086       0.082        11141844005661    2.9507970   29.1325090      100114      6   55425.465587200         524    18.993    21.780     27.599    2.050       2.266           0      131072            0            1    11141844 
   55425.474857200        18.986        0.059      1001142060002486    2.9508480   29.1325560   00h11m48.20s   29d07m57.20s      2               0    6.650536e-07         409         389         373        18.904            0.007     18.934         18.934   18.939       18.937    0.086       0.082        11141807004938    2.9508280   29.1325190      100114      6   55425.478027200         524    18.982    21.402     27.592    2.450       2.875           0      131072            0            1    11141807 
   55425.508007200        18.925        0.060      1001142060002486    2.9508480   29.1325560   00h11m48.20s   29d07m57.20s      2               0    6.650536e-07         409         389         373        18.904            0.007     18.934         18.934   18.939       18.937    0.086       0.082        11141907004468    2.9508210   29.1325110      100114      6   55425.511177200         524    18.902    21.178     27.567    1.850       2.694           0      131072            0            1    11141907 
   55426.298337200        19.025        0.084      1001142060002486    2.9508480   29.1325560   00h11m48.20s   29d07m57.20s      2               0    6.650536e-07         409         389         373        18.904            0.007     18.934         18.934   18.939       18.937    0.086       0.082        11198449004566    2.9508920   29.1325750      100114      6   55426.301557200         525    19.133    21.363     27.572    1.950       2.290           0      131072            0            1    11198449 
   55426.310667200        18.970        0.079      1001142060002486    2.9508480   29.1325560   00h11m48.20s   29d07m57.20s      2               0    6.650536e-07         409         389         373        18.904            0.007     18.934         18.934   18.939       18.937    0.086       0.082        11198465004871    2.9508420   29.1325840      100114      6   55426.313897200         525    19.004    21.440     27.586    2.150       2.664           0      131072            0            1    11198465 
   55426.323307200        18.844        0.077      1001142060002486    2.9508480   29.1325560   00h11m48.20s   29d07m57.20s      2               0    6.650536e-07         409         389         373        18.904            0.007     18.934         18.934   18.939       18.937    0.086       0.082        11198500005004    2.9508340   29.1325760      100114      6   55426.326537200         525    18.896    21.648     27.597    1.950       2.380           0      131072            0            1    11198500 
   55426.336037200        18.963        0.076      1001142060002486    2.9508480   29.1325560   00h11m48.20s   29d07m57.20s      2               0    6.650536e-07         409         389         373        18.904            0.007     18.934         18.934   18.939       18.937    0.086       0.082        11198463005752    2.9508200   29.1325230      100114      6   55426.339267200         525    18.934    21.828     27.606    1.850       2.172           0    12713984            0            1    11198463 
   55426.364347200        18.912        0.075      1001142060002486    2.9508480   29.1325560   00h11m48.20s   29d07m57.20s      2               0    6.650536e-07         409         389         373        18.904            0.007     18.934         18.934   18.939       18.937    0.086       0.082        11198510005610    2.9507820   29.1325200      100114      6   55426.367577200         525    18.890    21.765     27.617    2.050       2.312           0      131072            0            1    11198510 
   55426.378217200        18.934        0.076      1001142060002486    2.9508480   29.1325560   00h11m48.20s   29d07m57.20s      2               0    6.650536e-07         409         389         373        18.904            0.007     18.934         18.934   18.939       18.937    0.086       0.082        11198411005858    2.9507780   29.1325400      100114      6   55426.381447200         525    18.914    21.786     27.619    2.050       2.248           0      131072            0            1    11198411 
   55426.392757200        18.945        0.076      1001142060002486    2.9508480   29.1325560   00h11m48.20s   29d07m57.20s      2               0    6.650536e-07         409         389         373        18.904            0.007     18.934         18.934   18.939       18.937    0.086       0.082        11198443005849    2.9507950   29.1324660      100114      6   55426.395987200         525    18.922    21.837     27.620    1.950       2.286           0      131072            0            1    11198443 
   55426.406357200        18.992        0.075      1001142060002486    2.9508480   29.1325560   00h11m48.20s   29d07m57.20s      2               0    6.650536e-07         409         389         373        18.904            0.007     18.934         18.934   18.939       18.937    0.086       0.082        11198401006393    2.9507840   29.1325240      100114      6   55426.409587200         525    18.966    21.906     27.618    1.850       2.002           0      131072            0            1    11198401 
   55426.418877200        18.927        0.075      1001142060002486    2.9508480   29.1325560   00h11m48.20s   29d07m57.20s      2               0    6.650536e-07         409         389         373        18.904            0.007     18.934         18.934   18.939       18.937    0.086       0.082        11198404006187    2.9508130   29.1325410      100114      6   55426.422107200         525    18.902    21.847     27.616    1.950       2.322           0      131072            0            1    11198404 
   55426.430467200        18.975        0.077      1001142060002486    2.9508480   29.1325560   00h11m48.20s   29d07m57.20s      2               0    6.650536e-07         409         389         373        18.904            0.007     18.934         18.934   18.939       18.937    0.086       0.082        11198542005575    2.9507640   29.1324930      100114      6   55426.433697200         525    18.961    21.667     27.612    1.950       1.976           0      131072            0            1    11198542 
   55426.460817200        18.942        0.075      1001142060002486    2.9508480   29.1325560   00h11m48.20s   29d07m57.20s      2               0    6.650536e-07         409         389         373        18.904            0.007     18.934         18.934   18.939       18.937    0.086       0.082        11198420005982    2.9507930   29.1325460      100114      6   55426.464057200         525    18.899    21.878     27.595    1.850       2.067           0      131072            0            1    11198420 
   55426.473597200        18.982        0.081      1001142060002486    2.9508480   29.1325560   00h11m48.20s   29d07m57.20s      2               0    6.650536e-07         409         389         373        18.904            0.007     18.934         18.934   18.939       18.937    0.086       0.082        11198486004941    2.9508380   29.1325220      100114      6   55426.476837200         525    19.086    21.555     27.585    2.050       2.346           0      131072            0            1    11198486 
   55426.489177200        18.959        0.076      1001142060002486    2.9508480   29.1325560   00h11m48.20s   29d07m57.20s      2               0    6.650536e-07         409         389         373        18.904            0.007     18.934         18.934   18.939       18.937    0.086       0.082        11198427005672    2.9507980   29.1325530      100114      6   55426.492417200         525    18.897    21.687     27.571    2.050       2.265           0      131072            0            1    11198427 
   55428.291957200        18.930        0.051      1001142060002486    2.9508480   29.1325560   00h11m48.20s   29d07m57.20s      2               0    6.650536e-07         409         389         373        18.904            0.007     18.934         18.934   18.939       18.937    0.086       0.082        11194687004694    2.9508610   29.1325410      100114      6   55428.295317200         527    18.935    21.113     27.648    2.250       2.542           0      131072            0            1    11194687 
   55428.308157200        19.051        0.053      1001142060002486    2.9508480   29.1325560   00h11m48.20s   29d07m57.20s      2               0    6.650536e-07         409         389         373        18.904            0.007     18.934         18.934   18.939       18.937    0.086       0.082        11194616004850    2.9508730   29.1325710      100114      6   55428.311517200         527    19.059    21.311     27.657    1.950       2.447           0      131072            0            1    11194616 
   55428.321847200        18.774        0.046      1001142060002486    2.9508480   29.1325560   00h11m48.20s   29d07m57.20s      2               0    6.650536e-07         409         389         373        18.904            0.007     18.934         18.934   18.939       18.937    0.086       0.082        11194651004740    2.9508780   29.1325730      100114      6   55428.325207200         527    18.789    21.226     27.663    2.150       2.865           0      131072            0            1    11194651 
   55428.336167200        18.896        0.046      1001142060002486    2.9508480   29.1325560   00h11m48.20s   29d07m57.20s      2               0    6.650536e-07         409         389         373        18.904            0.007     18.934         18.934   18.939       18.937    0.086       0.082        11194587005106    2.9508920   29.1325580      100114      6   55428.339527200         527    18.907    21.426     27.669    1.850       2.573           0      131072            0            1    11194587 
   55428.349097200        18.986        0.049      1001142060002486    2.9508480   29.1325560   00h11m48.20s   29d07m57.20s      2               0    6.650536e-07         409         389         373        18.904            0.007     18.934         18.934   18.939       18.937    0.086       0.082        11194665004805    2.9508900   29.1325270      100114      6   55428.352457200         527    18.998    21.329     27.673    2.050       2.307           0      131072            0            1    11194665 
   55428.363187200        18.914        0.047      1001142060002486    2.9508480   29.1325560   00h11m48.20s   29d07m57.20s      2               0    6.650536e-07         409         389         373        18.904            0.007     18.934         18.934   18.939       18.937    0.086       0.082        11194549005248    2.9508320   29.1325120      100114      6   55428.366547200         527    18.924    21.491     27.676    1.850       2.311           0      131072            0            1    11194549 
   55428.389627200        18.955        0.044      1001142060002486    2.9508480   29.1325560   00h11m48.20s   29d07m57.20s      2               0    6.650536e-07         409         389         373        18.904            0.007     18.934         18.934   18.939       18.937    0.086       0.082        11194569005484    2.9507770   29.1325250      100114      6   55428.392997200         527    18.968    21.649     27.681    1.850       2.546           0      131072            0            1    11194569 
   55428.411677200        18.964        0.041      1001142060002486    2.9508480   29.1325560   00h11m48.20s   29d07m57.20s      2               0    6.650536e-07         409         389         373        18.904            0.007     18.934         18.934   18.939       18.937    0.086       0.082        11194550005772    2.9508070   29.1325330      100114      6   55428.415047200         527    18.975    21.800     27.682    1.950       2.336           0      131072            0            1    11194550 
   55428.426357200        18.891        0.039      1001142060002486    2.9508480   29.1325560   00h11m48.20s   29d07m57.20s      2               0    6.650536e-07         409         389         373        18.904            0.007     18.934         18.934   18.939       18.937    0.086       0.082        11194633005759    2.9508000   29.1324880      100114      6   55428.429717200         527    18.901    21.756     27.682    2.050       2.395           0      131072            0            1    11194633 
   55428.439377200        18.984        0.042      1001142060002486    2.9508480   29.1325560   00h11m48.20s   29d07m57.20s      2               0    6.650536e-07         409         389         373        18.904            0.007     18.934         18.934   18.939       18.937    0.086       0.082        11194508005967    2.9507890   29.1325230      100114      6   55428.442737200         527    18.994    21.870     27.682    1.850       2.033           0      131072            0            1    11194508 
   55428.453277200        18.936        0.041      1001142060002486    2.9508480   29.1325560   00h11m48.20s   29d07m57.20s      2               0    6.650536e-07         409         389         373        18.904            0.007     18.934         18.934   18.939       18.937    0.086       0.082        11194522005789    2.9508250   29.1325440      100114      6   55428.456647200         527    18.945    21.744     27.681    2.050       2.396           0      131072            0            1    11194522 
   55428.465197200        18.920        0.040      1001142060002486    2.9508480   29.1325560   00h11m48.20s   29d07m57.20s      2               0    6.650536e-07         409         389         373        18.904            0.007     18.934         18.934   18.939       18.937    0.086       0.082        11194476005703    2.9508020   29.1325630      100114      6   55428.468567200         527    18.932    21.784     27.679    1.950       2.422           0      131072            0            1    11194476 
   55428.478057200        18.864        0.042      1001142060002486    2.9508480   29.1325560   00h11m48.20s   29d07m57.20s      2               0    6.650536e-07         409         389         373        18.904            0.007     18.934         18.934   18.939       18.937    0.086       0.082        11194525005587    2.9508190   29.1325030      100114      6   55428.481427200         527    18.875    21.705     27.677    2.050       2.382           0      131072            0            1    11194525 
   55428.491407200        18.942        0.046      1001142060002486    2.9508480   29.1325560   00h11m48.20s   29d07m57.20s      2               0    6.650536e-07         409         389         373        18.904            0.007     18.934         18.934   18.939       18.937    0.086       0.082        11194711005416    2.9508270   29.1325190      100114      6   55428.494777200         527    18.951    21.549     27.674    2.050       2.501           0      131072            0            1    11194711 
   55428.510497200        18.945        0.060      1001142060002486    2.9508480   29.1325560   00h11m48.20s   29d07m57.20s      2               0    6.650536e-07         409         389         373        18.904            0.007     18.934         18.934   18.939       18.937    0.086       0.082        11194520003997    2.9507980   29.1325650      100114      6   55428.513867200         527    18.950    20.897     27.668    2.150       2.918           0      131072            0            1    11194520 
   55429.289977200        19.010        0.055      1001142060002486    2.9508480   29.1325560   00h11m48.20s   29d07m57.20s      2               0    6.650536e-07         409         389         373        18.904            0.007     18.934         18.934   18.939       18.937    0.086       0.082        11192972004455    2.9508760   29.1325730      100114      6   55429.293397200         528    19.014    21.039     27.643    2.150       2.142           0      131072            0            1    11192972 
   55429.303857200        18.930        0.060      1001142060002486    2.9508480   29.1325560   00h11m48.20s   29d07m57.20s      2               0    6.650536e-07         409         389         373        18.904            0.007     18.934         18.934   18.939       18.937    0.086       0.082        11192909004629    2.9508120   29.1325070      100114      6   55429.307277200         528    18.939    21.175     27.651    1.950       2.292           0      131072            0            1    11192909 
   55429.325947200        19.028        0.058      1001142060002486    2.9508480   29.1325560   00h11m48.20s   29d07m57.20s      2               0    6.650536e-07         409         389         373        18.904            0.007     18.934         18.934   18.939       18.937    0.086       0.082        11192969004493    2.9508100   29.1325540      100114      6   55429.329377200         528    19.033    20.817     27.660    2.850       2.955           0      131072            0            1    11192969 
   55429.338257200        18.901        0.054      1001142060002486    2.9508480   29.1325560   00h11m48.20s   29d07m57.20s      2               0    6.650536e-07         409         389         373        18.904            0.007     18.934         18.934   18.939       18.937    0.086       0.082        11192989004736    2.9508560   29.1325200      100114      6   55429.341677200         528    18.908    21.313     27.664    1.850       2.250           0      131072            0            1    11192989 
   55429.350427200        18.755        0.049      1001142060002486    2.9508480   29.1325560   00h11m48.20s   29d07m57.20s      2               0    6.650536e-07         409         389         373        18.904            0.007     18.934         18.934   18.939       18.937    0.086       0.082        11192990004836    2.9508060   29.1325110      100114      6   55429.353857200         528    18.759    21.343     27.667    1.850       2.212           0      131072            0            1    11192990 
   55429.363447200        18.928        0.053      1001142060002486    2.9508480   29.1325560   00h11m48.20s   29d07m57.20s      2               0    6.650536e-07         409         389         373        18.904            0.007     18.934         18.934   18.939       18.937    0.086       0.082        11193077004766    2.9508490   29.1325420      100114      6   55429.366877200         528    18.931    21.308     27.669    1.950       2.225           0      131072            0            1    11193077 
   55429.378167200        19.078        0.052      1001142060002486    2.9508480   29.1325560   00h11m48.20s   29d07m57.20s      2               0    6.650536e-07         409         389         373        18.904            0.007     18.934         18.934   18.939       18.937    0.086       0.082        11192950005042    2.9508390   29.1325010      100114      6   55429.381597200         528    19.081    21.391     27.672    1.850       2.166           0      131072            0            1    11192950 
   55429.392507200        18.897        0.045      1001142060002486    2.9508480   29.1325560   00h11m48.20s   29d07m57.20s      2               0    6.650536e-07         409         389         373        18.904            0.007     18.934         18.934   18.939       18.937    0.086       0.082        11192927005119    2.9507960   29.1325010      100114      6   55429.395937200         528    18.900    21.370     27.673    1.950       2.029           0      131072            0            1    11192927 
   55429.407947200        18.940        0.049      1001142060002486    2.9508480   29.1325560   00h11m48.20s   29d07m57.20s      2               0    6.650536e-07         409         389         373        18.904            0.007     18.934         18.934   18.939       18.937    0.086       0.082        11193021005113    2.9507840   29.1324940      100114      6   55429.411377200         528    18.942    21.410     27.673    1.950       2.146           0      131072            0            1    11193021 
   55429.422387200        18.865        0.045      1001142060002486    2.9508480   29.1325560   00h11m48.20s   29d07m57.20s      2               0    6.650536e-07         409         389         373        18.904            0.007     18.934         18.934   18.939       18.937    0.086       0.082        11193084005098    2.9508080   29.1325170      100114      6   55429.425817200         528    18.869    21.511     27.673    1.950       2.188           0      131072            0            1    11193084 
   55429.434587200        18.913        0.044      1001142060002486    2.9508480   29.1325560   00h11m48.20s   29d07m57.20s      2               0    6.650536e-07         409         389         373        18.904            0.007     18.934         18.934   18.939       18.937    0.086       0.082        11192920005481    2.9507780   29.1324830      100114      6   55429.438017200         528    18.918    21.599     27.673    2.050       2.410           0      131072            0            1    11192920 
   55429.447877200        19.013        0.042      1001142060002486    2.9508480   29.1325560   00h11m48.20s   29d07m57.20s      2               0    6.650536e-07         409         389         373        18.904            0.007     18.934         18.934   18.939       18.937    0.086       0.082        11193089006048    2.9507690   29.1325080      100114      6   55429.451317200         528    19.018    21.814     27.671    1.950       2.254           0      131072            0            1    11193089 
   55429.481797200        18.839        0.045      1001142060002486    2.9508480   29.1325560   00h11m48.20s   29d07m57.20s      2               0    6.650536e-07         409         389         373        18.904            0.007     18.934         18.934   18.939       18.937    0.086       0.082        11192958005330    2.9508210   29.1325290      100114      6   55429.485227200         528    18.842    21.467     27.665    2.350       2.927           0      131072            0            1    11192958 
   55429.496887200        18.950        0.042      1001142060002486    2.9508480   29.1325560   00h11m48.20s   29d07m57.20s      2               0    6.650536e-07         409         389         373        18.904            0.007     18.934         18.934   18.939       18.937    0.086       0.082        11193044005655    2.9507680   29.1325290      100114      6   55429.500327200         528    18.954    21.703     27.661    2.050       2.202           0      131072            0            1    11193044 
   55534.157547200        18.852        0.332      1001142060002486    2.9508480   29.1325560   00h11m48.20s   29d07m57.20s      2               0    6.650536e-07         409         389         373        18.904            0.007     18.934         18.934   18.939       18.937    0.086       0.082        10652245004361    2.9508510   29.1325660      100114      6   55534.160537200         634    18.975    21.279     27.412    1.950       2.407           0      131072            0            1    10652245 
   55535.281217200        18.872        0.196      1001142060002486    2.9508480   29.1325560   00h11m48.20s   29d07m57.20s      2               0    6.650536e-07         409         389         373        18.904            0.007     18.934         18.934   18.939       18.937    0.086       0.082        10697390004974    2.9508470   29.1325390      100114      6   55535.284127200         635    18.959    21.398     27.722    2.250       2.474           0      131072            0            1    10697390 
   55541.099387200        19.023        0.148      1001142060002486    2.9508480   29.1325560   00h11m48.20s   29d07m57.20s      2               0    6.650536e-07         409         389         373        18.904            0.007     18.934         18.934   18.939       18.937    0.086       0.082        10678008005003    2.9508550   29.1325280      100114      6   55541.101837200         641    19.030    21.349     27.678    2.350       2.752           0      131072            0            1    10678008 
   55541.143167200        19.062        0.175      1001142060002486    2.9508480   29.1325560   00h11m48.20s   29d07m57.20s      2               0    6.650536e-07         409         389         373        18.904            0.007     18.934         18.934   18.939       18.937    0.086       0.082        10678401002905    2.9507890   29.1325340      100114      6   55541.145617200         641    19.761    21.014     27.737    2.150       6.610           0      131072            0            1    10678401 
   55542.139567200        19.042        0.124      1001142060002486    2.9508480   29.1325560   00h11m48.20s   29d07m57.20s      2               0    6.650536e-07         409         389         373        18.904            0.007     18.934         18.934   18.939       18.937    0.086       0.082        13776431003168    2.9508440   29.1325370      100114      6   55542.141937200         642    19.041    20.383     27.526    3.650       5.113           0      131073            0            1    13776431 
   55558.213927200        18.921        0.061      1001142060002486    2.9508480   29.1325560   00h11m48.20s   29d07m57.20s      2               0    6.650536e-07         409         389         373        18.904            0.007     18.934         18.934   18.939       18.937    0.086       0.082        10709511004734    2.9508590   29.1325500      100114      6   55558.214887200         655    18.913    21.273     27.618    2.150       2.705           0      131072            0            1    10709511 
   55558.271377200        19.032        0.068      1001142060002486    2.9508480   29.1325560   00h11m48.20s   29d07m57.20s      2               0    6.650536e-07         409         389         373        18.904            0.007     18.934         18.934   18.939       18.937    0.086       0.082        10709512004275    2.9508410   29.1325540      100114      6   55558.272337200         655    19.039    20.853     27.578    2.350       3.416           0      131072            0            1    10709512 
   55576.094157200        18.708        0.169      1001142060002486    2.9508480   29.1325560   00h11m48.20s   29d07m57.20s      2               0    6.650536e-07         409         389         373        18.904            0.007     18.934         18.934   18.939       18.937    0.086       0.082        12841904002093    2.9507690   29.1325800      100114      6   55576.093467200         674    18.495    19.438     27.191    3.750       6.227           0      131073            0            1    12841904 
   55577.102247200        18.952        0.116      1001142060002486    2.9508480   29.1325560   00h11m48.20s   29d07m57.20s      2               0    6.650536e-07         409         389         373        18.904            0.007     18.934         18.934   18.939       18.937    0.086       0.082         9789652002880    2.9508410   29.1324800      100114      6   55577.101467200         675    19.000    20.358     27.529    2.450       3.385           0      131072            0            1     9789652 
   55577.146087200        19.176        0.109      1001142060002486    2.9508480   29.1325560   00h11m48.20s   29d07m57.20s      2               0    6.650536e-07         409         389         373        18.904            0.007     18.934         18.934   18.939       18.937    0.086       0.082         9789569002748    2.9508390   29.1324760      100114      6   55577.145307200         675    19.130    20.137     27.470    2.850       3.244           0      131072            0            1     9789569 
   55579.112827200        18.946        0.069      1001142060002486    2.9508480   29.1325560   00h11m48.20s   29d07m57.20s      2               0    6.650536e-07         409         389         373        18.904            0.007     18.934         18.934   18.939       18.937    0.086       0.082         9782441003647    2.9508410   29.1325380      100114      6   55579.111867200         678    18.949    20.749     27.657    2.350       2.891           0      131072            0            1     9782441 
   55579.156017200        19.008        0.068      1001142060002486    2.9508480   29.1325560   00h11m48.20s   29d07m57.20s      2               0    6.650536e-07         409         389         373        18.904            0.007     18.934         18.934   18.939       18.937    0.086       0.082         9782278003503    2.9507820   29.1325300      100114      6   55579.155057200         678    19.016    20.710     27.639    2.150       2.913           0      131072            0            1     9782278 
   55584.132047200        18.993        0.055      1001142060002486    2.9508480   29.1325560   00h11m48.20s   29d07m57.20s      2               0    6.650536e-07         409         389         373        18.904            0.007     18.934         18.934   18.939       18.937    0.086       0.082         9808957004911    2.9508620   29.1325520      100114      6   55584.130637200         683    18.999    21.294     27.641    2.250       2.432           0      131072            0            1     9808957 
   55585.136547200        19.041        0.058      1001142060002486    2.9508480   29.1325560   00h11m48.20s   29d07m57.20s      2               0    6.650536e-07         409         389         373        18.904            0.007     18.934         18.934   18.939       18.937    0.086       0.082         9806324004094    2.9508380   29.1325240      100114      6   55585.135047200         684    19.020    20.857     27.606    3.050       3.610           0      131072            0            1     9806324 
   55779.256517200        18.872        0.064      1001142060002486    2.9508480   29.1325560   00h11m48.20s   29d07m57.20s      2               0    6.650536e-07         409         389         373        18.904            0.007     18.934         18.934   18.939       18.937    0.086       0.082        10316383004277    2.9508850   29.1326010      100114      6   55779.258837200         877    18.851    20.928     27.480    2.450       3.112           0      131072            0            1    10316383 
   55779.299377200        18.897        0.049      1001142060002486    2.9508480   29.1325560   00h11m48.20s   29d07m57.20s      2               0    6.650536e-07         409         389         373        18.904            0.007     18.934         18.934   18.939       18.937    0.086       0.082        10316555005274    2.9508340   29.1325730      100114      6   55779.301697200         877    18.888    21.540     27.537    1.950       2.456           0      131072            0            1    10316555 
   55780.252137200        18.815        0.066      1001142060002486    2.9508480   29.1325560   00h11m48.20s   29d07m57.20s      2               0    6.650536e-07         409         389         373        18.904            0.007     18.934         18.934   18.939       18.937    0.086       0.082        10350625004421    2.9508910   29.1325250      100114      6   55780.254537200         878    18.803    20.944     27.488    2.150       2.949           0      131072            0            1    10350625 
   55780.296807200        18.906        0.050      1001142060002486    2.9508480   29.1325560   00h11m48.20s   29d07m57.20s      2               0    6.650536e-07         409         389         373        18.904            0.007     18.934         18.934   18.939       18.937    0.086       0.082        10350740004856    2.9508320   29.1325530      100114      6   55780.299207200         878    18.905    21.337     27.542    2.150       2.425           0      131072            0            1    10350740 
   55782.250877200        18.811        0.079      1001142060002486    2.9508480   29.1325560   00h11m48.20s   29d07m57.20s      2               0    6.650536e-07         409         389         373        18.904            0.007     18.934         18.934   18.939       18.937    0.086       0.082        10353420003627    2.9508990   29.1325170      100114      6   55782.253427200         880    18.810    20.528     27.482    2.650       4.040           0      131072            0            1    10353420 
   55782.303637200        19.057        0.060      1001142060002486    2.9508480   29.1325560   00h11m48.20s   29d07m57.20s      2               0    6.650536e-07         409         389         373        18.904            0.007     18.934         18.934   18.939       18.937    0.086       0.082        10353354004342    2.9508480   29.1325540      100114      6   55782.306187200         880    19.067    20.897     27.546    2.450       3.846           0      131072            0            1    10353354 
   55783.257337200        18.787        0.093      1001142060002486    2.9508480   29.1325560   00h11m48.20s   29d07m57.20s      2               0    6.650536e-07         409         389         373        18.904            0.007     18.934         18.934   18.939       18.937    0.086       0.082        10358010003075    2.9508810   29.1325210      100114      6   55783.259957200         881    18.771    20.112     27.482    3.850       4.608           0      131072            0            1    10358010 
   55783.300977200        18.814        0.063      1001142060002486    2.9508480   29.1325560   00h11m48.20s   29d07m57.20s      2               0    6.650536e-07         409         389         373        18.904            0.007     18.934         18.934   18.939       18.937    0.086       0.082        10357986003737    2.9508410   29.1325510      100114      6   55783.303597200         881    18.810    20.520     27.533    3.150       4.606           0      131072            0            1    10357986 
   55793.206157200        19.033        0.059      1001142060002486    2.9508480   29.1325560   00h11m48.20s   29d07m57.20s      2               0    6.650536e-07         409         389         373        18.904            0.007     18.934         18.934   18.939       18.937    0.086       0.082        10377768004626    2.9508040   29.1325020      100114      6   55793.209487200         891    19.022    21.095     27.463    2.450       2.731           0      131072            0            1    10377768 
   55793.250257200        19.098        0.065      1001142060002486    2.9508480   29.1325560   00h11m48.20s   29d07m57.20s      2               0    6.650536e-07         409         389         373        18.904            0.007     18.934         18.934   18.939       18.937    0.086       0.082        10377837004052    2.9507940   29.1325350      100114      6   55793.253587200         891    19.093    20.830     27.529    2.250       2.383           0      131072            0            1    10377837 
   55794.261357200        18.888        0.076      1001142060002486    2.9508480   29.1325560   00h11m48.20s   29d07m57.20s      2               0    6.650536e-07         409         389         373        18.904            0.007     18.934         18.934   18.939       18.937    0.086       0.082        10379376004890    2.9508580   29.1325750      100114      6   55794.264757200         892    18.851    21.243     27.512    2.150       2.632           0      131072            0            1    10379376 
   55809.166937200        18.945        0.109      1001142060002486    2.9508480   29.1325560   00h11m48.20s   29d07m57.20s      2               0    6.650536e-07         409         389         373        18.904            0.007     18.934         18.934   18.939       18.937    0.086       0.082        10480861003220    2.9508530   29.1325270      100114      6   55809.171207200         907    18.972    20.290     27.306    3.050       4.119           0      131072            0            1    10480861 
   55821.413337200        19.024        0.080      1001142060002486    2.9508480   29.1325560   00h11m48.20s   29d07m57.20s      2               0    6.650536e-07         409         389         373        18.904            0.007     18.934         18.934   18.939       18.937    0.086       0.082        10510181003488    2.9507960   29.1325610      100114      6   55821.418127200         919    19.023    20.579     27.549    2.350       2.834           0      131072            0            1    10510181 
   55821.457057200        18.923        0.083      1001142060002486    2.9508480   29.1325560   00h11m48.20s   29d07m57.20s      2               0    6.650536e-07         409         389         373        18.904            0.007     18.934         18.934   18.939       18.937    0.086       0.082        10510059003242    2.9508470   29.1325500      100114      6   55821.461857200         919    18.918    20.477     27.539    2.450       3.576           0      131072            0            1    10510059 
   55822.363587200        19.013        0.063      1001142060002486    2.9508480   29.1325560   00h11m48.20s   29d07m57.20s      2               0    6.650536e-07         409         389         373        18.904            0.007     18.934         18.934   18.939       18.937    0.086       0.082        10515122004013    2.9508610   29.1325460      100114      6   55822.368417200         920    19.020    20.751     27.546    2.650       2.874           0      131072            0            1    10515122 
   55822.406567200        18.878        0.065      1001142060002486    2.9508480   29.1325560   00h11m48.20s   29d07m57.20s      2               0    6.650536e-07         409         389         373        18.904            0.007     18.934         18.934   18.939       18.937    0.086       0.082        10515141003893    2.9508520   29.1325790      100114      6   55822.411387200         920    18.883    20.969     27.545    2.050       2.353           0      131072            0            1    10515141 
   55838.116477200        19.022        0.068      1001142060002486    2.9508480   29.1325560   00h11m48.20s   29d07m57.20s      2               0    6.650536e-07         409         389         373        18.904            0.007     18.934         18.934   18.939       18.937    0.086       0.082        10569624003942    2.9508980   29.1325880      100114      6   55838.121647200         936    19.014    20.739     27.436    2.450       2.930           0      131072            0            1    10569624 
   56203.138757200        18.773        0.068      1001142060002486    2.9508480   29.1325560   00h11m48.20s   29d07m57.20s      2               0    6.650536e-07         409         389         373        18.904            0.007     18.934         18.934   18.939       18.937    0.086       0.082        14294120003652    2.9508400   29.1325600      100114      6   56203.143927200        1300    18.789    20.711     27.651    2.150       3.438           0      131072            0            1    14294120 
   56203.167877200        18.975        0.068      1001142060002486    2.9508480   29.1325560   00h11m48.20s   29d07m57.20s      2               0    6.650536e-07         409         389         373        18.904            0.007     18.934         18.934   18.939       18.937    0.086       0.082        14294148003867    2.9508340   29.1325910      100114      6   56203.173047200        1300    18.980    20.789     27.676    1.950       2.649           0      131072            0            1    14294148 
   56537.326577200        18.932        0.041      1001142060002486    2.9508480   29.1325560   00h11m48.20s   29d07m57.20s      2               0    6.650536e-07         409         389         373        18.904            0.007     18.934         18.934   18.939       18.937    0.086       0.082        18124330005801    2.9508790   29.1325450      100114      6   56537.330727200        1611    18.937    21.843     27.606    1.850       2.093           0      131072            0            1    18124330 
   56537.518877200        19.008        0.061      1001142060002486    2.9508480   29.1325560   00h11m48.20s   29d07m57.20s      2               0    6.650536e-07         409         389         373        18.904            0.007     18.934         18.934   18.939       18.937    0.086       0.082        18124487004258    2.9509040   29.1325610      100114      6   56537.523037200        1611    19.019    21.118     27.582    1.850       2.246           0      131072            0            1    18124487 
   56545.226097200        18.945        0.077      1001142060002486    2.9508480   29.1325560   00h11m48.20s   29d07m57.20s      2               0    6.650536e-07         409         389         373        18.904            0.007     18.934         18.934   18.939       18.937    0.086       0.082        18261747004877    2.9508780   29.1325530      100114      6   56545.230637200        1619    18.808    21.274     27.307    2.050       2.414           0      131072            0            1    18261747 
   56600.264077200        18.899        0.055      1001142060002486    2.9508480   29.1325560   00h11m48.20s   29d07m57.20s      2               0    6.650536e-07         409         389         373        18.904            0.007     18.934         18.934   18.939       18.937    0.086       0.082        18183309005403    2.9508930   29.1325470      100114      6   56600.268797200        1674    18.894    21.610     27.635    2.150       2.335           0      131072            0            1    18183309 
   56600.387007200        19.175        0.122      1001142060002486    2.9508480   29.1325560   00h11m48.20s   29d07m57.20s      2               0    6.650536e-07         409         389         373        18.904            0.007     18.934         18.934   18.939       18.937    0.086       0.082        18183411002281    2.9509970   29.1324170      100114      6   56600.391717200        1674    20.025    20.625     27.521    3.350       4.394           0      131072            0            1    18183411 
   56606.100207200        19.130        0.386      1001142060002486    2.9508480   29.1325560   00h11m48.20s   29d07m57.20s      2               0    6.650536e-07         409         389         373        18.904            0.007     18.934         18.934   18.939       18.937    0.086       0.082        18296938003110    2.9508700   29.1325420      100114      6   56606.104677200        1680    19.109    20.316     27.188    2.250       3.036           0      131072            0            1    18296938 
   56606.160287200        19.091        0.402      1001142060002486    2.9508480   29.1325560   00h11m48.20s   29d07m57.20s      2               0    6.650536e-07         409         389         373        18.904            0.007     18.934         18.934   18.939       18.937    0.086       0.082        18296981002804    2.9508740   29.1325290      100114      6   56606.164757200        1680    19.369    20.496     27.340    2.050       2.602           0      131072            0            1    18296981 
   56606.185397200        18.956        0.377      1001142060002486    2.9508480   29.1325560   00h11m48.20s   29d07m57.20s      2               0    6.650536e-07         409         389         373        18.904            0.007     18.934         18.934   18.939       18.937    0.086       0.082        18297010004911    2.9509000   29.1325460      100114      6   56606.189857200        1680    18.576    20.900     27.238    2.150       2.484           0      131072            0            1    18297010 
