   55059.431477200        17.567        0.027      1001142060002556    2.9844860   29.1420170   00h11m56.28s   29d08m31.26s      2               0    5.969094e-07         445         444         422        17.535            0.005     17.548         17.548   17.553       17.550    0.035       0.024        11898981006113    2.9844200   29.1419970      100114      6   55059.434587200         173    17.566    21.471     27.277    2.350       2.404           0      131072            0            1    11898981 
   55059.454527200        17.562        0.027      1001142060002556    2.9844860   29.1420170   00h11m56.28s   29d08m31.26s      2               0    5.969094e-07         445         444         422        17.535            0.005     17.548         17.548   17.553       17.550    0.035       0.024        11899087006204    2.9844370   29.1419980      100114      6   55059.457637200         173    17.558    21.484     27.274    2.350       2.478           0      131072            0            1    11899087 
   55061.424747200        17.561        0.027      1001142060002556    2.9844860   29.1420170   00h11m56.28s   29d08m31.26s      2               0    5.969094e-07         445         444         422        17.535            0.005     17.548         17.548   17.553       17.550    0.035       0.024        11894878006206    2.9844230   29.1419890      100114      6   55061.427997200         175    17.552    21.590     27.250    2.350       2.440           0      131072            0            1    11894878 
   55061.462657200        17.600        0.027      1001142060002556    2.9844860   29.1420170   00h11m56.28s   29d08m31.26s      2               0    5.969094e-07         445         444         422        17.535            0.005     17.548         17.548   17.553       17.550    0.035       0.024        11894740006333    2.9844200   29.1419740      100114      6   55061.465917200         175    17.579    21.695     27.239    2.150       2.303           0      131072            0            1    11894740 
   55063.441527200        17.538        0.027      1001142060002556    2.9844860   29.1420170   00h11m56.28s   29d08m31.26s      2               0    5.969094e-07         445         444         422        17.535            0.005     17.548         17.548   17.553       17.550    0.035       0.024        11890493006598    2.9843920   29.1419440      100114      6   55063.444907200         177    17.534    21.697     27.227    2.150       2.393           0      131072            0            1    11890493 
   55063.486237200        17.562        0.027      1001142060002556    2.9844860   29.1420170   00h11m56.28s   29d08m31.26s      2               0    5.969094e-07         445         444         422        17.535            0.005     17.548         17.548   17.553       17.550    0.035       0.024        11890517006218    2.9843950   29.1419460      100114      6   55063.489627200         177    17.573    21.727     27.224    2.050       2.172           0      131072            0            1    11890517 
   55066.424917200        17.579        0.030      1001142060002556    2.9844860   29.1420170   00h11m56.28s   29d08m31.26s      2               0    5.969094e-07         445         444         422        17.535            0.005     17.548         17.548   17.553       17.550    0.035       0.024        11884710006172    2.9844070   29.1420110      100114      6   55066.428497200         180    17.574    21.568     27.205    2.150       2.290           0      131072            0            1    11884710 
   55066.469697200        17.553        0.030      1001142060002556    2.9844860   29.1420170   00h11m56.28s   29d08m31.26s      2               0    5.969094e-07         445         444         422        17.535            0.005     17.548         17.548   17.553       17.550    0.035       0.024        11884677006416    2.9844080   29.1419830      100114      6   55066.473277200         180    17.541    21.681     27.208    1.950       2.044           0      131072            0            1    11884677 
   55069.414127200        17.531        0.025      1001142060002556    2.9844860   29.1420170   00h11m56.28s   29d08m31.26s      2               0    5.969094e-07         445         444         422        17.535            0.005     17.548         17.548   17.553       17.550    0.035       0.024        11880809005710    2.9843760   29.1419610      100114      6   55069.417897200         183    17.529    21.568     27.266    2.050       2.452           0      131072            0            1    11880809 
   55069.459987200        17.546        0.026      1001142060002556    2.9844860   29.1420170   00h11m56.28s   29d08m31.26s      2               0    5.969094e-07         445         444         422        17.535            0.005     17.548         17.548   17.553       17.550    0.035       0.024        11880766005511    2.9843770   29.1419610      100114      6   55069.463757200         183    17.551    21.404     27.267    2.350       2.494           0      131072            0            1    11880766 
   55084.358307200        17.547        0.029      1001142060002556    2.9844860   29.1420170   00h11m56.28s   29d08m31.26s      2               0    5.969094e-07         445         444         422        17.535            0.005     17.548         17.548   17.553       17.550    0.035       0.024        11839089004789    2.9844000   29.1419790      100114      6   55084.362847200         196    17.550    20.971     27.268    2.050       2.103           0      131072            0            1    11839089 
   55084.403037200        17.643        0.040      1001142060002556    2.9844860   29.1420170   00h11m56.28s   29d08m31.26s      2               0    5.969094e-07         445         444         422        17.535            0.005     17.548         17.548   17.553       17.550    0.035       0.024        11839119002479    2.9844070   29.1419510      100114      6   55084.407577200         196    17.633    19.710     27.264    6.450       6.331           0      131072            0            1    11839119 
   55089.350597200        17.567        0.026      1001142060002556    2.9844860   29.1420170   00h11m56.28s   29d08m31.26s      2               0    5.969094e-07         445         444         422        17.535            0.005     17.548         17.548   17.553       17.550    0.035       0.024        11854279005492    2.9844250   29.1419950      100114      6   55089.355347200         201    17.559    21.243     27.256    2.750       2.866           0      131072            0            1    11854279 
   55089.394887200        17.571        0.026      1001142060002556    2.9844860   29.1420170   00h11m56.28s   29d08m31.26s      2               0    5.969094e-07         445         444         422        17.535            0.005     17.548         17.548   17.553       17.550    0.035       0.024        11854251005696    2.9844150   29.1420000      100114      6   55089.399627200         201    17.571    21.536     27.274    2.150       2.308           0      131072            0            1    11854251 
   55093.335147200        17.562        0.025      1001142060002556    2.9844860   29.1420170   00h11m56.28s   29d08m31.26s      2               0    5.969094e-07         445         444         422        17.535            0.005     17.548         17.548   17.553       17.550    0.035       0.024        11854138006275    2.9843950   29.1419790      100114      6   55093.340027200         205    17.564    21.509     27.228    2.150       2.105           0      131072            0            1    11854138 
   55093.379747200        17.562        0.025      1001142060002556    2.9844860   29.1420170   00h11m56.28s   29d08m31.26s      2               0    5.969094e-07         445         444         422        17.535            0.005     17.548         17.548   17.553       17.550    0.035       0.024        11854093006375    2.9843850   29.1419480      100114      6   55093.384617200         205    17.569    21.605     27.235    2.050       2.199           0      131072            0            1    11854093 
   55095.329827200        17.557        0.025      1001142060002556    2.9844860   29.1420170   00h11m56.28s   29d08m31.26s      2               0    5.969094e-07         445         444         422        17.535            0.005     17.548         17.548   17.553       17.550    0.035       0.024        11932331006098    2.9844600   29.1420150      100114      6   55095.334757200         207    17.561    21.453     27.267    2.350       2.404           0      131072            0            1    11932331 
   55095.374507200        17.536        0.025      1001142060002556    2.9844860   29.1420170   00h11m56.28s   29d08m31.26s      2               0    5.969094e-07         445         444         422        17.535            0.005     17.548         17.548   17.553       17.550    0.035       0.024        11932347005381    2.9844470   29.1420120      100114      6   55095.379437200         207    17.542    21.473     27.262    2.350       2.619           0      131072            0            1    11932347 
   55114.378347200        17.523        0.125      1001142060002556    2.9844860   29.1420170   00h11m56.28s   29d08m31.26s      2               0    5.969094e-07         445         444         422        17.535            0.005     17.548         17.548   17.553       17.550    0.035       0.024        11806483005383    2.9844260   29.1419920      100114      6   55114.383547200         223    17.394    21.058     27.608    2.450       2.547           0      131072            0            1    11806483 
   55114.422287200        17.592        0.134      1001142060002556    2.9844860   29.1420170   00h11m56.28s   29d08m31.26s      2               0    5.969094e-07         445         444         422        17.535            0.005     17.548         17.548   17.553       17.550    0.035       0.024        11806409002250    2.9844340   29.1420290      100114      6   55114.427497200         223    18.272    20.299     27.408    2.350       2.672           0      131072            0            1    11806409 
   55119.413187200        17.565        0.030      1001142060002556    2.9844860   29.1420170   00h11m56.28s   29d08m31.26s      2               0    5.969094e-07         445         444         422        17.535            0.005     17.548         17.548   17.553       17.550    0.035       0.024        11838687005092    2.9844690   29.1420070      100114      6   55119.418367200         228    17.582    21.301     27.723    2.350       2.639           0      131072            0            1    11838687 
   55119.476747200        17.545        0.033      1001142060002556    2.9844860   29.1420170   00h11m56.28s   29d08m31.26s      2               0    5.969094e-07         445         444         422        17.535            0.005     17.548         17.548   17.553       17.550    0.035       0.024        11838673004059    2.9844770   29.1420080      100114      6   55119.481927200         228    17.553    20.801     27.639    2.950       3.124           0      131072            0            1    11838673 
   55123.287437200        17.553        0.028      1001142060002556    2.9844860   29.1420170   00h11m56.28s   29d08m31.26s      2               0    5.969094e-07         445         444         422        17.535            0.005     17.548         17.548   17.553       17.550    0.035       0.024        11812963005659    2.9844710   29.1420000      100114      6   55123.292577200         232    17.564    21.571     27.750    2.350       2.697           0      131072            0            1    11812963 
   55123.336467200        17.564        0.029      1001142060002556    2.9844860   29.1420170   00h11m56.28s   29d08m31.26s      2               0    5.969094e-07         445         444         422        17.535            0.005     17.548         17.548   17.553       17.550    0.035       0.024        11812935005720    2.9844530   29.1420220      100114      6   55123.341607200         232    17.571    21.513     27.741    2.350       2.607           0      131072            0            1    11812935 
   55138.211887200        17.565        0.046      1001142060002556    2.9844860   29.1420170   00h11m56.28s   29d08m31.26s      2               0    5.969094e-07         445         444         422        17.535            0.005     17.548         17.548   17.553       17.550    0.035       0.024        11788529003001    2.9844170   29.1420030      100114      6   55138.216647200         245    17.564    20.421     27.737    2.250       2.466           0      131072            0            1    11788529 
   55138.255917200        17.572        0.047      1001142060002556    2.9844860   29.1420170   00h11m56.28s   29d08m31.26s      2               0    5.969094e-07         445         444         422        17.535            0.005     17.548         17.548   17.553       17.550    0.035       0.024        11788408003050    2.9844180   29.1420170      100114      6   55138.260667200         245    17.572    20.370     27.739    2.350       2.512           0      131072            0            1    11788408 
   55142.296147200        17.527        0.031      1001142060002556    2.9844860   29.1420170   00h11m56.28s   29d08m31.26s      2               0    5.969094e-07         445         444         422        17.535            0.005     17.548         17.548   17.553       17.550    0.035       0.024        11792905004914    2.9844640   29.1419950      100114      6   55142.300737200         282    17.526    21.168     27.728    2.350       2.599           0      131072            0            1    11792905 
   55142.340347200        17.553        0.031      1001142060002556    2.9844860   29.1420170   00h11m56.28s   29d08m31.26s      2               0    5.969094e-07         445         444         422        17.535            0.005     17.548         17.548   17.553       17.550    0.035       0.024        11792944004627    2.9844840   29.1419960      100114      6   55142.344937200         282    17.554    21.053     27.714    2.350       2.504           0      131072            0            1    11792944 
   55144.317337200        17.567        0.077      1001142060002556    2.9844860   29.1420170   00h11m56.28s   29d08m31.26s      2               0    5.969094e-07         445         444         422        17.535            0.005     17.548         17.548   17.553       17.550    0.035       0.024        11799803005117    2.9844500   29.1420240      100114      6   55144.321847200         250    17.575    21.261     27.709    2.150       2.338           0      131072            0            1    11799803 
   55144.361137200        17.542        0.077      1001142060002556    2.9844860   29.1420170   00h11m56.28s   29d08m31.26s      2               0    5.969094e-07         445         444         422        17.535            0.005     17.548         17.548   17.553       17.550    0.035       0.024        11799911004797    2.9844640   29.1420150      100114      6   55144.365637200         250    17.580    21.199     27.712    2.050       2.239           0      131072            0            1    11799911 
   55152.173527200        17.557        0.028      1001142060002556    2.9844860   29.1420170   00h11m56.28s   29d08m31.26s      2               0    5.969094e-07         445         444         422        17.535            0.005     17.548         17.548   17.553       17.550    0.035       0.024        11803159004907    2.9844470   29.1420540      100114      6   55152.177637200         258    17.563    21.336     27.800    2.750       2.721           0      131072            0            1    11803159 
   55152.217537200        17.532        0.028      1001142060002556    2.9844860   29.1420170   00h11m56.28s   29d08m31.26s      2               0    5.969094e-07         445         444         422        17.535            0.005     17.548         17.548   17.553       17.550    0.035       0.024        11803084005242    2.9844540   29.1420080      100114      6   55152.221637200         258    17.531    21.356     27.794    2.650       2.838           0      131072            0            1    11803084 
   55166.229767200        17.588        0.034      1001142060002556    2.9844860   29.1420170   00h11m56.28s   29d08m31.26s      2               0    5.969094e-07         445         444         422        17.535            0.005     17.548         17.548   17.553       17.550    0.035       0.024        11770064003256    2.9844070   29.1420100      100114      6   55166.232957200         271    17.576    20.552     27.782    2.250       2.442           0      131072            0            1    11770064 
   55168.274097200        17.522        0.033      1001142060002556    2.9844860   29.1420170   00h11m56.28s   29d08m31.26s      2               0    5.969094e-07         445         444         422        17.535            0.005     17.548         17.548   17.553       17.550    0.035       0.024        12344664003436    2.9844700   29.1420120      100114      6   55168.277137200         273    17.525    20.673     27.755    2.050       2.247           0      131072            0            1    12344664 
   55176.169077200        17.863        0.091      1001142060002556    2.9844860   29.1420170   00h11m56.28s   29d08m31.26s      2               0    5.969094e-07         445         444         422        17.535            0.005     17.548         17.548   17.553       17.550    0.035       0.024        11773692002121    2.9844340   29.1420160      100114      6   55176.171497200         290    18.173    19.838     26.744    2.350       2.375           0      131072            0            1    11773692 
   55183.120247200        17.564        0.187      1001142060002556    2.9844860   29.1420170   00h11m56.28s   29d08m31.26s      2               0    5.969094e-07         445         444         422        17.535            0.005     17.548         17.548   17.553       17.550    0.035       0.024        11781797002565    2.9844420   29.1420380      100114      6   55183.122077200         279    18.347    20.592     27.693    2.550       2.904           0      131072            0            1    11781797 
   55183.164917200        17.563        0.183      1001142060002556    2.9844860   29.1420170   00h11m56.28s   29d08m31.26s      2               0    5.969094e-07         445         444         422        17.535            0.005     17.548         17.548   17.553       17.550    0.035       0.024        11781690005236    2.9844560   29.1420070      100114      6   55183.166757200         279    17.465    21.175     27.642    2.350       2.503           0      131072            0            1    11781690 
   55194.097327200        17.517        0.041      1001142060002556    2.9844860   29.1420170   00h11m56.28s   29d08m31.26s      2               0    5.969094e-07         445         444         422        17.535            0.005     17.548         17.548   17.553       17.550    0.035       0.024        12652253002958    2.9844750   29.1420210      100114      6   55194.098187200         302    16.613    19.782     26.867    2.350       2.638           0      131072            0            1    12652253 
   55199.096657200        17.562        0.032      1001142060002556    2.9844860   29.1420170   00h11m56.28s   29d08m31.26s      2               0    5.969094e-07         445         444         422        17.535            0.005     17.548         17.548   17.553       17.550    0.035       0.024        14959062005174    2.9845230   29.1420110      100114      6   55199.097057200         307    17.552    21.360     27.776    2.450       2.554           0      131072            0            1    14959062 
   55201.108777200        17.606        0.032      1001142060002556    2.9844860   29.1420170   00h11m56.28s   29d08m31.26s      2               0    5.969094e-07         445         444         422        17.535            0.005     17.548         17.548   17.553       17.550    0.035       0.024        11702553003998    2.9844720   29.1420110      100114      6   55201.108987200         310    17.403    20.391     27.227    2.750       2.918           0      131072            0            1    11702553 
   55207.154177200        17.556        0.029      1001142060002556    2.9844860   29.1420170   00h11m56.28s   29d08m31.26s      2               0    5.969094e-07         445         444         422        17.535            0.005     17.548         17.548   17.553       17.550    0.035       0.024        11745244005347    2.9844470   29.1419960      100114      6   55207.153837200         316    17.542    21.574     27.731    1.950       2.277           0      131072            0            1    11745244 
   55207.228427200        17.563        0.031      1001142060002556    2.9844860   29.1420170   00h11m56.28s   29d08m31.26s      2               0    5.969094e-07         445         444         422        17.535            0.005     17.548         17.548   17.553       17.550    0.035       0.024        11745242004360    2.9844390   29.1420120      100114      6   55207.228077200         316    17.633    21.053     27.679    2.150       2.373           0      131072            0            1    11745242 
   55209.134757200        17.559        0.062      1001142060002556    2.9844860   29.1420170   00h11m56.28s   29d08m31.26s      2               0    5.969094e-07         445         444         422        17.535            0.005     17.548         17.548   17.553       17.550    0.035       0.024        11741608005660    2.9844330   29.1419920      100114      6   55209.134227200         318    17.561    21.561     27.792    2.150       2.473           0      131072            0            1    11741608 
   55209.179387200        17.557        0.062      1001142060002556    2.9844860   29.1420170   00h11m56.28s   29d08m31.26s      2               0    5.969094e-07         445         444         422        17.535            0.005     17.548         17.548   17.553       17.550    0.035       0.024        11741584004977    2.9844860   29.1419990      100114      6   55209.178857200         318    17.538    21.186     27.742    2.650       2.992           0      131072            0            1    11741584 
   55422.309447200        17.564        0.028      1001142060002556    2.9844860   29.1420170   00h11m56.28s   29d08m31.26s      2               0    5.969094e-07         445         444         422        17.535            0.005     17.548         17.548   17.553       17.550    0.035       0.024        11149993005560    2.9844870   29.1420290      100114      6   55422.312387200         521    17.552    21.616     27.653    2.250       2.489           0      131072            0            1    11149993 
   55422.336907200        17.541        0.027      1001142060002556    2.9844860   29.1420170   00h11m56.28s   29d08m31.26s      2               0    5.969094e-07         445         444         422        17.535            0.005     17.548         17.548   17.553       17.550    0.035       0.024        11149840005237    2.9844740   29.1420240      100114      6   55422.339857200         521    17.533    21.584     27.667    2.550       2.957           0      131072            0            1    11149840 
   55422.350847200        17.521        0.027      1001142060002556    2.9844860   29.1420170   00h11m56.28s   29d08m31.26s      2               0    5.969094e-07         445         444         422        17.535            0.005     17.548         17.548   17.553       17.550    0.035       0.024        11150034005459    2.9844600   29.1420360      100114      6   55422.353787200         521    17.510    21.778     27.672    2.150       2.499           0      131072            0            1    11150034 
   55422.362757200        17.568        0.027      1001142060002556    2.9844860   29.1420170   00h11m56.28s   29d08m31.26s      2               0    5.969094e-07         445         444         422        17.535            0.005     17.548         17.548   17.553       17.550    0.035       0.024        11149808005635    2.9844670   29.1420280      100114      6   55422.365697200         521    17.561    21.773     27.675    2.250       2.478           0      131072            0            1    11149808 
   55422.374317200        17.541        0.027      1001142060002556    2.9844860   29.1420170   00h11m56.28s   29d08m31.26s      2               0    5.969094e-07         445         444         422        17.535            0.005     17.548         17.548   17.553       17.550    0.035       0.024        11149932005590    2.9844450   29.1420020      100114      6   55422.377267200         521    17.538    21.678     27.678    2.450       2.664           0      131072            0            1    11149932 
   55422.399047200        17.579        0.027      1001142060002556    2.9844860   29.1420170   00h11m56.28s   29d08m31.26s      2               0    5.969094e-07         445         444         422        17.535            0.005     17.548         17.548   17.553       17.550    0.035       0.024        11149936005662    2.9844550   29.1420240      100114      6   55422.401997200         521    17.580    21.759     27.681    2.350       2.644           0      131072            0            1    11149936 
   55422.412987200        17.565        0.027      1001142060002556    2.9844860   29.1420170   00h11m56.28s   29d08m31.26s      2               0    5.969094e-07         445         444         422        17.535            0.005     17.548         17.548   17.553       17.550    0.035       0.024        11149893005631    2.9844640   29.1419780      100114      6   55422.415937200         521    17.563    21.756     27.682    2.350       2.692           0      131072            0            1    11149893 
   55422.426747200        17.550        0.027      1001142060002556    2.9844860   29.1420170   00h11m56.28s   29d08m31.26s      2               0    5.969094e-07         445         444         422        17.535            0.005     17.548         17.548   17.553       17.550    0.035       0.024        11149865005776    2.9844470   29.1420330      100114      6   55422.429697200         521    17.546    21.736     27.682    2.350       2.508           0      131072            0            1    11149865 
   55422.439457200        17.560        0.027      1001142060002556    2.9844860   29.1420170   00h11m56.28s   29d08m31.26s      2               0    5.969094e-07         445         444         422        17.535            0.005     17.548         17.548   17.553       17.550    0.035       0.024        11149856005809    2.9844590   29.1419760      100114      6   55422.442407200         521    17.554    21.701     27.682    2.450       2.704           0      131072            0            1    11149856 
   55422.452697200        17.548        0.027      1001142060002556    2.9844860   29.1420170   00h11m56.28s   29d08m31.26s      2               0    5.969094e-07         445         444         422        17.535            0.005     17.548         17.548   17.553       17.550    0.035       0.024        11149851005728    2.9844470   29.1420160      100114      6   55422.455647200         521    17.540    21.656     27.681    2.550       2.797           0      131072            0            1    11149851 
   55422.466737200        17.567        0.027      1001142060002556    2.9844860   29.1420170   00h11m56.28s   29d08m31.26s      2               0    5.969094e-07         445         444         422        17.535            0.005     17.548         17.548   17.553       17.550    0.035       0.024        11150061005647    2.9844450   29.1420370      100114      6   55422.469687200         521    17.561    21.569     27.678    2.750       2.902           0      131072            0            1    11150061 
   55422.483747200        17.563        0.027      1001142060002556    2.9844860   29.1420170   00h11m56.28s   29d08m31.26s      2               0    5.969094e-07         445         444         422        17.535            0.005     17.548         17.548   17.553       17.550    0.035       0.024        11149979005887    2.9844600   29.1419860      100114      6   55422.486707200         521    17.556    21.720     27.674    2.350       2.640           0      131072            0            1    11149979 
   55422.498897200        17.527        0.028      1001142060002556    2.9844860   29.1420170   00h11m56.28s   29d08m31.26s      2               0    5.969094e-07         445         444         422        17.535            0.005     17.548         17.548   17.553       17.550    0.035       0.024        11149810005108    2.9844730   29.1420230      100114      6   55422.501857200         521    17.521    21.492     27.670    2.450       2.840           0      131072            0            1    11149810 
   55423.307897200        17.530        0.026      1001142060002556    2.9844860   29.1420170   00h11m56.28s   29d08m31.26s      2               0    5.969094e-07         445         444         422        17.535            0.005     17.548         17.548   17.553       17.550    0.035       0.024        11147042005626    2.9844730   29.1420030      100114      6   55423.310907200         522    17.524    21.691     27.647    2.050       2.227           0      131072            0            1    11147042 
   55423.325617200        17.537        0.026      1001142060002556    2.9844860   29.1420170   00h11m56.28s   29d08m31.26s      2               0    5.969094e-07         445         444         422        17.535            0.005     17.548         17.548   17.553       17.550    0.035       0.024        11147017005350    2.9844660   29.1420290      100114      6   55423.328627200         522    17.529    21.731     27.654    2.050       2.285           0      131072            0            1    11147017 
   55423.339857200        17.535        0.026      1001142060002556    2.9844860   29.1420170   00h11m56.28s   29d08m31.26s      2               0    5.969094e-07         445         444         422        17.535            0.005     17.548         17.548   17.553       17.550    0.035       0.024        11147166005262    2.9844980   29.1419930      100114      6   55423.342877200         522    17.526    21.672     27.658    2.250       2.396           0      131072            0            1    11147166 
   55423.353677200        17.513        0.026      1001142060002556    2.9844860   29.1420170   00h11m56.28s   29d08m31.26s      2               0    5.969094e-07         445         444         422        17.535            0.005     17.548         17.548   17.553       17.550    0.035       0.024        11147138005475    2.9844850   29.1420070      100114      6   55423.356697200         522    17.507    21.888     27.662    1.850       2.082           0      131072            0            1    11147138 
   55423.365657200        17.544        0.026      1001142060002556    2.9844860   29.1420170   00h11m56.28s   29d08m31.26s      2               0    5.969094e-07         445         444         422        17.535            0.005     17.548         17.548   17.553       17.550    0.035       0.024        11146989005979    2.9844710   29.1420350      100114      6   55423.368677200         522    17.535    21.919     27.663    1.850       2.030           0      131072            0            1    11146989 
   55423.382637200        17.552        0.026      1001142060002556    2.9844860   29.1420170   00h11m56.28s   29d08m31.26s      2               0    5.969094e-07         445         444         422        17.535            0.005     17.548         17.548   17.553       17.550    0.035       0.024        11147033006041    2.9844680   29.1420020      100114      6   55423.385657200         522    17.545    21.777     27.665    2.150       2.339           0      131072            0            1    11147033 
   55423.397187200        17.525        0.026      1001142060002556    2.9844860   29.1420170   00h11m56.28s   29d08m31.26s      2               0    5.969094e-07         445         444         422        17.535            0.005     17.548         17.548   17.553       17.550    0.035       0.024        11147208004983    2.9844430   29.1419890      100114      6   55423.400207200         522    17.521    21.861     27.666    2.050       2.360           0      131072            0            1    11147208 
   55423.412007200        17.558        0.026      1001142060002556    2.9844860   29.1420170   00h11m56.28s   29d08m31.26s      2               0    5.969094e-07         445         444         422        17.535            0.005     17.548         17.548   17.553       17.550    0.035       0.024        11147124006010    2.9844330   29.1420030      100114      6   55423.415027200         522    17.552    21.848     27.666    2.050       2.366           0      131072            0            1    11147124 
   55423.426547200        17.547        0.026      1001142060002556    2.9844860   29.1420170   00h11m56.28s   29d08m31.26s      2               0    5.969094e-07         445         444         422        17.535            0.005     17.548         17.548   17.553       17.550    0.035       0.024        11147117006100    2.9844650   29.1420020      100114      6   55423.429567200         522    17.542    21.978     27.666    1.850       2.086           0      131072            0            1    11147117 
   55423.440577200        17.552        0.026      1001142060002556    2.9844860   29.1420170   00h11m56.28s   29d08m31.26s      2               0    5.969094e-07         445         444         422        17.535            0.005     17.548         17.548   17.553       17.550    0.035       0.024        11147201005836    2.9844540   29.1420560      100114      6   55423.443597200         522    17.549    21.808     27.666    2.150       2.460           0      131072            0            1    11147201 
   55423.466517200        17.547        0.026      1001142060002556    2.9844860   29.1420170   00h11m56.28s   29d08m31.26s      2               0    5.969094e-07         445         444         422        17.535            0.005     17.548         17.548   17.553       17.550    0.035       0.024        11147175005512    2.9844560   29.1419920      100114      6   55423.469537200         522    17.542    21.797     27.661    2.150       2.483           0      131072            0            1    11147175 
   55423.482907200        17.538        0.026      1001142060002556    2.9844860   29.1420170   00h11m56.28s   29d08m31.26s      2               0    5.969094e-07         445         444         422        17.535            0.005     17.548         17.548   17.553       17.550    0.035       0.024        11147187005814    2.9844600   29.1420070      100114      6   55423.485927200         522    17.528    21.805     27.658    2.050       2.434           0      131072            0            1    11147187 
   55423.497167200        17.546        0.026      1001142060002556    2.9844860   29.1420170   00h11m56.28s   29d08m31.26s      2               0    5.969094e-07         445         444         422        17.535            0.005     17.548         17.548   17.553       17.550    0.035       0.024        11147101005787    2.9844490   29.1420190      100114      6   55423.500187200         522    17.534    21.561     27.654    2.350       2.460           0      131072            0            1    11147101 
   55424.304627200        17.565        0.035      1001142060002556    2.9844860   29.1420170   00h11m56.28s   29d08m31.26s      2               0    5.969094e-07         445         444         422        17.535            0.005     17.548         17.548   17.553       17.550    0.035       0.024        11144740005614    2.9844870   29.1420330      100114      6   55424.307717200         523    17.539    21.658     27.556    1.950       2.223           0      131072            0            1    11144740 
   55424.318437200        17.545        0.035      1001142060002556    2.9844860   29.1420170   00h11m56.28s   29d08m31.26s      2               0    5.969094e-07         445         444         422        17.535            0.005     17.548         17.548   17.553       17.550    0.035       0.024        11144697005488    2.9844870   29.1420330      100114      6   55424.321517200         523    17.523    21.634     27.568    2.050       2.317           0      131072            0            1    11144697 
   55424.332167200        17.542        0.035      1001142060002556    2.9844860   29.1420170   00h11m56.28s   29d08m31.26s      2               0    5.969094e-07         445         444         422        17.535            0.005     17.548         17.548   17.553       17.550    0.035       0.024        11144728005340    2.9844590   29.1420510      100114      6   55424.335247200         523    17.552    21.575     27.579    2.250       2.438           0      131072            0            1    11144728 
   55424.348687200        17.552        0.035      1001142060002556    2.9844860   29.1420170   00h11m56.28s   29d08m31.26s      2               0    5.969094e-07         445         444         422        17.535            0.005     17.548         17.548   17.553       17.550    0.035       0.024        11144712004584    2.9844820   29.1420260      100114      6   55424.351777200         523    17.549    21.661     27.589    2.150       2.428           0      131072            0            1    11144712 
   55424.360497200        17.531        0.035      1001142060002556    2.9844860   29.1420170   00h11m56.28s   29d08m31.26s      2               0    5.969094e-07         445         444         422        17.535            0.005     17.548         17.548   17.553       17.550    0.035       0.024        11144729005583    2.9844690   29.1420020      100114      6   55424.363587200         523    17.523    21.644     27.596    2.250       2.498           0      131072            0            1    11144729 
   55424.373007200        17.514        0.034      1001142060002556    2.9844860   29.1420170   00h11m56.28s   29d08m31.26s      2               0    5.969094e-07         445         444         422        17.535            0.005     17.548         17.548   17.553       17.550    0.035       0.024        11144736005763    2.9844800   29.1420470      100114      6   55424.376097200         523    17.504    21.800     27.602    1.950       2.195           0      131072            0            1    11144736 
   55424.386287200        17.537        0.035      1001142060002556    2.9844860   29.1420170   00h11m56.28s   29d08m31.26s      2               0    5.969094e-07         445         444         422        17.535            0.005     17.548         17.548   17.553       17.550    0.035       0.024        11144739005763    2.9844590   29.1420250      100114      6   55424.389377200         523    17.537    21.770     27.607    2.050       2.352           0      131072            0            1    11144739 
   55424.399217200        17.527        0.035      1001142060002556    2.9844860   29.1420170   00h11m56.28s   29d08m31.26s      2               0    5.969094e-07         445         444         422        17.535            0.005     17.548         17.548   17.553       17.550    0.035       0.024        11144897005868    2.9844440   29.1420020      100114      6   55424.402307200         523    17.522    21.795     27.612    2.050       2.385           0      131072            0            1    11144897 
   55424.413257200        17.546        0.034      1001142060002556    2.9844860   29.1420170   00h11m56.28s   29d08m31.26s      2               0    5.969094e-07         445         444         422        17.535            0.005     17.548         17.548   17.553       17.550    0.035       0.024        11144757005936    2.9844380   29.1420320      100114      6   55424.416347200         523    17.541    21.805     27.616    2.050       2.429           0      131072            0            1    11144757 
   55424.428257200        17.537        0.035      1001142060002556    2.9844860   29.1420170   00h11m56.28s   29d08m31.26s      2               0    5.969094e-07         445         444         422        17.535            0.005     17.548         17.548   17.553       17.550    0.035       0.024        11144756005851    2.9844550   29.1420110      100114      6   55424.431347200         523    17.537    21.761     27.619    2.150       2.410           0      131072            0            1    11144756 
   55424.440317200        17.528        0.034      1001142060002556    2.9844860   29.1420170   00h11m56.28s   29d08m31.26s      2               0    5.969094e-07         445         444         422        17.535            0.005     17.548         17.548   17.553       17.550    0.035       0.024        11144916006022    2.9844550   29.1419790      100114      6   55424.443407200         523    17.531    21.863     27.622    1.950       2.288           0      131072            0            1    11144916 
   55424.456717200        17.542        0.035      1001142060002556    2.9844860   29.1420170   00h11m56.28s   29d08m31.26s      2               0    5.969094e-07         445         444         422        17.535            0.005     17.548         17.548   17.553       17.550    0.035       0.024        11144849005880    2.9844720   29.1420050      100114      6   55424.459807200         523    17.545    21.652     27.622    2.350       2.691           0      131072            0            1    11144849 
   55424.469517200        17.524        0.034      1001142060002556    2.9844860   29.1420170   00h11m56.28s   29d08m31.26s      2               0    5.969094e-07         445         444         422        17.535            0.005     17.548         17.548   17.553       17.550    0.035       0.024        11144704005876    2.9844540   29.1420210      100114      6   55424.472607200         523    17.525    21.753     27.622    2.150       2.537           0      131072            0            1    11144704 
   55424.484247200        17.524        0.035      1001142060002556    2.9844860   29.1420170   00h11m56.28s   29d08m31.26s      2               0    5.969094e-07         445         444         422        17.535            0.005     17.548         17.548   17.553       17.550    0.035       0.024        11144794004847    2.9844460   29.1420260      100114      6   55424.487347200         523    17.529    21.790     27.621    2.050       2.276           0      131072            0            1    11144794 
   55424.496347200        17.548        0.035      1001142060002556    2.9844860   29.1420170   00h11m56.28s   29d08m31.26s      2               0    5.969094e-07         445         444         422        17.535            0.005     17.548         17.548   17.553       17.550    0.035       0.024        11144863006043    2.9844400   29.1419890      100114      6   55424.499437200         523    17.551    21.793     27.619    1.950       2.154           0      131072            0            1    11144863 
   55424.510947200        17.554        0.037      1001142060002556    2.9844860   29.1420170   00h11m56.28s   29d08m31.26s      2               0    5.969094e-07         445         444         422        17.535            0.005     17.548         17.548   17.553       17.550    0.035       0.024        11144852004236    2.9844100   29.1420020      100114      6   55424.514047200         523    17.561    20.941     27.617    2.150       2.217           0      131072            0            1    11144852 
   55425.307457200        17.538        0.039      1001142060002556    2.9844860   29.1420170   00h11m56.28s   29d08m31.26s      2               0    5.969094e-07         445         444         422        17.535            0.005     17.548         17.548   17.553       17.550    0.035       0.024        11141871005718    2.9844610   29.1419800      100114      6   55425.310607200         524    17.546    21.764     27.553    1.850       2.157           0      131072            0            1    11141871 
   55425.337167200        17.542        0.039      1001142060002556    2.9844860   29.1420170   00h11m56.28s   29d08m31.26s      2               0    5.969094e-07         445         444         422        17.535            0.005     17.548         17.548   17.553       17.550    0.035       0.024        11141949005501    2.9844600   29.1420200      100114      6   55425.340317200         524    17.556    21.827     27.580    1.850       2.127           0      131072            0            1    11141949 
   55425.350517200        17.542        0.039      1001142060002556    2.9844860   29.1420170   00h11m56.28s   29d08m31.26s      2               0    5.969094e-07         445         444         422        17.535            0.005     17.548         17.548   17.553       17.550    0.035       0.024        11141931005775    2.9844480   29.1420200      100114      6   55425.353677200         524    17.553    21.791     27.588    1.950       2.202           0      131072            0            1    11141931 
   55425.363627200        17.528        0.039      1001142060002556    2.9844860   29.1420170   00h11m56.28s   29d08m31.26s      2               0    5.969094e-07         445         444         422        17.535            0.005     17.548         17.548   17.553       17.550    0.035       0.024        11141741005421    2.9844520   29.1419840      100114      6   55425.366777200         524    17.539    21.864     27.595    1.850       2.210           0      131072            0            1    11141741 
   55425.376027200        17.554        0.039      1001142060002556    2.9844860   29.1420170   00h11m56.28s   29d08m31.26s      2               0    5.969094e-07         445         444         422        17.535            0.005     17.548         17.548   17.553       17.550    0.035       0.024        11141721005932    2.9844510   29.1420130      100114      6   55425.379187200         524    17.562    21.941     27.599    1.750       2.042           0      131072            0            1    11141721 
   55425.388077200        17.517        0.039      1001142060002556    2.9844860   29.1420170   00h11m56.28s   29d08m31.26s      2               0    5.969094e-07         445         444         422        17.535            0.005     17.548         17.548   17.553       17.550    0.035       0.024        11141831004924    2.9844640   29.1420100      100114      6   55425.391237200         524    17.521    21.932     27.602    1.750       2.242           0      131072            0            1    11141831 
   55425.404397200        17.578        0.039      1001142060002556    2.9844860   29.1420170   00h11m56.28s   29d08m31.26s      2               0    5.969094e-07         445         444         422        17.535            0.005     17.548         17.548   17.553       17.550    0.035       0.024        11141784005885    2.9844540   29.1419880      100114      6   55425.407557200         524    17.580    21.953     27.603    1.750       1.973           0    12713984            0            1    11141784 
   55425.418827200        17.526        0.039      1001142060002556    2.9844860   29.1420170   00h11m56.28s   29d08m31.26s      2               0    5.969094e-07         445         444         422        17.535            0.005     17.548         17.548   17.553       17.550    0.035       0.024        11141881004946    2.9844470   29.1420160      100114      6   55425.421987200         524    17.532    21.910     27.603    1.850       2.154           0      131072            0            1    11141881 
   55425.433137200        17.551        0.039      1001142060002556    2.9844860   29.1420170   00h11m56.28s   29d08m31.26s      2               0    5.969094e-07         445         444         422        17.535            0.005     17.548         17.548   17.553       17.550    0.035       0.024        11141759006078    2.9844350   29.1420130      100114      6   55425.436297200         524    17.560    21.967     27.601    1.750       2.097           0      131072            0            1    11141759 
   55425.447817200        17.544        0.039      1001142060002556    2.9844860   29.1420170   00h11m56.28s   29d08m31.26s      2               0    5.969094e-07         445         444         422        17.535            0.005     17.548         17.548   17.553       17.550    0.035       0.024        11141908005890    2.9844440   29.1420090      100114      6   55425.450977200         524    17.547    21.839     27.597    1.950       2.272           0      131072            0            1    11141908 
   55425.462417200        17.553        0.039      1001142060002556    2.9844860   29.1420170   00h11m56.28s   29d08m31.26s      2               0    5.969094e-07         445         444         422        17.535            0.005     17.548         17.548   17.553       17.550    0.035       0.024        11141844005676    2.9844650   29.1419960      100114      6   55425.465587200         524    17.545    21.780     27.590    2.050       2.431           0      131072            0            1    11141844 
   55425.474857200        17.548        0.040      1001142060002556    2.9844860   29.1420170   00h11m56.28s   29d08m31.26s      2               0    5.969094e-07         445         444         422        17.535            0.005     17.548         17.548   17.553       17.550    0.035       0.024        11141807004940    2.9844520   29.1419640      100114      6   55425.478027200         524    17.544    21.402     27.583    2.450       2.643           0      131072            0            1    11141807 
   55425.490117200        17.529        0.039      1001142060002556    2.9844860   29.1420170   00h11m56.28s   29d08m31.26s      2               0    5.969094e-07         445         444         422        17.535            0.005     17.548         17.548   17.553       17.550    0.035       0.024        11141887005645    2.9844420   29.1419990      100114      6   55425.493277200         524    17.514    21.711     27.573    2.050       2.301           0      131072            0            1    11141887 
   55426.298337200        17.548        0.069      1001142060002556    2.9844860   29.1420170   00h11m56.28s   29d08m31.26s      2               0    5.969094e-07         445         444         422        17.535            0.005     17.548         17.548   17.553       17.550    0.035       0.024        11198449004661    2.9844790   29.1420260      100114      6   55426.301557200         525    17.656    21.363     27.558    1.950       2.037           0      131072            0            1    11198449 
   55426.310667200        17.581        0.069      1001142060002556    2.9844860   29.1420170   00h11m56.28s   29d08m31.26s      2               0    5.969094e-07         445         444         422        17.535            0.005     17.548         17.548   17.553       17.550    0.035       0.024        11198465004903    2.9844740   29.1420450      100114      6   55426.313897200         525    17.615    21.440     27.572    2.150       2.410           0      131072            0            1    11198465 
   55426.323307200        17.500        0.069      1001142060002556    2.9844860   29.1420170   00h11m56.28s   29d08m31.26s      2               0    5.969094e-07         445         444         422        17.535            0.005     17.548         17.548   17.553       17.550    0.035       0.024        11198500005175    2.9844820   29.1420290      100114      6   55426.326537200         525    17.552    21.648     27.583    1.950       2.069           0      131072            0            1    11198500 
   55426.336037200        17.554        0.069      1001142060002556    2.9844860   29.1420170   00h11m56.28s   29d08m31.26s      2               0    5.969094e-07         445         444         422        17.535            0.005     17.548         17.548   17.553       17.550    0.035       0.024        11198463005405    2.9844570   29.1419670      100114      6   55426.339267200         525    17.525    21.828     27.592    1.850       2.107           0      131072            0            1    11198463 
   55426.350587200        17.588        0.069      1001142060002556    2.9844860   29.1420170   00h11m56.28s   29d08m31.26s      2               0    5.969094e-07         445         444         422        17.535            0.005     17.548         17.548   17.553       17.550    0.035       0.024        11198423004852    2.9844520   29.1420090      100114      6   55426.353817200         525    17.562    21.803     27.599    1.950       2.225           0      131072            0            1    11198423 
   55426.364347200        17.541        0.069      1001142060002556    2.9844860   29.1420170   00h11m56.28s   29d08m31.26s      2               0    5.969094e-07         445         444         422        17.535            0.005     17.548         17.548   17.553       17.550    0.035       0.024        11198510005630    2.9844430   29.1419860      100114      6   55426.367577200         525    17.519    21.765     27.603    2.050       2.355           0      131072            0            1    11198510 
   55426.378217200        17.569        0.069      1001142060002556    2.9844860   29.1420170   00h11m56.28s   29d08m31.26s      2               0    5.969094e-07         445         444         422        17.535            0.005     17.548         17.548   17.553       17.550    0.035       0.024        11198411005910    2.9844290   29.1420040      100114      6   55426.381447200         525    17.550    21.786     27.605    2.050       2.292           0      131072            0            1    11198411 
   55426.392757200        17.568        0.069      1001142060002556    2.9844860   29.1420170   00h11m56.28s   29d08m31.26s      2               0    5.969094e-07         445         444         422        17.535            0.005     17.548         17.548   17.553       17.550    0.035       0.024        11198443005833    2.9844380   29.1419380      100114      6   55426.395987200         525    17.545    21.837     27.606    1.950       2.159           0      131072            0            1    11198443 
   55426.406357200        17.517        0.069      1001142060002556    2.9844860   29.1420170   00h11m56.28s   29d08m31.26s      2               0    5.969094e-07         445         444         422        17.535            0.005     17.548         17.548   17.553       17.550    0.035       0.024        11198401006155    2.9844210   29.1419830      100114      6   55426.409587200         525    17.491    21.906     27.604    1.850       2.134           0      131072            0            1    11198401 
   55426.418877200        17.542        0.069      1001142060002556    2.9844860   29.1420170   00h11m56.28s   29d08m31.26s      2               0    5.969094e-07         445         444         422        17.535            0.005     17.548         17.548   17.553       17.550    0.035       0.024        11198404006021    2.9844550   29.1420020      100114      6   55426.422107200         525    17.516    21.847     27.602    1.950       2.152           0      131072            0            1    11198404 
   55426.430467200        17.549        0.069      1001142060002556    2.9844860   29.1420170   00h11m56.28s   29d08m31.26s      2               0    5.969094e-07         445         444         422        17.535            0.005     17.548         17.548   17.553       17.550    0.035       0.024        11198542004642    2.9844200   29.1419690      100114      6   55426.433697200         525    17.534    21.667     27.599    1.950       2.202           0      131072            0            1    11198542 
   55426.460817200        17.576        0.069      1001142060002556    2.9844860   29.1420170   00h11m56.28s   29d08m31.26s      2               0    5.969094e-07         445         444         422        17.535            0.005     17.548         17.548   17.553       17.550    0.035       0.024        11198420006024    2.9844530   29.1420060      100114      6   55426.464057200         525    17.533    21.878     27.581    1.850       2.122           0      131072            0            1    11198420 
   55426.473597200        17.591        0.069      1001142060002556    2.9844860   29.1420170   00h11m56.28s   29d08m31.26s      2               0    5.969094e-07         445         444         422        17.535            0.005     17.548         17.548   17.553       17.550    0.035       0.024        11198486005042    2.9844670   29.1419880      100114      6   55426.476837200         525    17.694    21.555     27.571    2.050       2.394           0      131072            0            1    11198486 
   55426.489177200        17.542        0.069      1001142060002556    2.9844860   29.1420170   00h11m56.28s   29d08m31.26s      2               0    5.969094e-07         445         444         422        17.535            0.005     17.548         17.548   17.553       17.550    0.035       0.024        11198427005727    2.9844490   29.1420120      100114      6   55426.492417200         525    17.480    21.687     27.557    2.050       2.421           0      131072            0            1    11198427 
   55428.291957200        17.530        0.027      1001142060002556    2.9844860   29.1420170   00h11m56.28s   29d08m31.26s      2               0    5.969094e-07         445         444         422        17.535            0.005     17.548         17.548   17.553       17.550    0.035       0.024        11194687004698    2.9844850   29.1420110      100114      6   55428.295317200         527    17.535    21.113     27.649    2.250       2.417           0      131072            0            1    11194687 
   55428.308157200        17.538        0.026      1001142060002556    2.9844860   29.1420170   00h11m56.28s   29d08m31.26s      2               0    5.969094e-07         445         444         422        17.535            0.005     17.548         17.548   17.553       17.550    0.035       0.024        11194616004886    2.9844850   29.1420090      100114      6   55428.311517200         527    17.546    21.311     27.658    1.950       2.214           0      131072            0            1    11194616 
   55428.321847200        17.558        0.026      1001142060002556    2.9844860   29.1420170   00h11m56.28s   29d08m31.26s      2               0    5.969094e-07         445         444         422        17.535            0.005     17.548         17.548   17.553       17.550    0.035       0.024        11194651004795    2.9844660   29.1420140      100114      6   55428.325207200         527    17.572    21.226     27.665    2.150       2.424           0      131072            0            1    11194651 
   55428.336167200        17.524        0.026      1001142060002556    2.9844860   29.1420170   00h11m56.28s   29d08m31.26s      2               0    5.969094e-07         445         444         422        17.535            0.005     17.548         17.548   17.553       17.550    0.035       0.024        11194587005043    2.9844690   29.1419970      100114      6   55428.339527200         527    17.536    21.426     27.671    1.850       1.975           0      131072            0            1    11194587 
   55428.363187200        17.535        0.026      1001142060002556    2.9844860   29.1420170   00h11m56.28s   29d08m31.26s      2               0    5.969094e-07         445         444         422        17.535            0.005     17.548         17.548   17.553       17.550    0.035       0.024        11194549004892    2.9844570   29.1419900      100114      6   55428.366547200         527    17.545    21.491     27.678    1.850       1.937           0      131072            0            1    11194549 
   55428.377497200        17.552        0.026      1001142060002556    2.9844860   29.1420170   00h11m56.28s   29d08m31.26s      2               0    5.969094e-07         445         444         422        17.535            0.005     17.548         17.548   17.553       17.550    0.035       0.024        11194527005279    2.9844570   29.1419930      100114      6   55428.380867200         527    17.566    21.509     27.680    1.950       2.086           0      131072            0            1    11194527 
   55428.389627200        17.542        0.025      1001142060002556    2.9844860   29.1420170   00h11m56.28s   29d08m31.26s      2               0    5.969094e-07         445         444         422        17.535            0.005     17.548         17.548   17.553       17.550    0.035       0.024        11194569005517    2.9844410   29.1420150      100114      6   55428.392997200         527    17.555    21.649     27.682    1.850       2.025           0      131072            0            1    11194569 
   55428.411677200        17.563        0.025      1001142060002556    2.9844860   29.1420170   00h11m56.28s   29d08m31.26s      2               0    5.969094e-07         445         444         422        17.535            0.005     17.548         17.548   17.553       17.550    0.035       0.024        11194550005848    2.9844460   29.1419820      100114      6   55428.415047200         527    17.573    21.800     27.684    1.950       2.176           0      131072            0            1    11194550 
   55428.426357200        17.559        0.025      1001142060002556    2.9844860   29.1420170   00h11m56.28s   29d08m31.26s      2               0    5.969094e-07         445         444         422        17.535            0.005     17.548         17.548   17.553       17.550    0.035       0.024        11194633005870    2.9844420   29.1419570      100114      6   55428.429717200         527    17.569    21.756     27.684    2.050       2.361           0      131072            0            1    11194633 
   55428.439377200        17.545        0.025      1001142060002556    2.9844860   29.1420170   00h11m56.28s   29d08m31.26s      2               0    5.969094e-07         445         444         422        17.535            0.005     17.548         17.548   17.553       17.550    0.035       0.024        11194508006001    2.9844210   29.1419890      100114      6   55428.442737200         527    17.555    21.870     27.683    1.850       2.049           0      131072            0            1    11194508 
   55428.453277200        17.550        0.025      1001142060002556    2.9844860   29.1420170   00h11m56.28s   29d08m31.26s      2               0    5.969094e-07         445         444         422        17.535            0.005     17.548         17.548   17.553       17.550    0.035       0.024        11194522005392    2.9844590   29.1420020      100114      6   55428.456647200         527    17.559    21.744     27.683    2.050       2.325           0      131072            0            1    11194522 
   55428.465197200        17.556        0.025      1001142060002556    2.9844860   29.1420170   00h11m56.28s   29d08m31.26s      2               0    5.969094e-07         445         444         422        17.535            0.005     17.548         17.548   17.553       17.550    0.035       0.024        11194476004796    2.9844330   29.1420090      100114      6   55428.468567200         527    17.568    21.784     27.681    1.950       2.246           0      131072            0            1    11194476 
   55428.478057200        17.550        0.025      1001142060002556    2.9844860   29.1420170   00h11m56.28s   29d08m31.26s      2               0    5.969094e-07         445         444         422        17.535            0.005     17.548         17.548   17.553       17.550    0.035       0.024        11194525004684    2.9844520   29.1419770      100114      6   55428.481427200         527    17.560    21.705     27.678    2.050       2.353           0      131072            0            1    11194525 
   55428.491407200        17.540        0.026      1001142060002556    2.9844860   29.1420170   00h11m56.28s   29d08m31.26s      2               0    5.969094e-07         445         444         422        17.535            0.005     17.548         17.548   17.553       17.550    0.035       0.024        11194711005460    2.9844490   29.1419840      100114      6   55428.494777200         527    17.549    21.549     27.675    2.050       2.356           0      131072            0            1    11194711 
   55428.510497200        17.536        0.029      1001142060002556    2.9844860   29.1420170   00h11m56.28s   29d08m31.26s      2               0    5.969094e-07         445         444         422        17.535            0.005     17.548         17.548   17.553       17.550    0.035       0.024        11194520004072    2.9844290   29.1420030      100114      6   55428.513867200         527    17.542    20.897     27.670    2.150       2.315           0      131072            0            1    11194520 
   55429.289977200        17.519        0.027      1001142060002556    2.9844860   29.1420170   00h11m56.28s   29d08m31.26s      2               0    5.969094e-07         445         444         422        17.535            0.005     17.548         17.548   17.553       17.550    0.035       0.024        11192972004548    2.9844650   29.1420330      100114      6   55429.293397200         528    17.523    21.039     27.643    2.150       2.232           0      131072            0            1    11192972 
   55429.303857200        17.518        0.027      1001142060002556    2.9844860   29.1420170   00h11m56.28s   29d08m31.26s      2               0    5.969094e-07         445         444         422        17.535            0.005     17.548         17.548   17.553       17.550    0.035       0.024        11192909004668    2.9844440   29.1419890      100114      6   55429.307277200         528    17.527    21.175     27.650    1.950       2.123           0      131072            0            1    11192909 
   55429.325947200        17.529        0.027      1001142060002556    2.9844860   29.1420170   00h11m56.28s   29d08m31.26s      2               0    5.969094e-07         445         444         422        17.535            0.005     17.548         17.548   17.553       17.550    0.035       0.024        11192969004480    2.9844250   29.1420150      100114      6   55429.329377200         528    17.535    20.817     27.659    2.850       3.056           0      131072            0            1    11192969 
   55429.338257200        17.540        0.026      1001142060002556    2.9844860   29.1420170   00h11m56.28s   29d08m31.26s      2               0    5.969094e-07         445         444         422        17.535            0.005     17.548         17.548   17.553       17.550    0.035       0.024        11192989004571    2.9844620   29.1420030      100114      6   55429.341677200         528    17.547    21.313     27.663    1.850       1.941           0      131072            0            1    11192989 
   55429.350427200        17.574        0.026      1001142060002556    2.9844860   29.1420170   00h11m56.28s   29d08m31.26s      2               0    5.969094e-07         445         444         422        17.535            0.005     17.548         17.548   17.553       17.550    0.035       0.024        11192990005004    2.9844300   29.1419760      100114      6   55429.353857200         528    17.578    21.343     27.666    1.850       2.167           0      131072            0            1    11192990 
   55429.363447200        17.563        0.027      1001142060002556    2.9844860   29.1420170   00h11m56.28s   29d08m31.26s      2               0    5.969094e-07         445         444         422        17.535            0.005     17.548         17.548   17.553       17.550    0.035       0.024        11193077004845    2.9844380   29.1420060      100114      6   55429.366877200         528    17.565    21.308     27.669    1.950       2.076           0      131072            0            1    11193077 
   55429.378167200        17.557        0.026      1001142060002556    2.9844860   29.1420170   00h11m56.28s   29d08m31.26s      2               0    5.969094e-07         445         444         422        17.535            0.005     17.548         17.548   17.553       17.550    0.035       0.024        11192950005088    2.9844360   29.1419670      100114      6   55429.381597200         528    17.561    21.391     27.671    1.850       1.992           0      131072            0            1    11192950 
   55429.392507200        17.524        0.026      1001142060002556    2.9844860   29.1420170   00h11m56.28s   29d08m31.26s      2               0    5.969094e-07         445         444         422        17.535            0.005     17.548         17.548   17.553       17.550    0.035       0.024        11192927005172    2.9844090   29.1419530      100114      6   55429.395937200         528    17.527    21.370     27.673    1.950       2.142           0      131072            0            1    11192927 
   55429.407947200        17.542        0.026      1001142060002556    2.9844860   29.1420170   00h11m56.28s   29d08m31.26s      2               0    5.969094e-07         445         444         422        17.535            0.005     17.548         17.548   17.553       17.550    0.035       0.024        11193021005159    2.9844110   29.1419600      100114      6   55429.411377200         528    17.543    21.410     27.673    1.950       2.295           0      131072            0            1    11193021 
   55429.422387200        17.581        0.026      1001142060002556    2.9844860   29.1420170   00h11m56.28s   29d08m31.26s      2               0    5.969094e-07         445         444         422        17.535            0.005     17.548         17.548   17.553       17.550    0.035       0.024        11193084005341    2.9844240   29.1419850      100114      6   55429.425817200         528    17.586    21.511     27.673    1.950       2.248           0      131072            0            1    11193084 
   55429.434587200        17.551        0.026      1001142060002556    2.9844860   29.1420170   00h11m56.28s   29d08m31.26s      2               0    5.969094e-07         445         444         422        17.535            0.005     17.548         17.548   17.553       17.550    0.035       0.024        11192920005560    2.9844250   29.1419590      100114      6   55429.438017200         528    17.556    21.599     27.672    2.050       2.338           0      131072            0            1    11192920 
   55429.447877200        17.544        0.025      1001142060002556    2.9844860   29.1420170   00h11m56.28s   29d08m31.26s      2               0    5.969094e-07         445         444         422        17.535            0.005     17.548         17.548   17.553       17.550    0.035       0.024        11193089005499    2.9844240   29.1419680      100114      6   55429.451317200         528    17.549    21.814     27.671    1.950       2.216           0      131072            0            1    11193089 
   55429.460877200        17.538        0.025      1001142060002556    2.9844860   29.1420170   00h11m56.28s   29d08m31.26s      2               0    5.969094e-07         445         444         422        17.535            0.005     17.548         17.548   17.553       17.550    0.035       0.024        11192939004956    2.9844370   29.1420060      100114      6   55429.464317200         528    17.545    21.836     27.670    1.950       2.239           0      131072            0            1    11192939 
   55429.481797200        17.544        0.026      1001142060002556    2.9844860   29.1420170   00h11m56.28s   29d08m31.26s      2               0    5.969094e-07         445         444         422        17.535            0.005     17.548         17.548   17.553       17.550    0.035       0.024        11192958005439    2.9844610   29.1420110      100114      6   55429.485227200         528    17.547    21.467     27.665    2.350       2.486           0      131072            0            1    11192958 
   55429.496887200        17.527        0.025      1001142060002556    2.9844860   29.1420170   00h11m56.28s   29d08m31.26s      2               0    5.969094e-07         445         444         422        17.535            0.005     17.548         17.548   17.553       17.550    0.035       0.024        11193044005706    2.9844280   29.1420010      100114      6   55429.500327200         528    17.531    21.703     27.661    2.050       2.325           0      131072            0            1    11193044 
   55534.112357200        17.614        0.343      1001142060002556    2.9844860   29.1420170   00h11m56.28s   29d08m31.26s      2               0    5.969094e-07         445         444         422        17.535            0.005     17.548         17.548   17.553       17.550    0.035       0.024        10652254001787    2.9844690   29.1420150      100114      6   55534.115357200         634    19.301    20.894     27.474    1.850       2.621           0      131072            0            1    10652254 
   55534.157547200        17.569        0.328      1001142060002556    2.9844860   29.1420170   00h11m56.28s   29d08m31.26s      2               0    5.969094e-07         445         444         422        17.535            0.005     17.548         17.548   17.553       17.550    0.035       0.024        10652245004429    2.9844740   29.1420470      100114      6   55534.160537200         634    17.692    21.279     27.404    1.950       2.016           0      131072            0            1    10652245 
   55535.197867200        17.603        0.196      1001142060002556    2.9844860   29.1420170   00h11m56.28s   29d08m31.26s      2               0    5.969094e-07         445         444         422        17.535            0.005     17.548         17.548   17.553       17.550    0.035       0.024        10697474002428    2.9844930   29.1420320      100114      6   55535.200787200         635    18.871    21.142     27.784    2.150       2.700           0      131072            0            1    10697474 
   55535.281217200        17.555        0.192      1001142060002556    2.9844860   29.1420170   00h11m56.28s   29d08m31.26s      2               0    5.969094e-07         445         444         422        17.535            0.005     17.548         17.548   17.553       17.550    0.035       0.024        10697390005068    2.9844420   29.1420180      100114      6   55535.284127200         635    17.642    21.398     27.726    2.250       2.387           0      131072            0            1    10697390 
   55541.099387200        17.552        0.143      1001142060002556    2.9844860   29.1420170   00h11m56.28s   29d08m31.26s      2               0    5.969094e-07         445         444         422        17.535            0.005     17.548         17.548   17.553       17.550    0.035       0.024        10678008005090    2.9844530   29.1420030      100114      6   55541.101837200         641    17.559    21.349     27.674    2.350       2.631           0      131072            0            1    10678008 
   55541.143167200        17.576        0.146      1001142060002556    2.9844860   29.1420170   00h11m56.28s   29d08m31.26s      2               0    5.969094e-07         445         444         422        17.535            0.005     17.548         17.548   17.553       17.550    0.035       0.024        10678401002986    2.9844420   29.1419990      100114      6   55541.145617200         641    18.275    21.014     27.732    2.150       2.494           0      131072            0            1    10678401 
   55542.095217200        17.545        0.101      1001142060002556    2.9844860   29.1420170   00h11m56.28s   29d08m31.26s      2               0    5.969094e-07         445         444         422        17.535            0.005     17.548         17.548   17.553       17.550    0.035       0.024        13776404003717    2.9845080   29.1420370      100114      6   55542.097587200         642    17.605    20.830     27.693    3.450       3.872           0      131072            0            1    13776404 
   55542.139567200        17.572        0.102      1001142060002556    2.9844860   29.1420170   00h11m56.28s   29d08m31.26s      2               0    5.969094e-07         445         444         422        17.535            0.005     17.548         17.548   17.553       17.550    0.035       0.024        13776431003214    2.9845060   29.1420140      100114      6   55542.141937200         642    17.571    20.383     27.527    3.650       4.063           0      131072            0            1    13776431 
   55558.213927200        17.571        0.035      1001142060002556    2.9844860   29.1420170   00h11m56.28s   29d08m31.26s      2               0    5.969094e-07         445         444         422        17.535            0.005     17.548         17.548   17.553       17.550    0.035       0.024        10709511004854    2.9844750   29.1420220      100114      6   55558.214887200         655    17.563    21.273     27.617    2.150       2.445           0      131072            0            1    10709511 
   55558.271377200        17.575        0.037      1001142060002556    2.9844860   29.1420170   00h11m56.28s   29d08m31.26s      2               0    5.969094e-07         445         444         422        17.535            0.005     17.548         17.548   17.553       17.550    0.035       0.024        10709512004122    2.9844530   29.1419920      100114      6   55558.272337200         655    17.582    20.853     27.577    2.350       2.573           0      131072            0            1    10709512 
   55576.094157200        17.564        0.102      1001142060002556    2.9844860   29.1420170   00h11m56.28s   29d08m31.26s      2               0    5.969094e-07         445         444         422        17.535            0.005     17.548         17.548   17.553       17.550    0.035       0.024        12841904002096    2.9844390   29.1419700      100114      6   55576.093467200         674    17.351    19.438     27.191    3.750       4.703           0      131072            0            1    12841904 
   55576.150007200        17.742        0.109      1001142060002556    2.9844860   29.1420170   00h11m56.28s   29d08m31.26s      2               0    5.969094e-07         445         444         422        17.535            0.005     17.548         17.548   17.553       17.550    0.035       0.024        12842064001822    2.9844670   29.1419920      100114      6   55576.149317200         674    17.638    19.206     27.281    4.850       5.630           0      131072            0            1    12842064 
   55577.102247200        17.565        0.068      1001142060002556    2.9844860   29.1420170   00h11m56.28s   29d08m31.26s      2               0    5.969094e-07         445         444         422        17.535            0.005     17.548         17.548   17.553       17.550    0.035       0.024         9789652002937    2.9844520   29.1420050      100114      6   55577.101467200         675    17.613    20.358     27.528    2.450       2.557           0      131072            0            1     9789652 
   55577.146087200        17.511        0.068      1001142060002556    2.9844860   29.1420170   00h11m56.28s   29d08m31.26s      2               0    5.969094e-07         445         444         422        17.535            0.005     17.548         17.548   17.553       17.550    0.035       0.024         9789569002804    2.9844360   29.1419930      100114      6   55577.145307200         675    17.466    20.137     27.469    2.850       3.340           0      131072            0            1     9789569 
   55578.153077200        17.707        0.126      1001142060002556    2.9844860   29.1420170   00h11m56.28s   29d08m31.26s      2               0    5.969094e-07         445         444         422        17.535            0.005     17.548         17.548   17.553       17.550    0.035       0.024         9786013001604    2.9844040   29.1420070      100114      6   55578.152207200         676    18.319    19.707     27.367    2.050       2.448           0      131072            0            1     9786013 
   55579.112827200        17.577        0.030      1001142060002556    2.9844860   29.1420170   00h11m56.28s   29d08m31.26s      2               0    5.969094e-07         445         444         422        17.535            0.005     17.548         17.548   17.553       17.550    0.035       0.024         9782441003802    2.9844340   29.1420010      100114      6   55579.111867200         678    17.581    20.749     27.657    2.350       2.530           0      131072            0            1     9782441 
   55579.156017200        17.517        0.031      1001142060002556    2.9844860   29.1420170   00h11m56.28s   29d08m31.26s      2               0    5.969094e-07         445         444         422        17.535            0.005     17.548         17.548   17.553       17.550    0.035       0.024         9782278003516    2.9844100   29.1419610      100114      6   55579.155057200         678    17.525    20.710     27.639    2.150       2.318           0      131072            0            1     9782278 
   55584.132047200        17.558        0.035      1001142060002556    2.9844860   29.1420170   00h11m56.28s   29d08m31.26s      2               0    5.969094e-07         445         444         422        17.535            0.005     17.548         17.548   17.553       17.550    0.035       0.024         9808957004324    2.9844800   29.1420300      100114      6   55584.130637200         683    17.564    21.294     27.642    2.250       2.445           0      131072            0            1     9808957 
   55584.182437200        17.583        0.038      1001142060002556    2.9844860   29.1420170   00h11m56.28s   29d08m31.26s      2               0    5.969094e-07         445         444         422        17.535            0.005     17.548         17.548   17.553       17.550    0.035       0.024         9808947003659    2.9845070   29.1420080      100114      6   55584.181027200         683    17.593    20.677     27.589    3.250       3.695           0      131072            0            1     9808947 
   55585.136547200        17.542        0.032      1001142060002556    2.9844860   29.1420170   00h11m56.28s   29d08m31.26s      2               0    5.969094e-07         445         444         422        17.535            0.005     17.548         17.548   17.553       17.550    0.035       0.024         9806324004229    2.9844870   29.1420310      100114      6   55585.135047200         684    17.521    20.857     27.606    3.050       3.260           0      131072            0            1     9806324 
   55585.179607200        17.548        0.034      1001142060002556    2.9844860   29.1420170   00h11m56.28s   29d08m31.26s      2               0    5.969094e-07         445         444         422        17.535            0.005     17.548         17.548   17.553       17.550    0.035       0.024         9806296003695    2.9845020   29.1420150      100114      6   55585.178097200         684    17.552    20.616     27.576    3.250       3.574           0      131072            0            1     9806296 
   55779.256517200        17.545        0.032      1001142060002556    2.9844860   29.1420170   00h11m56.28s   29d08m31.26s      2               0    5.969094e-07         445         444         422        17.535            0.005     17.548         17.548   17.553       17.550    0.035       0.024        10316383004414    2.9845120   29.1420340      100114      6   55779.258837200         877    17.524    20.928     27.481    2.450       2.743           0      131072            0            1    10316383 
   55779.299377200        17.548        0.031      1001142060002556    2.9844860   29.1420170   00h11m56.28s   29d08m31.26s      2               0    5.969094e-07         445         444         422        17.535            0.005     17.548         17.548   17.553       17.550    0.035       0.024        10316555005206    2.9844770   29.1420400      100114      6   55779.301697200         877    17.539    21.540     27.538    1.950       2.298           0      131072            0            1    10316555 
   55780.252137200        17.541        0.029      1001142060002556    2.9844860   29.1420170   00h11m56.28s   29d08m31.26s      2               0    5.969094e-07         445         444         422        17.535            0.005     17.548         17.548   17.553       17.550    0.035       0.024        10350625004404    2.9844700   29.1420050      100114      6   55780.254537200         878    17.530    20.944     27.488    2.150       2.335           0      131072            0            1    10350625 
   55780.296807200        17.538        0.028      1001142060002556    2.9844860   29.1420170   00h11m56.28s   29d08m31.26s      2               0    5.969094e-07         445         444         422        17.535            0.005     17.548         17.548   17.553       17.550    0.035       0.024        10350740004917    2.9844760   29.1420110      100114      6   55780.299207200         878    17.537    21.337     27.542    2.150       2.437           0      131072            0            1    10350740 
   55782.250877200        17.592        0.030      1001142060002556    2.9844860   29.1420170   00h11m56.28s   29d08m31.26s      2               0    5.969094e-07         445         444         422        17.535            0.005     17.548         17.548   17.553       17.550    0.035       0.024        10353420003632    2.9845120   29.1420320      100114      6   55782.253427200         880    17.591    20.528     27.482    2.650       2.718           0      131072            0            1    10353420 
   55782.303637200        17.561        0.028      1001142060002556    2.9844860   29.1420170   00h11m56.28s   29d08m31.26s      2               0    5.969094e-07         445         444         422        17.535            0.005     17.548         17.548   17.553       17.550    0.035       0.024        10353354004423    2.9845020   29.1420160      100114      6   55782.306187200         880    17.572    20.897     27.546    2.450       2.531           0      131072            0            1    10353354 
   55783.257337200        17.559        0.035      1001142060002556    2.9844860   29.1420170   00h11m56.28s   29d08m31.26s      2               0    5.969094e-07         445         444         422        17.535            0.005     17.548         17.548   17.553       17.550    0.035       0.024        10358010003121    2.9845160   29.1420040      100114      6   55783.259957200         881    17.542    20.112     27.482    3.850       3.868           0      131072            0            1    10358010 
   55783.300977200        17.575        0.031      1001142060002556    2.9844860   29.1420170   00h11m56.28s   29d08m31.26s      2               0    5.969094e-07         445         444         422        17.535            0.005     17.548         17.548   17.553       17.550    0.035       0.024        10357986003798    2.9844430   29.1420180      100114      6   55783.303597200         881    17.571    20.520     27.534    3.150       3.304           0      131072            0            1    10357986 
   55793.206157200        17.549        0.034      1001142060002556    2.9844860   29.1420170   00h11m56.28s   29d08m31.26s      2               0    5.969094e-07         445         444         422        17.535            0.005     17.548         17.548   17.553       17.550    0.035       0.024        10377768004645    2.9844690   29.1420140      100114      6   55793.209487200         891    17.538    21.095     27.463    2.450       2.820           0      131072            0            1    10377768 
   55794.261357200        17.583        0.060      1001142060002556    2.9844860   29.1420170   00h11m56.28s   29d08m31.26s      2               0    5.969094e-07         445         444         422        17.535            0.005     17.548         17.548   17.553       17.550    0.035       0.024        10379376004925    2.9844890   29.1420290      100114      6   55794.264757200         892    17.545    21.243     27.510    2.150       2.433           0      131072            0            1    10379376 
   55809.166937200        17.571        0.056      1001142060002556    2.9844860   29.1420170   00h11m56.28s   29d08m31.26s      2               0    5.969094e-07         445         444         422        17.535            0.005     17.548         17.548   17.553       17.550    0.035       0.024        10480861003263    2.9844790   29.1420270      100114      6   55809.171207200         907    17.598    20.290     27.303    3.050       3.246           0      131072            0            1    10480861 
   55821.413337200        17.584        0.033      1001142060002556    2.9844860   29.1420170   00h11m56.28s   29d08m31.26s      2               0    5.969094e-07         445         444         422        17.535            0.005     17.548         17.548   17.553       17.550    0.035       0.024        10510181003273    2.9844750   29.1420210      100114      6   55821.418127200         919    17.584    20.579     27.549    2.350       2.615           0      131072            0            1    10510181 
   55822.363587200        17.524        0.030      1001142060002556    2.9844860   29.1420170   00h11m56.28s   29d08m31.26s      2               0    5.969094e-07         445         444         422        17.535            0.005     17.548         17.548   17.553       17.550    0.035       0.024        10515122004084    2.9845180   29.1420220      100114      6   55822.368417200         920    17.530    20.751     27.545    2.650       2.839           0      131072            0            1    10515122 
   55822.406567200        17.535        0.030      1001142060002556    2.9844860   29.1420170   00h11m56.28s   29d08m31.26s      2               0    5.969094e-07         445         444         422        17.535            0.005     17.548         17.548   17.553       17.550    0.035       0.024        10515141004148    2.9844910   29.1420150      100114      6   55822.411387200         920    17.540    20.969     27.544    2.050       2.051           0      131072            0            1    10515141 
   55838.116477200        17.549        0.032      1001142060002556    2.9844860   29.1420170   00h11m56.28s   29d08m31.26s      2               0    5.969094e-07         445         444         422        17.535            0.005     17.548         17.548   17.553       17.550    0.035       0.024        10569624003694    2.9845040   29.1420150      100114      6   55838.121647200         936    17.541    20.739     27.434    2.450       2.466           0      131072            0            1    10569624 
   55838.195117200        17.568        0.031      1001142060002556    2.9844860   29.1420170   00h11m56.28s   29d08m31.26s      2               0    5.969094e-07         445         444         422        17.535            0.005     17.548         17.548   17.553       17.550    0.035       0.024        10569664004268    2.9845110   29.1420160      100114      6   55838.200287200         936    17.557    20.964     27.493    2.450       2.753           0      131072            0            1    10569664 
   56203.110667200        17.530        0.030      1001142060002556    2.9844860   29.1420170   00h11m56.28s   29d08m31.26s      2               0    5.969094e-07         445         444         422        17.535            0.005     17.548         17.548   17.553       17.550    0.035       0.024        14294087003985    2.9845170   29.1420220      100114      6   56203.115837200        1300    17.552    20.672     27.609    3.250       3.398           0      131072            0            1    14294087 
   56203.138757200        17.577        0.032      1001142060002556    2.9844860   29.1420170   00h11m56.28s   29d08m31.26s      2               0    5.969094e-07         445         444         422        17.535            0.005     17.548         17.548   17.553       17.550    0.035       0.024        14294120003665    2.9844860   29.1420160      100114      6   56203.143927200        1300    17.592    20.711     27.648    2.150       2.294           0      131072            0            1    14294120 
   56203.167877200        17.544        0.032      1001142060002556    2.9844860   29.1420170   00h11m56.28s   29d08m31.26s      2               0    5.969094e-07         445         444         422        17.535            0.005     17.548         17.548   17.553       17.550    0.035       0.024        14294148003704    2.9844540   29.1420200      100114      6   56203.173047200        1300    17.549    20.789     27.674    1.950       2.142           0      131072            0            1    14294148 
   56537.326577200        17.536        0.026      1001142060002556    2.9844860   29.1420170   00h11m56.28s   29d08m31.26s      2               0    5.969094e-07         445         444         422        17.535            0.005     17.548         17.548   17.553       17.550    0.035       0.024        18124330005857    2.9845290   29.1420000      100114      6   56537.330727200        1611    17.541    21.843     27.603    1.850       2.185           0      131072            0            1    18124330 
   56537.518877200        17.558        0.029      1001142060002556    2.9844860   29.1420170   00h11m56.28s   29d08m31.26s      2               0    5.969094e-07         445         444         422        17.535            0.005     17.548         17.548   17.553       17.550    0.035       0.024        18124487004334    2.9845150   29.1420070      100114      6   56537.523037200        1611    17.569    21.118     27.579    1.850       2.014           0      131072            0            1    18124487 
   56540.454177200        17.538        0.101      1001142060002556    2.9844860   29.1420170   00h11m56.28s   29d08m31.26s      2               0    5.969094e-07         445         444         422        17.535            0.005     17.548         17.548   17.553       17.550    0.035       0.024        18197418005778    2.9845310   29.1420130      100114      6   56540.458497200        1614    17.471    21.677     27.530    1.950       2.194           0      131072            0            1    18197418 
   56600.264077200        17.549        0.042      1001142060002556    2.9844860   29.1420170   00h11m56.28s   29d08m31.26s      2               0    5.969094e-07         445         444         422        17.535            0.005     17.548         17.548   17.553       17.550    0.035       0.024        18183309004427    2.9845270   29.1419990      100114      6   56600.268797200        1674    17.544    21.610     27.634    2.150       2.406           0      131072            0            1    18183309 
   56600.387007200        17.632        0.058      1001142060002556    2.9844860   29.1420170   00h11m56.28s   29d08m31.26s      2               0    5.969094e-07         445         444         422        17.535            0.005     17.548         17.548   17.553       17.550    0.035       0.024        18183411002313    2.9845110   29.1419760      100114      6   56600.391717200        1674    18.482    20.625     27.520    3.350       3.802           0      131072            0            1    18183411 
   56606.100207200        17.529        0.376      1001142060002556    2.9844860   29.1420170   00h11m56.28s   29d08m31.26s      2               0    5.969094e-07         445         444         422        17.535            0.005     17.548         17.548   17.553       17.550    0.035       0.024        18296938003251    2.9844940   29.1419920      100114      6   56606.104677200        1680    17.507    20.316     27.196    2.250       2.463           0      131072            0            1    18296938 
   56606.160287200        17.535        0.376      1001142060002556    2.9844860   29.1420170   00h11m56.28s   29d08m31.26s      2               0    5.969094e-07         445         444         422        17.535            0.005     17.548         17.548   17.553       17.550    0.035       0.024        18296981002844    2.9844960   29.1420080      100114      6   56606.164757200        1680    17.813    20.496     27.351    2.050       2.135           0      131072            0            1    18296981 
   56606.185397200        17.545        0.375      1001142060002556    2.9844860   29.1420170   00h11m56.28s   29d08m31.26s      2               0    5.969094e-07         445         444         422        17.535            0.005     17.548         17.548   17.553       17.550    0.035       0.024        18297010004611    2.9845200   29.1420200      100114      6   56606.189857200        1680    17.165    20.900     27.248    2.150       2.367           0      131072            0            1    18297010 
