   55059.431477200        21.045        0.162      1001142060003202    2.8100330   29.1892210   00h11m14.41s   29d11m21.20s      2               0    1.368427e-06         247         247         245        20.425            0.018     20.614         20.615   20.616       20.618    0.230       0.229        11898981006420    2.8099520   29.1891190      100114      6   55059.434587200         173    21.044    21.471     27.280    2.350       2.994           0      131072            0            1    11898981 
   55059.454527200        20.574        0.143      1001142060003202    2.8100330   29.1892210   00h11m14.41s   29d11m21.20s      2               0    1.368427e-06         247         247         245        20.425            0.018     20.614         20.615   20.616       20.618    0.230       0.229        11899087006456    2.8099970   29.1891450      100114      6   55059.457637200         173    20.571    21.484     27.277    2.350       5.066           0      131072            0            1    11899087 
   55061.424747200        20.580        0.128      1001142060003202    2.8100330   29.1892210   00h11m14.41s   29d11m21.20s      2               0    1.368427e-06         247         247         245        20.425            0.018     20.614         20.615   20.616       20.618    0.230       0.229        11894878005033    2.8100940   29.1892180      100114      6   55061.427997200         175    20.572    21.590     27.247    2.350       3.026           0      131072            0            1    11894878 
   55061.462657200        20.695        0.133      1001142060003202    2.8100330   29.1892210   00h11m14.41s   29d11m21.20s      2               0    1.368427e-06         247         247         245        20.425            0.018     20.614         20.615   20.616       20.618    0.230       0.229        11894740006662    2.8099190   29.1892140      100114      6   55061.465917200         175    20.674    21.695     27.235    2.150       3.985           0      131072            0            1    11894740 
   55063.441527200        20.451        0.133      1001142060003202    2.8100330   29.1892210   00h11m14.41s   29d11m21.20s      2               0    1.368427e-06         247         247         245        20.425            0.018     20.614         20.615   20.616       20.618    0.230       0.229        11890493006852    2.8100530   29.1891490      100114      6   55063.444907200         177    20.446    21.697     27.226    2.150       3.723           0      131072            0            1    11890493 
   55063.486237200        21.029        0.127      1001142060003202    2.8100330   29.1892210   00h11m14.41s   29d11m21.20s      2               0    1.368427e-06         247         247         245        20.425            0.018     20.614         20.615   20.616       20.618    0.230       0.229        11890517006803    2.8099740   29.1891570      100114      6   55063.489627200         177    21.041    21.727     27.223    2.050       3.710           0      131072            0            1    11890517 
   55066.424917200        20.821        0.163      1001142060003202    2.8100330   29.1892210   00h11m14.41s   29d11m21.20s      2               0    1.368427e-06         247         247         245        20.425            0.018     20.614         20.615   20.616       20.618    0.230       0.229        11884710006454    2.8099450   29.1892510      100114      6   55066.428497200         180    20.816    21.568     27.207    2.150       2.092           0      131072            0            1    11884710 
   55066.469697200        20.601        0.114      1001142060003202    2.8100330   29.1892210   00h11m14.41s   29d11m21.20s      2               0    1.368427e-06         247         247         245        20.425            0.018     20.614         20.615   20.616       20.618    0.230       0.229        11884677006759    2.8099560   29.1891570      100114      6   55066.473277200         180    20.589    21.681     27.211    1.950       5.200           0      131072            0            1    11884677 
   55069.414127200        20.841        0.143      1001142060003202    2.8100330   29.1892210   00h11m14.41s   29d11m21.20s      2               0    1.368427e-06         247         247         245        20.425            0.018     20.614         20.615   20.616       20.618    0.230       0.229        11880809006523    2.8099600   29.1890390      100114      6   55069.417897200         183    20.839    21.568     27.265    2.050       4.705           0      131072            0            1    11880809 
   55069.459987200        21.089        0.187      1001142060003202    2.8100330   29.1892210   00h11m14.41s   29d11m21.20s      2               0    1.368427e-06         247         247         245        20.425            0.018     20.614         20.615   20.616       20.618    0.230       0.229        11880766005966    2.8099180   29.1891180      100114      6   55069.463757200         183    21.094    21.404     27.266    2.350       2.428           0           0            0            1    11880766 
   55089.350597200        20.674        0.157      1001142060003202    2.8100330   29.1892210   00h11m14.41s   29d11m21.20s      2               0    1.368427e-06         247         247         245        20.425            0.018     20.614         20.615   20.616       20.618    0.230       0.229        11854279005336    2.8100040   29.1889640      100114      6   55089.355347200         201    20.667    21.243     27.253    2.750       3.038           0           0            0            1    11854279 
   55089.394887200        20.832        0.138      1001142060003202    2.8100330   29.1892210   00h11m14.41s   29d11m21.20s      2               0    1.368427e-06         247         247         245        20.425            0.018     20.614         20.615   20.616       20.618    0.230       0.229        11854251005944    2.8099850   29.1891650      100114      6   55089.399627200         201    20.832    21.536     27.271    2.150       4.536           0      131072            0            1    11854251 
   55093.335147200        20.340        0.150      1001142060003202    2.8100330   29.1892210   00h11m14.41s   29d11m21.20s      2               0    1.368427e-06         247         247         245        20.425            0.018     20.614         20.615   20.616       20.618    0.230       0.229        11854138006039    2.8099010   29.1891820      100114      6   55093.340027200         205    20.343    21.509     27.226    2.150       4.808           0      131072            0            1    11854138 
   55093.379747200        20.478        0.132      1001142060003202    2.8100330   29.1892210   00h11m14.41s   29d11m21.20s      2               0    1.368427e-06         247         247         245        20.425            0.018     20.614         20.615   20.616       20.618    0.230       0.229        11854093005866    2.8100190   29.1890340      100114      6   55093.384617200         205    20.485    21.605     27.234    2.050       5.395           0      131072            0            1    11854093 
   55095.329827200        20.632        0.126      1001142060003202    2.8100330   29.1892210   00h11m14.41s   29d11m21.20s      2               0    1.368427e-06         247         247         245        20.425            0.018     20.614         20.615   20.616       20.618    0.230       0.229        11932331006315    2.8099480   29.1892070      100114      6   55095.334757200         207    20.635    21.453     27.266    2.350       5.662           0      131072            0            1    11932331 
   55095.374507200        20.893        0.164      1001142060003202    2.8100330   29.1892210   00h11m14.41s   29d11m21.20s      2               0    1.368427e-06         247         247         245        20.425            0.018     20.614         20.615   20.616       20.618    0.230       0.229        11932347005926    2.8100980   29.1891960      100114      6   55095.379437200         207    20.899    21.473     27.262    2.350       4.374           0      131072            0            1    11932347 
   55114.378347200        20.802        0.221      1001142060003202    2.8100330   29.1892210   00h11m14.41s   29d11m21.20s      2               0    1.368427e-06         247         247         245        20.425            0.018     20.614         20.615   20.616       20.618    0.230       0.229        11806483005153    2.8098470   29.1893400      100114      6   55114.383547200         223    20.673    21.058     27.617    2.450       3.813           0           0            0            1    11806483 
   55119.413187200        20.444        0.164      1001142060003202    2.8100330   29.1892210   00h11m14.41s   29d11m21.20s      2               0    1.368427e-06         247         247         245        20.425            0.018     20.614         20.615   20.616       20.618    0.230       0.229        11838687004972    2.8099110   29.1894180      100114      6   55119.418367200         228    20.461    21.301     27.716    2.350       4.767           0           0            0            1    11838687 
   55123.287437200        20.617        0.145      1001142060003202    2.8100330   29.1892210   00h11m14.41s   29d11m21.20s      2               0    1.368427e-06         247         247         245        20.425            0.018     20.614         20.615   20.616       20.618    0.230       0.229        11812963005574    2.8099370   29.1894180      100114      6   55123.292577200         232    20.628    21.571     27.758    2.350       5.244           0      131072            0            1    11812963 
   55123.336467200        20.413        0.140      1001142060003202    2.8100330   29.1892210   00h11m14.41s   29d11m21.20s      2               0    1.368427e-06         247         247         245        20.425            0.018     20.614         20.615   20.616       20.618    0.230       0.229        11812935005308    2.8099760   29.1891760      100114      6   55123.341607200         232    20.420    21.513     27.750    2.350       2.661           0           0            0            1    11812935 
   55142.296147200        20.551        0.201      1001142060003202    2.8100330   29.1892210   00h11m14.41s   29d11m21.20s      2               0    1.368427e-06         247         247         245        20.425            0.018     20.614         20.615   20.616       20.618    0.230       0.229        11792905004815    2.8098840   29.1892270      100114      6   55142.300737200         282    20.549    21.168     27.761    2.350       4.177           0           0            0            1    11792905 
   55144.317337200        20.655        0.206      1001142060003202    2.8100330   29.1892210   00h11m14.41s   29d11m21.20s      2               0    1.368427e-06         247         247         245        20.425            0.018     20.614         20.615   20.616       20.618    0.230       0.229        11799803004273    2.8101830   29.1892490      100114      6   55144.321847200         250    20.663    21.261     27.742    2.150       2.690           0           0            0            1    11799803 
   55152.173527200        20.725        0.164      1001142060003202    2.8100330   29.1892210   00h11m14.41s   29d11m21.20s      2               0    1.368427e-06         247         247         245        20.425            0.018     20.614         20.615   20.616       20.618    0.230       0.229        11803159005431    2.8098960   29.1892790      100114      6   55152.177637200         258    20.731    21.336     27.796    2.750       4.034           0      131072            0            1    11803159 
   55152.217537200        20.835        0.183      1001142060003202    2.8100330   29.1892210   00h11m14.41s   29d11m21.20s      2               0    1.368427e-06         247         247         245        20.425            0.018     20.614         20.615   20.616       20.618    0.230       0.229        11803084005510    2.8100150   29.1891620      100114      6   55152.221637200         258    20.833    21.356     27.790    2.650       3.478           0           0            0            1    11803084 
   55183.164917200        20.250        0.257      1001142060003202    2.8100330   29.1892210   00h11m14.41s   29d11m21.20s      2               0    1.368427e-06         247         247         245        20.425            0.018     20.614         20.615   20.616       20.618    0.230       0.229        11781690005470    2.8100740   29.1892330      100114      6   55183.166757200         279    20.152    21.175     27.648    2.350       5.550           0      131072            0            1    11781690 
   55199.096657200        20.971        0.160      1001142060003202    2.8100330   29.1892210   00h11m14.41s   29d11m21.20s      2               0    1.368427e-06         247         247         245        20.425            0.018     20.614         20.615   20.616       20.618    0.230       0.229        14959062004411    2.8100350   29.1891910      100114      6   55199.097057200         307    20.962    21.360     27.787    2.450       3.936           0      131072            0            1    14959062 
   55207.154177200        20.629        0.123      1001142060003202    2.8100330   29.1892210   00h11m14.41s   29d11m21.20s      2               0    1.368427e-06         247         247         245        20.425            0.018     20.614         20.615   20.616       20.618    0.230       0.229        11745244006049    2.8100260   29.1890620      100114      6   55207.153837200         316    20.615    21.574     27.747    1.950       5.372           0      131072            0            1    11745244 
   55209.134757200        20.637        0.164      1001142060003202    2.8100330   29.1892210   00h11m14.41s   29d11m21.20s      2               0    1.368427e-06         247         247         245        20.425            0.018     20.614         20.615   20.616       20.618    0.230       0.229        11741608005968    2.8099800   29.1892130      100114      6   55209.134227200         318    20.639    21.561     27.789    2.150       4.616           0      131072            0            1    11741608 
   55209.179387200        20.648        0.197      1001142060003202    2.8100330   29.1892210   00h11m14.41s   29d11m21.20s      2               0    1.368427e-06         247         247         245        20.425            0.018     20.614         20.615   20.616       20.618    0.230       0.229        11741584005216    2.8099400   29.1892800      100114      6   55209.178857200         318    20.629    21.186     27.739    2.650       4.732           0           0            0            1    11741584 
   55422.309447200        20.761        0.134      1001142060003202    2.8100330   29.1892210   00h11m14.41s   29d11m21.20s      2               0    1.368427e-06         247         247         245        20.425            0.018     20.614         20.615   20.616       20.618    0.230       0.229        11149993005815    2.8099090   29.1891680      100114      6   55422.312387200         521    20.749    21.616     27.668    2.250       3.780           0      131072            0            1    11149993 
   55422.350847200        20.673        0.205      1001142060003202    2.8100330   29.1892210   00h11m14.41s   29d11m21.20s      2               0    1.368427e-06         247         247         245        20.425            0.018     20.614         20.615   20.616       20.618    0.230       0.229        11150034006198    2.8100670   29.1891940      100114      6   55422.353787200         521    20.661    21.778     27.687    2.150       5.483           0      131072            0            1    11150034 
   55422.362757200        20.753        0.124      1001142060003202    2.8100330   29.1892210   00h11m14.41s   29d11m21.20s      2               0    1.368427e-06         247         247         245        20.425            0.018     20.614         20.615   20.616       20.618    0.230       0.229        11149808006128    2.8099940   29.1891520      100114      6   55422.365697200         521    20.746    21.773     27.691    2.250       3.834           0      131072            0            1    11149808 
   55422.386737200        20.745        0.126      1001142060003202    2.8100330   29.1892210   00h11m14.41s   29d11m21.20s      2               0    1.368427e-06         247         247         245        20.425            0.018     20.614         20.615   20.616       20.618    0.230       0.229        11149844006416    2.8099740   29.1891810      100114      6   55422.389687200         521    20.739    21.949     27.696    1.950       4.337           0      131072            0            1    11149844 
   55422.399047200        20.634        0.127      1001142060003202    2.8100330   29.1892210   00h11m14.41s   29d11m21.20s      2               0    1.368427e-06         247         247         245        20.425            0.018     20.614         20.615   20.616       20.618    0.230       0.229        11149936005806    2.8100280   29.1891760      100114      6   55422.401997200         521    20.634    21.759     27.697    2.350       5.003           0      131072            0            1    11149936 
   55422.412987200        21.031        0.156      1001142060003202    2.8100330   29.1892210   00h11m14.41s   29d11m21.20s      2               0    1.368427e-06         247         247         245        20.425            0.018     20.614         20.615   20.616       20.618    0.230       0.229        11149893005960    2.8100090   29.1893020      100114      6   55422.415937200         521    21.029    21.756     27.698    2.350       4.769           0           0            0            1    11149893 
   55422.426747200        20.313        0.117      1001142060003202    2.8100330   29.1892210   00h11m14.41s   29d11m21.20s      2               0    1.368427e-06         247         247         245        20.425            0.018     20.614         20.615   20.616       20.618    0.230       0.229        11149865005261    2.8100070   29.1893860      100114      6   55422.429697200         521    20.309    21.736     27.698    2.350       5.950           0      131072            0            1    11149865 
   55422.439457200        20.613        0.149      1001142060003202    2.8100330   29.1892210   00h11m14.41s   29d11m21.20s      2               0    1.368427e-06         247         247         245        20.425            0.018     20.614         20.615   20.616       20.618    0.230       0.229        11149856006128    2.8100340   29.1892060      100114      6   55422.442407200         521    20.608    21.701     27.698    2.450       3.602           0      131072            0            1    11149856 
   55422.452697200        20.588        0.141      1001142060003202    2.8100330   29.1892210   00h11m14.41s   29d11m21.20s      2               0    1.368427e-06         247         247         245        20.425            0.018     20.614         20.615   20.616       20.618    0.230       0.229        11149851006097    2.8100100   29.1892280      100114      6   55422.455647200         521    20.580    21.656     27.696    2.550       3.012           0      131072            0            1    11149851 
   55422.466737200        20.699        0.146      1001142060003202    2.8100330   29.1892210   00h11m14.41s   29d11m21.20s      2               0    1.368427e-06         247         247         245        20.425            0.018     20.614         20.615   20.616       20.618    0.230       0.229        11150061005890    2.8099260   29.1891620      100114      6   55422.469687200         521    20.693    21.569     27.694    2.750       6.634           0      131072            0            1    11150061 
   55422.483747200        20.468        0.126      1001142060003202    2.8100330   29.1892210   00h11m14.41s   29d11m21.20s      2               0    1.368427e-06         247         247         245        20.425            0.018     20.614         20.615   20.616       20.618    0.230       0.229        11149979006179    2.8100220   29.1891470      100114      6   55422.486707200         521    20.461    21.720     27.690    2.350       5.898           0      131072            0            1    11149979 
   55423.307897200        20.771        0.185      1001142060003202    2.8100330   29.1892210   00h11m14.41s   29d11m21.20s      2               0    1.368427e-06         247         247         245        20.425            0.018     20.614         20.615   20.616       20.618    0.230       0.229        11147042006005    2.8099760   29.1891230      100114      6   55423.310907200         522    20.764    21.691     27.665    2.050       4.100           0           0            0            1    11147042 
   55423.325617200        20.380        0.161      1001142060003202    2.8100330   29.1892210   00h11m14.41s   29d11m21.20s      2               0    1.368427e-06         247         247         245        20.425            0.018     20.614         20.615   20.616       20.618    0.230       0.229        11147017006143    2.8100960   29.1891900      100114      6   55423.328627200         522    20.372    21.731     27.672    2.050       5.667           0      131072            0            1    11147017 
   55423.339857200        20.293        0.125      1001142060003202    2.8100330   29.1892210   00h11m14.41s   29d11m21.20s      2               0    1.368427e-06         247         247         245        20.425            0.018     20.614         20.615   20.616       20.618    0.230       0.229        11147166005969    2.8099650   29.1894120      100114      6   55423.342877200         522    20.284    21.672     27.677    2.250       5.501           0      131072            0            1    11147166 
   55423.353677200        20.900        0.144      1001142060003202    2.8100330   29.1892210   00h11m14.41s   29d11m21.20s      2               0    1.368427e-06         247         247         245        20.425            0.018     20.614         20.615   20.616       20.618    0.230       0.229        11147138006216    2.8101030   29.1891080      100114      6   55423.356697200         522    20.894    21.888     27.680    1.850       3.161           0      131072            0            1    11147138 
   55423.365657200        20.725        0.165      1001142060003202    2.8100330   29.1892210   00h11m14.41s   29d11m21.20s      2               0    1.368427e-06         247         247         245        20.425            0.018     20.614         20.615   20.616       20.618    0.230       0.229        11146989006335    2.8099370   29.1892230      100114      6   55423.368677200         522    20.716    21.919     27.682    1.850       4.178           0      131072            0            1    11146989 
   55423.382637200        20.464        0.133      1001142060003202    2.8100330   29.1892210   00h11m14.41s   29d11m21.20s      2               0    1.368427e-06         247         247         245        20.425            0.018     20.614         20.615   20.616       20.618    0.230       0.229        11147033006321    2.8100040   29.1891450      100114      6   55423.385657200         522    20.457    21.777     27.684    2.150       4.912           0      131072            0            1    11147033 
   55423.397187200        20.571        0.113      1001142060003202    2.8100330   29.1892210   00h11m14.41s   29d11m21.20s      2               0    1.368427e-06         247         247         245        20.425            0.018     20.614         20.615   20.616       20.618    0.230       0.229        11147208006300    2.8100280   29.1891300      100114      6   55423.400207200         522    20.568    21.861     27.685    2.050       3.825           0      131072            0            1    11147208 
   55423.412007200        20.800        0.149      1001142060003202    2.8100330   29.1892210   00h11m14.41s   29d11m21.20s      2               0    1.368427e-06         247         247         245        20.425            0.018     20.614         20.615   20.616       20.618    0.230       0.229        11147124006316    2.8099920   29.1892430      100114      6   55423.415027200         522    20.794    21.848     27.685    2.050       3.439           0           0            0            1    11147124 
   55423.426547200        20.691        0.127      1001142060003202    2.8100330   29.1892210   00h11m14.41s   29d11m21.20s      2               0    1.368427e-06         247         247         245        20.425            0.018     20.614         20.615   20.616       20.618    0.230       0.229        11147117006478    2.8099970   29.1891500      100114      6   55423.429567200         522    20.686    21.978     27.685    1.850       5.780           0      131072            0            1    11147117 
   55423.440577200        20.745        0.150      1001142060003202    2.8100330   29.1892210   00h11m14.41s   29d11m21.20s      2               0    1.368427e-06         247         247         245        20.425            0.018     20.614         20.615   20.616       20.618    0.230       0.229        11147201006188    2.8100270   29.1891770      100114      6   55423.443597200         522    20.742    21.808     27.683    2.150       4.974           0           0            0            1    11147201 
   55423.466517200        20.466        0.140      1001142060003202    2.8100330   29.1892210   00h11m14.41s   29d11m21.20s      2               0    1.368427e-06         247         247         245        20.425            0.018     20.614         20.615   20.616       20.618    0.230       0.229        11147175006167    2.8099720   29.1893640      100114      6   55423.469537200         522    20.461    21.797     27.680    2.150       3.759           0      131072            0            1    11147175 
   55423.482907200        20.621        0.159      1001142060003202    2.8100330   29.1892210   00h11m14.41s   29d11m21.20s      2               0    1.368427e-06         247         247         245        20.425            0.018     20.614         20.615   20.616       20.618    0.230       0.229        11147187006083    2.8101010   29.1890070      100114      6   55423.485927200         522    20.610    21.805     27.677    2.050       4.238           0           0            0            1    11147187 
   55423.497167200        20.552        0.124      1001142060003202    2.8100330   29.1892210   00h11m14.41s   29d11m21.20s      2               0    1.368427e-06         247         247         245        20.425            0.018     20.614         20.615   20.616       20.618    0.230       0.229        11147101006085    2.8099890   29.1892650      100114      6   55423.500187200         522    20.539    21.561     27.673    2.350       5.650           0      131072            0            1    11147101 
   55424.304627200        20.357        0.130      1001142060003202    2.8100330   29.1892210   00h11m14.41s   29d11m21.20s      2               0    1.368427e-06         247         247         245        20.425            0.018     20.614         20.615   20.616       20.618    0.230       0.229        11144740005811    2.8100710   29.1892400      100114      6   55424.307717200         523    20.331    21.658     27.577    1.950       4.479           0      131072            0            1    11144740 
   55424.318437200        20.256        0.111      1001142060003202    2.8100330   29.1892210   00h11m14.41s   29d11m21.20s      2               0    1.368427e-06         247         247         245        20.425            0.018     20.614         20.615   20.616       20.618    0.230       0.229        11144697005823    2.8100340   29.1892410      100114      6   55424.321517200         523    20.234    21.634     27.590    2.050       4.754           0      131072            0            1    11144697 
   55424.332167200        20.503        0.154      1001142060003202    2.8100330   29.1892210   00h11m14.41s   29d11m21.20s      2               0    1.368427e-06         247         247         245        20.425            0.018     20.614         20.615   20.616       20.618    0.230       0.229        11144728005546    2.8102000   29.1889670      100114      6   55424.335247200         523    20.513    21.575     27.601    2.250       5.298           0      131072            0            1    11144728 
   55424.348687200        20.757        0.175      1001142060003202    2.8100330   29.1892210   00h11m14.41s   29d11m21.20s      2               0    1.368427e-06         247         247         245        20.425            0.018     20.614         20.615   20.616       20.618    0.230       0.229        11144712005930    2.8100340   29.1891570      100114      6   55424.351777200         523    20.754    21.661     27.612    2.150       2.617           0      131072            0            1    11144712 
   55424.360497200        20.872        0.174      1001142060003202    2.8100330   29.1892210   00h11m14.41s   29d11m21.20s      2               0    1.368427e-06         247         247         245        20.425            0.018     20.614         20.615   20.616       20.618    0.230       0.229        11144729005922    2.8099400   29.1893560      100114      6   55424.363587200         523    20.864    21.644     27.618    2.250       4.583           0           0            0            1    11144729 
   55424.373007200        20.177        0.109      1001142060003202    2.8100330   29.1892210   00h11m14.41s   29d11m21.20s      2               0    1.368427e-06         247         247         245        20.425            0.018     20.614         20.615   20.616       20.618    0.230       0.229        11144736006091    2.8100900   29.1892050      100114      6   55424.376097200         523    20.168    21.800     27.624    1.950       5.267           0      131072            0            1    11144736 
   55424.386287200        20.524        0.126      1001142060003202    2.8100330   29.1892210   00h11m14.41s   29d11m21.20s      2               0    1.368427e-06         247         247         245        20.425            0.018     20.614         20.615   20.616       20.618    0.230       0.229        11144739004859    2.8100350   29.1892670      100114      6   55424.389377200         523    20.523    21.770     27.629    2.050       5.197           0      131072            0            1    11144739 
   55424.399217200        20.363        0.137      1001142060003202    2.8100330   29.1892210   00h11m14.41s   29d11m21.20s      2               0    1.368427e-06         247         247         245        20.425            0.018     20.614         20.615   20.616       20.618    0.230       0.229        11144897006228    2.8100120   29.1893530      100114      6   55424.402307200         523    20.358    21.795     27.634    2.050       3.461           0      131072            0            1    11144897 
   55424.413257200        20.389        0.145      1001142060003202    2.8100330   29.1892210   00h11m14.41s   29d11m21.20s      2               0    1.368427e-06         247         247         245        20.425            0.018     20.614         20.615   20.616       20.618    0.230       0.229        11144757006242    2.8099850   29.1892610      100114      6   55424.416347200         523    20.383    21.805     27.638    2.050       4.915           0      131072            0            1    11144757 
   55424.428257200        20.463        0.120      1001142060003202    2.8100330   29.1892210   00h11m14.41s   29d11m21.20s      2               0    1.368427e-06         247         247         245        20.425            0.018     20.614         20.615   20.616       20.618    0.230       0.229        11144756006157    2.8100120   29.1891650      100114      6   55424.431347200         523    20.464    21.761     27.641    2.150       5.129           0      131072            0            1    11144756 
   55424.440317200        20.483        0.129      1001142060003202    2.8100330   29.1892210   00h11m14.41s   29d11m21.20s      2               0    1.368427e-06         247         247         245        20.425            0.018     20.614         20.615   20.616       20.618    0.230       0.229        11144916006347    2.8099350   29.1892440      100114      6   55424.443407200         523    20.485    21.863     27.642    1.950       4.039           0      131072            0            1    11144916 
   55424.456717200        20.715        0.170      1001142060003202    2.8100330   29.1892210   00h11m14.41s   29d11m21.20s      2               0    1.368427e-06         247         247         245        20.425            0.018     20.614         20.615   20.616       20.618    0.230       0.229        11144849006210    2.8099350   29.1891350      100114      6   55424.459807200         523    20.718    21.652     27.644    2.350       4.971           0           0            0            1    11144849 
   55424.469517200        20.674        0.168      1001142060003202    2.8100330   29.1892210   00h11m14.41s   29d11m21.20s      2               0    1.368427e-06         247         247         245        20.425            0.018     20.614         20.615   20.616       20.618    0.230       0.229        11144704006189    2.8101270   29.1892640      100114      6   55424.472607200         523    20.674    21.753     27.644    2.150       4.296           0           0            0            1    11144704 
   55424.484247200        20.454        0.118      1001142060003202    2.8100330   29.1892210   00h11m14.41s   29d11m21.20s      2               0    1.368427e-06         247         247         245        20.425            0.018     20.614         20.615   20.616       20.618    0.230       0.229        11144794006119    2.8100560   29.1892930      100114      6   55424.487347200         523    20.459    21.790     27.643    2.050       6.169           0      131072            0            1    11144794 
   55424.496347200        20.315        0.139      1001142060003202    2.8100330   29.1892210   00h11m14.41s   29d11m21.20s      2               0    1.368427e-06         247         247         245        20.425            0.018     20.614         20.615   20.616       20.618    0.230       0.229        11144863006241    2.8100440   29.1891500      100114      6   55424.499437200         523    20.318    21.793     27.643    1.950       3.831           0      131072            0            1    11144863 
   55425.307457200        20.539        0.153      1001142060003202    2.8100330   29.1892210   00h11m14.41s   29d11m21.20s      2               0    1.368427e-06         247         247         245        20.425            0.018     20.614         20.615   20.616       20.618    0.230       0.229        11141871006047    2.8100380   29.1891920      100114      6   55425.310607200         524    20.547    21.764     27.579    1.850       4.797           0           0            0            1    11141871 
   55425.337167200        20.964        0.183      1001142060003202    2.8100330   29.1892210   00h11m14.41s   29d11m21.20s      2               0    1.368427e-06         247         247         245        20.425            0.018     20.614         20.615   20.616       20.618    0.230       0.229        11141949005999    2.8099330   29.1891410      100114      6   55425.340317200         524    20.979    21.827     27.606    1.850       2.443           0           0            0            1    11141949 
   55425.350517200        20.445        0.136      1001142060003202    2.8100330   29.1892210   00h11m14.41s   29d11m21.20s      2               0    1.368427e-06         247         247         245        20.425            0.018     20.614         20.615   20.616       20.618    0.230       0.229        11141931006083    2.8100380   29.1891930      100114      6   55425.353677200         524    20.456    21.791     27.614    1.950       5.551           0      131072            0            1    11141931 
   55425.363627200        20.935        0.144      1001142060003202    2.8100330   29.1892210   00h11m14.41s   29d11m21.20s      2               0    1.368427e-06         247         247         245        20.425            0.018     20.614         20.615   20.616       20.618    0.230       0.229        11141741006181    2.8100460   29.1891520      100114      6   55425.366777200         524    20.946    21.864     27.620    1.850       4.944           0      131072            0            1    11141741 
   55425.376027200        20.308        0.165      1001142060003202    2.8100330   29.1892210   00h11m14.41s   29d11m21.20s      2               0    1.368427e-06         247         247         245        20.425            0.018     20.614         20.615   20.616       20.618    0.230       0.229        11141721006270    2.8098080   29.1893640      100114      6   55425.379187200         524    20.316    21.941     27.624    1.750       4.653           0           0            0            1    11141721 
   55425.388077200        20.390        0.125      1001142060003202    2.8100330   29.1892210   00h11m14.41s   29d11m21.20s      2               0    1.368427e-06         247         247         245        20.425            0.018     20.614         20.615   20.616       20.618    0.230       0.229        11141831006261    2.8099480   29.1891640      100114      6   55425.391237200         524    20.394    21.932     27.627    1.750       3.964           0      131072            0            1    11141831 
   55425.404397200        20.391        0.138      1001142060003202    2.8100330   29.1892210   00h11m14.41s   29d11m21.20s      2               0    1.368427e-06         247         247         245        20.425            0.018     20.614         20.615   20.616       20.618    0.230       0.229        11141784006435    2.8099020   29.1891950      100114      6   55425.407557200         524    20.393    21.953     27.629    1.750       4.894           0      131072            0            1    11141784 
   55425.418827200        20.691        0.129      1001142060003202    2.8100330   29.1892210   00h11m14.41s   29d11m21.20s      2               0    1.368427e-06         247         247         245        20.425            0.018     20.614         20.615   20.616       20.618    0.230       0.229        11141881006272    2.8099900   29.1891670      100114      6   55425.421987200         524    20.696    21.910     27.628    1.850       5.219           0      131072            0            1    11141881 
   55425.433137200        20.790        0.136      1001142060003202    2.8100330   29.1892210   00h11m14.41s   29d11m21.20s      2               0    1.368427e-06         247         247         245        20.425            0.018     20.614         20.615   20.616       20.618    0.230       0.229        11141759006341    2.8098570   29.1892580      100114      6   55425.436297200         524    20.798    21.967     27.626    1.750       3.828           0      131072            0            1    11141759 
   55425.447817200        20.488        0.129      1001142060003202    2.8100330   29.1892210   00h11m14.41s   29d11m21.20s      2               0    1.368427e-06         247         247         245        20.425            0.018     20.614         20.615   20.616       20.618    0.230       0.229        11141908006179    2.8099730   29.1891140      100114      6   55425.450977200         524    20.491    21.839     27.622    1.950       3.469           0      131072            0            1    11141908 
   55425.462417200        20.723        0.165      1001142060003202    2.8100330   29.1892210   00h11m14.41s   29d11m21.20s      2               0    1.368427e-06         247         247         245        20.425            0.018     20.614         20.615   20.616       20.618    0.230       0.229        11141844006033    2.8100210   29.1891260      100114      6   55425.465587200         524    20.716    21.780     27.616    2.050       4.111           0           0            0            1    11141844 
   55425.474857200        20.444        0.155      1001142060003202    2.8100330   29.1892210   00h11m14.41s   29d11m21.20s      2               0    1.368427e-06         247         247         245        20.425            0.018     20.614         20.615   20.616       20.618    0.230       0.229        11141807005213    2.8100070   29.1891830      100114      6   55425.478027200         524    20.440    21.402     27.609    2.450       4.434           0      131072            0            1    11141807 
   55425.490117200        20.977        0.199      1001142060003202    2.8100330   29.1892210   00h11m14.41s   29d11m21.20s      2               0    1.368427e-06         247         247         245        20.425            0.018     20.614         20.615   20.616       20.618    0.230       0.229        11141887005915    2.8099290   29.1892620      100114      6   55425.493277200         524    20.962    21.711     27.599    2.050       1.949           0           0            0            1    11141887 
   55426.298337200        20.284        0.165      1001142060003202    2.8100330   29.1892210   00h11m14.41s   29d11m21.20s      2               0    1.368427e-06         247         247         245        20.425            0.018     20.614         20.615   20.616       20.618    0.230       0.229        11198449004828    2.8099650   29.1893150      100114      6   55426.301557200         525    20.393    21.363     27.589    1.950       5.131           0           0            0            1    11198449 
   55426.323307200        20.395        0.156      1001142060003202    2.8100330   29.1892210   00h11m14.41s   29d11m21.20s      2               0    1.368427e-06         247         247         245        20.425            0.018     20.614         20.615   20.616       20.618    0.230       0.229        11198500005573    2.8101240   29.1892270      100114      6   55426.326537200         525    20.446    21.648     27.613    1.950       4.684           0      131072            0            1    11198500 
   55426.350587200        20.322        0.154      1001142060003202    2.8100330   29.1892210   00h11m14.41s   29d11m21.20s      2               0    1.368427e-06         247         247         245        20.425            0.018     20.614         20.615   20.616       20.618    0.230       0.229        11198423004936    2.8099490   29.1890400      100114      6   55426.353817200         525    20.296    21.803     27.629    1.950       4.241           0      131072            0            1    11198423 
   55426.364347200        21.001        0.163      1001142060003202    2.8100330   29.1892210   00h11m14.41s   29d11m21.20s      2               0    1.368427e-06         247         247         245        20.425            0.018     20.614         20.615   20.616       20.618    0.230       0.229        11198510006084    2.8099340   29.1891690      100114      6   55426.367577200         525    20.979    21.765     27.633    2.050       3.684           0      131072            0            1    11198510 
   55426.378217200        20.667        0.191      1001142060003202    2.8100330   29.1892210   00h11m14.41s   29d11m21.20s      2               0    1.368427e-06         247         247         245        20.425            0.018     20.614         20.615   20.616       20.618    0.230       0.229        11198411006234    2.8100240   29.1891670      100114      6   55426.381447200         525    20.647    21.786     27.636    2.050       4.428           0      131072            0            1    11198411 
   55426.392757200        20.526        0.147      1001142060003202    2.8100330   29.1892210   00h11m14.41s   29d11m21.20s      2               0    1.368427e-06         247         247         245        20.425            0.018     20.614         20.615   20.616       20.618    0.230       0.229        11198443006195    2.8099870   29.1890550      100114      6   55426.395987200         525    20.503    21.837     27.636    1.950       3.094           0      131072            0            1    11198443 
   55426.406357200        20.718        0.154      1001142060003202    2.8100330   29.1892210   00h11m14.41s   29d11m21.20s      2               0    1.368427e-06         247         247         245        20.425            0.018     20.614         20.615   20.616       20.618    0.230       0.229        11198401006436    2.8099660   29.1890640      100114      6   55426.409587200         525    20.691    21.906     27.635    1.850       3.589           0      131072            0            1    11198401 
   55426.418877200        20.245        0.122      1001142060003202    2.8100330   29.1892210   00h11m14.41s   29d11m21.20s      2               0    1.368427e-06         247         247         245        20.425            0.018     20.614         20.615   20.616       20.618    0.230       0.229        11198404006318    2.8100120   29.1892280      100114      6   55426.422107200         525    20.220    21.847     27.632    1.950       6.524           0      131072            0            1    11198404 
   55426.430467200        20.715        0.167      1001142060003202    2.8100330   29.1892210   00h11m14.41s   29d11m21.20s      2               0    1.368427e-06         247         247         245        20.425            0.018     20.614         20.615   20.616       20.618    0.230       0.229        11198542005576    2.8099640   29.1891730      100114      6   55426.433697200         525    20.700    21.667     27.628    1.950       3.367           0           0            0            1    11198542 
   55426.460817200        20.316        0.136      1001142060003202    2.8100330   29.1892210   00h11m14.41s   29d11m21.20s      2               0    1.368427e-06         247         247         245        20.425            0.018     20.614         20.615   20.616       20.618    0.230       0.229        11198420006318    2.8099980   29.1892110      100114      6   55426.464057200         525    20.273    21.878     27.611    1.850       4.001           0      131072            0            1    11198420 
   55426.489177200        20.684        0.165      1001142060003202    2.8100330   29.1892210   00h11m14.41s   29d11m21.20s      2               0    1.368427e-06         247         247         245        20.425            0.018     20.614         20.615   20.616       20.618    0.230       0.229        11198427006001    2.8100380   29.1892540      100114      6   55426.492417200         525    20.623    21.687     27.588    2.050       4.559           0           0            0            1    11198427 
   55428.291957200        20.807        0.199      1001142060003202    2.8100330   29.1892210   00h11m14.41s   29d11m21.20s      2               0    1.368427e-06         247         247         245        20.425            0.018     20.614         20.615   20.616       20.618    0.230       0.229        11194687005038    2.8101690   29.1890410      100114      6   55428.295317200         527    20.812    21.113     27.658    2.250       3.609           0           0            0            1    11194687 
   55428.336167200        20.500        0.171      1001142060003202    2.8100330   29.1892210   00h11m14.41s   29d11m21.20s      2               0    1.368427e-06         247         247         245        20.425            0.018     20.614         20.615   20.616       20.618    0.230       0.229        11194587005451    2.8100340   29.1892460      100114      6   55428.339527200         527    20.512    21.426     27.679    1.850       3.730           0      131072            0            1    11194587 
   55428.349097200        20.636        0.167      1001142060003202    2.8100330   29.1892210   00h11m14.41s   29d11m21.20s      2               0    1.368427e-06         247         247         245        20.425            0.018     20.614         20.615   20.616       20.618    0.230       0.229        11194665005296    2.8101070   29.1891260      100114      6   55428.352457200         527    20.648    21.329     27.683    2.050       4.207           0           0            0            1    11194665 
   55428.377497200        20.688        0.149      1001142060003202    2.8100330   29.1892210   00h11m14.41s   29d11m21.20s      2               0    1.368427e-06         247         247         245        20.425            0.018     20.614         20.615   20.616       20.618    0.230       0.229        11194527005547    2.8099680   29.1891400      100114      6   55428.380867200         527    20.701    21.509     27.689    1.950       3.634           0      131072            0            1    11194527 
   55428.389627200        20.464        0.129      1001142060003202    2.8100330   29.1892210   00h11m14.41s   29d11m21.20s      2               0    1.368427e-06         247         247         245        20.425            0.018     20.614         20.615   20.616       20.618    0.230       0.229        11194569005779    2.8100010   29.1891020      100114      6   55428.392997200         527    20.477    21.649     27.691    1.850       4.832           0      131072            0            1    11194569 
   55428.411677200        20.262        0.123      1001142060003202    2.8100330   29.1892210   00h11m14.41s   29d11m21.20s      2               0    1.368427e-06         247         247         245        20.425            0.018     20.614         20.615   20.616       20.618    0.230       0.229        11194550005835    2.8098710   29.1891690      100114      6   55428.415047200         527    20.273    21.800     27.693    1.950       4.201           0      131072            0            1    11194550 
   55428.426357200        20.755        0.136      1001142060003202    2.8100330   29.1892210   00h11m14.41s   29d11m21.20s      2               0    1.368427e-06         247         247         245        20.425            0.018     20.614         20.615   20.616       20.618    0.230       0.229        11194633006134    2.8099750   29.1891700      100114      6   55428.429717200         527    20.765    21.756     27.693    2.050       3.616           0      131072            0            1    11194633 
   55428.439377200        20.427        0.133      1001142060003202    2.8100330   29.1892210   00h11m14.41s   29d11m21.20s      2               0    1.368427e-06         247         247         245        20.425            0.018     20.614         20.615   20.616       20.618    0.230       0.229        11194508006307    2.8100160   29.1892290      100114      6   55428.442737200         527    20.437    21.870     27.692    1.850       3.720           0      131072            0            1    11194508 
   55428.453277200        20.856        0.166      1001142060003202    2.8100330   29.1892210   00h11m14.41s   29d11m21.20s      2               0    1.368427e-06         247         247         245        20.425            0.018     20.614         20.615   20.616       20.618    0.230       0.229        11194522006185    2.8099040   29.1892150      100114      6   55428.456647200         527    20.865    21.744     27.691    2.050       3.905           0           0            0            1    11194522 
   55428.465197200        20.934        0.151      1001142060003202    2.8100330   29.1892210   00h11m14.41s   29d11m21.20s      2               0    1.368427e-06         247         247         245        20.425            0.018     20.614         20.615   20.616       20.618    0.230       0.229        11194476006103    2.8099190   29.1891820      100114      6   55428.468567200         527    20.946    21.784     27.689    1.950       4.916           0           0            0            1    11194476 
   55428.478057200        20.563        0.149      1001142060003202    2.8100330   29.1892210   00h11m14.41s   29d11m21.20s      2               0    1.368427e-06         247         247         245        20.425            0.018     20.614         20.615   20.616       20.618    0.230       0.229        11194525005943    2.8098920   29.1892180      100114      6   55428.481427200         527    20.574    21.705     27.687    2.050       5.328           0      131072            0            1    11194525 
   55429.303857200        20.708        0.175      1001142060003202    2.8100330   29.1892210   00h11m14.41s   29d11m21.20s      2               0    1.368427e-06         247         247         245        20.425            0.018     20.614         20.615   20.616       20.618    0.230       0.229        11192909004888    2.8099150   29.1892850      100114      6   55429.307277200         528    20.717    21.175     27.660    1.950       2.101           0           0            0            1    11192909 
   55429.325947200        20.827        0.193      1001142060003202    2.8100330   29.1892210   00h11m14.41s   29d11m21.20s      2               0    1.368427e-06         247         247         245        20.425            0.018     20.614         20.615   20.616       20.618    0.230       0.229        11192969004744    2.8099370   29.1890950      100114      6   55429.329377200         528    20.833    20.817     27.669    2.850       5.152           0           0            0            1    11192969 
   55429.350427200        20.800        0.170      1001142060003202    2.8100330   29.1892210   00h11m14.41s   29d11m21.20s      2               0    1.368427e-06         247         247         245        20.425            0.018     20.614         20.615   20.616       20.618    0.230       0.229        11192990005240    2.8101220   29.1891480      100114      6   55429.353857200         528    20.805    21.343     27.676    1.850       3.042           0           0            0            1    11192990 
   55429.363447200        21.193        0.194      1001142060003202    2.8100330   29.1892210   00h11m14.41s   29d11m21.20s      2               0    1.368427e-06         247         247         245        20.425            0.018     20.614         20.615   20.616       20.618    0.230       0.229        11193077004885    2.8099590   29.1890240      100114      6   55429.366877200         528    21.196    21.308     27.678    1.950       3.834           0           0            0            1    11193077 
   55429.378167200        20.577        0.169      1001142060003202    2.8100330   29.1892210   00h11m14.41s   29d11m21.20s      2               0    1.368427e-06         247         247         245        20.425            0.018     20.614         20.615   20.616       20.618    0.230       0.229        11192950005340    2.8100400   29.1892970      100114      6   55429.381597200         528    20.580    21.391     27.680    1.850       3.225           0           0            0            1    11192950 
   55429.392507200        20.741        0.183      1001142060003202    2.8100330   29.1892210   00h11m14.41s   29d11m21.20s      2               0    1.368427e-06         247         247         245        20.425            0.018     20.614         20.615   20.616       20.618    0.230       0.229        11192927005403    2.8098250   29.1892710      100114      6   55429.395937200         528    20.744    21.370     27.682    1.950       3.906           0           0            0            1    11192927 
   55429.407947200        20.578        0.151      1001142060003202    2.8100330   29.1892210   00h11m14.41s   29d11m21.20s      2               0    1.368427e-06         247         247         245        20.425            0.018     20.614         20.615   20.616       20.618    0.230       0.229        11193021005446    2.8100120   29.1890390      100114      6   55429.411377200         528    20.580    21.410     27.683    1.950       2.501           0           0            0            1    11193021 
   55429.422387200        20.790        0.215      1001142060003202    2.8100330   29.1892210   00h11m14.41s   29d11m21.20s      2               0    1.368427e-06         247         247         245        20.425            0.018     20.614         20.615   20.616       20.618    0.230       0.229        11193084005620    2.8099400   29.1893210      100114      6   55429.425817200         528    20.795    21.511     27.683    1.950       3.858           0           0            0            1    11193084 
   55429.434587200        20.617        0.187      1001142060003202    2.8100330   29.1892210   00h11m14.41s   29d11m21.20s      2               0    1.368427e-06         247         247         245        20.425            0.018     20.614         20.615   20.616       20.618    0.230       0.229        11192920005829    2.8098680   29.1892640      100114      6   55429.438017200         528    20.622    21.599     27.682    2.050       4.804           0           0            0            1    11192920 
   55429.447877200        20.606        0.132      1001142060003202    2.8100330   29.1892210   00h11m14.41s   29d11m21.20s      2               0    1.368427e-06         247         247         245        20.425            0.018     20.614         20.615   20.616       20.618    0.230       0.229        11193089006351    2.8099040   29.1892390      100114      6   55429.451317200         528    20.612    21.814     27.681    1.950       5.525           0      131072            0            1    11193089 
   55429.460877200        21.085        0.205      1001142060003202    2.8100330   29.1892210   00h11m14.41s   29d11m21.20s      2               0    1.368427e-06         247         247         245        20.425            0.018     20.614         20.615   20.616       20.618    0.230       0.229        11192939006290    2.8098380   29.1893000      100114      6   55429.464317200         528    21.092    21.836     27.679    1.950       3.246           0           0            0            1    11192939 
   55429.481797200        20.524        0.160      1001142060003202    2.8100330   29.1892210   00h11m14.41s   29d11m21.20s      2               0    1.368427e-06         247         247         245        20.425            0.018     20.614         20.615   20.616       20.618    0.230       0.229        11192958005789    2.8100150   29.1891290      100114      6   55429.485227200         528    20.527    21.467     27.675    2.350       4.213           0           0            0            1    11192958 
   55429.496887200        20.465        0.148      1001142060003202    2.8100330   29.1892210   00h11m14.41s   29d11m21.20s      2               0    1.368427e-06         247         247         245        20.425            0.018     20.614         20.615   20.616       20.618    0.230       0.229        11193044006067    2.8099330   29.1891010      100114      6   55429.500327200         528    20.470    21.703     27.671    2.050       5.044           0      131072            0            1    11193044 
   55535.281217200        20.839        0.265      1001142060003202    2.8100330   29.1892210   00h11m14.41s   29d11m21.20s      2               0    1.368427e-06         247         247         245        20.425            0.018     20.614         20.615   20.616       20.618    0.230       0.229        10697390005308    2.8099030   29.1891770      100114      6   55535.284127200         635    20.926    21.398     27.722    2.250       2.031           0           0            0            1    10697390 
   55541.099387200        20.327        0.208      1001142060003202    2.8100330   29.1892210   00h11m14.41s   29d11m21.20s      2               0    1.368427e-06         247         247         245        20.425            0.018     20.614         20.615   20.616       20.618    0.230       0.229        10678008005339    2.8100840   29.1889720      100114      6   55541.101837200         641    20.334    21.349     27.677    2.350       4.590           0           0            0            1    10678008 
   55558.213927200        20.649        0.197      1001142060003202    2.8100330   29.1892210   00h11m14.41s   29d11m21.20s      2               0    1.368427e-06         247         247         245        20.425            0.018     20.614         20.615   20.616       20.618    0.230       0.229        10709511005037    2.8097770   29.1891690      100114      6   55558.214887200         655    20.642    21.273     27.622    2.150       3.430           0           0            0            1    10709511 
   55584.132047200        20.466        0.136      1001142060003202    2.8100330   29.1892210   00h11m14.41s   29d11m21.20s      2               0    1.368427e-06         247         247         245        20.425            0.018     20.614         20.615   20.616       20.618    0.230       0.229         9808957005229    2.8099870   29.1891210      100114      6   55584.130637200         683    20.472    21.294     27.647    2.250       5.028           0      131072            0            1     9808957 
   55585.136547200        20.474        0.182      1001142060003202    2.8100330   29.1892210   00h11m14.41s   29d11m21.20s      2               0    1.368427e-06         247         247         245        20.425            0.018     20.614         20.615   20.616       20.618    0.230       0.229         9806324004445    2.8101090   29.1891370      100114      6   55585.135047200         684    20.453    20.857     27.610    3.050       4.944           0           0            0            1     9806324 
   55779.299377200        20.836        0.148      1001142060003202    2.8100330   29.1892210   00h11m14.41s   29d11m21.20s      2               0    1.368427e-06         247         247         245        20.425            0.018     20.614         20.615   20.616       20.618    0.230       0.229        10316555005663    2.8101030   29.1892150      100114      6   55779.301697200         877    20.828    21.540     27.541    1.950       4.832           0           0            0            1    10316555 
   55793.206157200        20.793        0.186      1001142060003202    2.8100330   29.1892210   00h11m14.41s   29d11m21.20s      2               0    1.368427e-06         247         247         245        20.425            0.018     20.614         20.615   20.616       20.618    0.230       0.229        10377768004929    2.8099050   29.1891510      100114      6   55793.209487200         891    20.782    21.095     27.466    2.450       1.955           0           0            0            1    10377768 
   55822.406567200        20.511        0.201      1001142060003202    2.8100330   29.1892210   00h11m14.41s   29d11m21.20s      2               0    1.368427e-06         247         247         245        20.425            0.018     20.614         20.615   20.616       20.618    0.230       0.229        10515141003515    2.8100230   29.1892840      100114      6   55822.411387200         920    20.516    20.969     27.549    2.050       3.429           0           0            0            1    10515141 
   56203.110667200        20.592        0.185      1001142060003202    2.8100330   29.1892210   00h11m14.41s   29d11m21.20s      2               0    1.368427e-06         247         247         245        20.425            0.018     20.614         20.615   20.616       20.618    0.230       0.229        14294087003978    2.8100690   29.1891300      100114      6   56203.115837200        1300    20.614    20.672     27.618    3.250       3.449           0           0            0            1    14294087 
   56537.326577200        20.934        0.161      1001142060003202    2.8100330   29.1892210   00h11m14.41s   29d11m21.20s      2               0    1.368427e-06         247         247         245        20.425            0.018     20.614         20.615   20.616       20.618    0.230       0.229        18124330006126    2.8100440   29.1892580      100114      6   56537.330727200        1611    20.939    21.843     27.611    1.850       4.459           0           0            0            1    18124330 
   56540.454177200        20.614        0.167      1001142060003202    2.8100330   29.1892210   00h11m14.41s   29d11m21.20s      2               0    1.368427e-06         247         247         245        20.425            0.018     20.614         20.615   20.616       20.618    0.230       0.229        18197418006081    2.8100160   29.1891580      100114      6   56540.458497200        1614    20.548    21.677     27.530    1.950       5.276           0      131072            0            1    18197418 
   56545.226097200        20.538        0.196      1001142060003202    2.8100330   29.1892210   00h11m14.41s   29d11m21.20s      2               0    1.368427e-06         247         247         245        20.425            0.018     20.614         20.615   20.616       20.618    0.230       0.229        18261747005220    2.8100690   29.1891870      100114      6   56545.230637200        1619    20.401    21.274     27.312    2.050       3.892           0           0            0            1    18261747 
   56600.264077200        20.455        0.165      1001142060003202    2.8100330   29.1892210   00h11m14.41s   29d11m21.20s      2               0    1.368427e-06         247         247         245        20.425            0.018     20.614         20.615   20.616       20.618    0.230       0.229        18183309005755    2.8101610   29.1890980      100114      6   56600.268797200        1674    20.450    21.610     27.638    2.150       2.586           0           0            0            1    18183309 
   56606.185397200        20.291        0.399      1001142060003202    2.8100330   29.1892210   00h11m14.41s   29d11m21.20s      2               0    1.368427e-06         247         247         245        20.425            0.018     20.614         20.615   20.616       20.618    0.230       0.229        18297010005250    2.8100630   29.1893150      100114      6   56606.189857200        1680    19.911    20.900     27.270    2.150       4.861           0           0            0            1    18297010 
