   55059.431477200        20.417        0.130      1001142060001923    2.8894600   29.0893520   00h11m33.47s   29d05m21.67s      2               0    1.986556e-06         242         242         237        20.244            0.023     20.540         20.540   20.531       20.528    0.283       0.280        11898981005738    2.8895390   29.0893580      100114      6   55059.434587200         173    20.416    21.471     27.275    2.350       5.349           0      131072            0            1    11898981 
   55059.454527200        20.351        0.123      1001142060001923    2.8894600   29.0893520   00h11m33.47s   29d05m21.67s      2               0    1.986556e-06         242         242         237        20.244            0.023     20.540         20.540   20.531       20.528    0.283       0.280        11899087005858    2.8894390   29.0894840      100114      6   55059.457637200         173    20.347    21.484     27.273    2.350       7.100           0      131072            0            1    11899087 
   55061.424747200        20.520        0.137      1001142060001923    2.8894600   29.0893520   00h11m33.47s   29d05m21.67s      2               0    1.986556e-06         242         242         237        20.244            0.023     20.540         20.540   20.531       20.528    0.283       0.280        11894878005863    2.8895960   29.0893240      100114      6   55061.427997200         175    20.512    21.590     27.246    2.350       6.456           0      131072            0            1    11894878 
   55061.462657200        20.508        0.116      1001142060001923    2.8894600   29.0893520   00h11m33.47s   29d05m21.67s      2               0    1.986556e-06         242         242         237        20.244            0.023     20.540         20.540   20.531       20.528    0.283       0.280        11894740005968    2.8893350   29.0893580      100114      6   55061.465917200         175    20.487    21.695     27.235    2.150       4.885           0      131072            0            1    11894740 
   55063.441527200        20.587        0.119      1001142060001923    2.8894600   29.0893520   00h11m33.47s   29d05m21.67s      2               0    1.986556e-06         242         242         237        20.244            0.023     20.540         20.540   20.531       20.528    0.283       0.280        11890493006185    2.8893390   29.0892300      100114      6   55063.444907200         177    20.582    21.697     27.225    2.150       3.897           0      131072            0            1    11890493 
   55063.486237200        20.624        0.136      1001142060001923    2.8894600   29.0893520   00h11m33.47s   29d05m21.67s      2               0    1.986556e-06         242         242         237        20.244            0.023     20.540         20.540   20.531       20.528    0.283       0.280        11890517006074    2.8894620   29.0892140      100114      6   55063.489627200         177    20.636    21.727     27.222    2.050       4.310           0      131072            0            1    11890517 
   55066.424917200        20.552        0.147      1001142060001923    2.8894600   29.0893520   00h11m33.47s   29d05m21.67s      2               0    1.986556e-06         242         242         237        20.244            0.023     20.540         20.540   20.531       20.528    0.283       0.280        11884710005847    2.8895080   29.0893020      100114      6   55066.428497200         180    20.548    21.568     27.207    2.150       4.776           0      131072            0            1    11884710 
   55066.469697200        20.685        0.168      1001142060001923    2.8894600   29.0893520   00h11m33.47s   29d05m21.67s      2               0    1.986556e-06         242         242         237        20.244            0.023     20.540         20.540   20.531       20.528    0.283       0.280        11884677006044    2.8895520   29.0893220      100114      6   55066.473277200         180    20.673    21.681     27.211    1.950       2.990           0           0            0            1    11884677 
   55069.414127200        20.673        0.181      1001142060001923    2.8894600   29.0893520   00h11m33.47s   29d05m21.67s      2               0    1.986556e-06         242         242         237        20.244            0.023     20.540         20.540   20.531       20.528    0.283       0.280        11880809005813    2.8893670   29.0892490      100114      6   55069.417897200         183    20.671    21.568     27.266    2.050       3.611           0      131072            0            1    11880809 
   55069.459987200        20.560        0.161      1001142060001923    2.8894600   29.0893520   00h11m33.47s   29d05m21.67s      2               0    1.986556e-06         242         242         237        20.244            0.023     20.540         20.540   20.531       20.528    0.283       0.280        11880766005554    2.8893720   29.0893130      100114      6   55069.463757200         183    20.565    21.404     27.268    2.350       5.147           0           0            0            1    11880766 
   55084.358307200        20.568        0.225      1001142060001923    2.8894600   29.0893520   00h11m33.47s   29d05m21.67s      2               0    1.986556e-06         242         242         237        20.244            0.023     20.540         20.540   20.531       20.528    0.283       0.280        11839089004524    2.8894410   29.0892900      100114      6   55084.362847200         196    20.571    20.971     27.269    2.050       3.886           0           0            0            1    11839089 
   55089.350597200        20.748        0.189      1001142060001923    2.8894600   29.0893520   00h11m33.47s   29d05m21.67s      2               0    1.986556e-06         242         242         237        20.244            0.023     20.540         20.540   20.531       20.528    0.283       0.280        11854279005148    2.8893090   29.0894070      100114      6   55089.355347200         201    20.741    21.243     27.257    2.750       5.199           0           0            0            1    11854279 
   55089.394887200        20.529        0.140      1001142060001923    2.8894600   29.0893520   00h11m33.47s   29d05m21.67s      2               0    1.986556e-06         242         242         237        20.244            0.023     20.540         20.540   20.531       20.528    0.283       0.280        11854251005740    2.8893990   29.0893840      100114      6   55089.399627200         201    20.529    21.536     27.275    2.150       6.275           0      131072            0            1    11854251 
   55093.335147200        20.939        0.170      1001142060001923    2.8894600   29.0893520   00h11m33.47s   29d05m21.67s      2               0    1.986556e-06         242         242         237        20.244            0.023     20.540         20.540   20.531       20.528    0.283       0.280        11854138005884    2.8894830   29.0892660      100114      6   55093.340027200         205    20.941    21.509     27.228    2.150       5.598           0           0            0            1    11854138 
   55093.379747200        20.410        0.124      1001142060001923    2.8894600   29.0893520   00h11m33.47s   29d05m21.67s      2               0    1.986556e-06         242         242         237        20.244            0.023     20.540         20.540   20.531       20.528    0.283       0.280        11854093006008    2.8894080   29.0892960      100114      6   55093.384617200         205    20.417    21.605     27.236    2.050       3.667           0      131072            0            1    11854093 
   55095.329827200        20.513        0.147      1001142060001923    2.8894600   29.0893520   00h11m33.47s   29d05m21.67s      2               0    1.986556e-06         242         242         237        20.244            0.023     20.540         20.540   20.531       20.528    0.283       0.280        11932331005674    2.8895280   29.0893540      100114      6   55095.334757200         207    20.517    21.453     27.265    2.350       5.288           0      131072            0            1    11932331 
   55095.374507200        21.374        0.193      1001142060001923    2.8894600   29.0893520   00h11m33.47s   29d05m21.67s      2               0    1.986556e-06         242         242         237        20.244            0.023     20.540         20.540   20.531       20.528    0.283       0.280        11932347005681    2.8894510   29.0891800      100114      6   55095.379437200         207    21.380    21.473     27.260    2.350       2.875           0           0            0            1    11932347 
   55114.378347200        20.926        0.239      1001142060001923    2.8894600   29.0893520   00h11m33.47s   29d05m21.67s      2               0    1.986556e-06         242         242         237        20.244            0.023     20.540         20.540   20.531       20.528    0.283       0.280        11806483004969    2.8895050   29.0892170      100114      6   55114.383547200         223    20.796    21.058     27.618    2.450       1.942           0           0            0            1    11806483 
   55119.413187200        19.980        0.137      1001142060001923    2.8894600   29.0893520   00h11m33.47s   29d05m21.67s      2               0    1.986556e-06         242         242         237        20.244            0.023     20.540         20.540   20.531       20.528    0.283       0.280        11838687004842    2.8896040   29.0893830      100114      6   55119.418367200         228    19.997    21.301     27.718    2.350       6.094           0      131072            0            1    11838687 
   55123.336467200        20.476        0.178      1001142060001923    2.8894600   29.0893520   00h11m33.47s   29d05m21.67s      2               0    1.986556e-06         242         242         237        20.244            0.023     20.540         20.540   20.531       20.528    0.283       0.280        11812935005354    2.8894520   29.0893700      100114      6   55123.341607200         232    20.483    21.513     27.751    2.350       5.474           0           0            0            1    11812935 
   55142.296147200        20.513        0.169      1001142060001923    2.8894600   29.0893520   00h11m33.47s   29d05m21.67s      2               0    1.986556e-06         242         242         237        20.244            0.023     20.540         20.540   20.531       20.528    0.283       0.280        11792905004665    2.8894660   29.0892470      100114      6   55142.300737200         282    20.512    21.168     27.756    2.350       4.028           0           0            0            1    11792905 
   55142.340347200        20.423        0.210      1001142060001923    2.8894600   29.0893520   00h11m33.47s   29d05m21.67s      2               0    1.986556e-06         242         242         237        20.244            0.023     20.540         20.540   20.531       20.528    0.283       0.280        11792944004314    2.8894540   29.0893360      100114      6   55142.344937200         282    20.425    21.053     27.741    2.350       3.315           0           0            0            1    11792944 
   55144.361137200        20.366        0.174      1001142060001923    2.8894600   29.0893520   00h11m33.47s   29d05m21.67s      2               0    1.986556e-06         242         242         237        20.244            0.023     20.540         20.540   20.531       20.528    0.283       0.280        11799911004499    2.8896890   29.0894030      100114      6   55144.365637200         250    20.404    21.199     27.745    2.050       3.576           0           0            0            1    11799911 
   55152.217537200        20.978        0.246      1001142060001923    2.8894600   29.0893520   00h11m33.47s   29d05m21.67s      2               0    1.986556e-06         242         242         237        20.244            0.023     20.540         20.540   20.531       20.528    0.283       0.280        11803084004924    2.8896040   29.0892540      100114      6   55152.221637200         258    20.977    21.356     27.790    2.650       4.298           0           0            0            1    11803084 
   55168.184237200        20.028        0.186      1001142060001923    2.8894600   29.0893520   00h11m33.47s   29d05m21.67s      2               0    1.986556e-06         242         242         237        20.244            0.023     20.540         20.540   20.531       20.528    0.283       0.280        12344573003478    2.8896750   29.0893880      100114      6   55168.187287200         273    20.020    20.737     27.782    2.350       4.195           0           0            0            1    12344573 
   55194.097327200        20.065        0.185      1001142060001923    2.8894600   29.0893520   00h11m33.47s   29d05m21.67s      2               0    1.986556e-06         242         242         237        20.244            0.023     20.540         20.540   20.531       20.528    0.283       0.280        12652253003459    2.8897940   29.0895080      100114      6   55194.098187200         302    19.161    19.782     26.867    2.350       3.820           0           0            0            1    12652253 
   55199.096657200        20.500        0.167      1001142060001923    2.8894600   29.0893520   00h11m33.47s   29d05m21.67s      2               0    1.986556e-06         242         242         237        20.244            0.023     20.540         20.540   20.531       20.528    0.283       0.280        14959062004922    2.8897540   29.0893840      100114      6   55199.097057200         307    20.491    21.360     27.779    2.450       4.525           0           0            0            1    14959062 
   55207.154177200        20.643        0.164      1001142060001923    2.8894600   29.0893520   00h11m33.47s   29d05m21.67s      2               0    1.986556e-06         242         242         237        20.244            0.023     20.540         20.540   20.531       20.528    0.283       0.280        11745244005378    2.8894850   29.0893350      100114      6   55207.153837200         316    20.629    21.574     27.738    1.950       4.545           0      131072            0            1    11745244 
   55209.134757200        20.664        0.178      1001142060001923    2.8894600   29.0893520   00h11m33.47s   29d05m21.67s      2               0    1.986556e-06         242         242         237        20.244            0.023     20.540         20.540   20.531       20.528    0.283       0.280        11741608005303    2.8895530   29.0892360      100114      6   55209.134227200         318    20.666    21.561     27.791    2.150       3.754           0      131072            0            1    11741608 
   55209.179387200        20.235        0.157      1001142060001923    2.8894600   29.0893520   00h11m33.47s   29d05m21.67s      2               0    1.986556e-06         242         242         237        20.244            0.023     20.540         20.540   20.531       20.528    0.283       0.280        11741584004658    2.8897230   29.0893920      100114      6   55209.178857200         318    20.216    21.186     27.741    2.650       6.241           0           0            0            1    11741584 
   55422.309447200        20.488        0.193      1001142060001923    2.8894600   29.0893520   00h11m33.47s   29d05m21.67s      2               0    1.986556e-06         242         242         237        20.244            0.023     20.540         20.540   20.531       20.528    0.283       0.280        11149993005233    2.8895680   29.0893050      100114      6   55422.312387200         521    20.477    21.616     27.664    2.250       4.823           0      131072            0            1    11149993 
   55422.336907200        21.099        0.190      1001142060001923    2.8894600   29.0893520   00h11m33.47s   29d05m21.67s      2               0    1.986556e-06         242         242         237        20.244            0.023     20.540         20.540   20.531       20.528    0.283       0.280        11149840005083    2.8894450   29.0893370      100114      6   55422.339857200         521    21.092    21.584     27.678    2.550       4.022           0           0            0            1    11149840 
   55422.350847200        20.620        0.136      1001142060001923    2.8894600   29.0893520   00h11m33.47s   29d05m21.67s      2               0    1.986556e-06         242         242         237        20.244            0.023     20.540         20.540   20.531       20.528    0.283       0.280        11150034005509    2.8894100   29.0893140      100114      6   55422.353787200         521    20.609    21.778     27.683    2.150       2.859           0      131072            0            1    11150034 
   55422.362757200        20.106        0.113      1001142060001923    2.8894600   29.0893520   00h11m33.47s   29d05m21.67s      2               0    1.986556e-06         242         242         237        20.244            0.023     20.540         20.540   20.531       20.528    0.283       0.280        11149808005487    2.8895070   29.0893080      100114      6   55422.365697200         521    20.099    21.773     27.686    2.250       5.500           0      131072            0            1    11149808 
   55422.374317200        20.463        0.118      1001142060001923    2.8894600   29.0893520   00h11m33.47s   29d05m21.67s      2               0    1.986556e-06         242         242         237        20.244            0.023     20.540         20.540   20.531       20.528    0.283       0.280        11149932005242    2.8892040   29.0896270      100114      6   55422.377267200         521    20.460    21.678     27.689    2.450       6.241           0      131072            0            1    11149932 
   55422.386737200        20.846        0.144      1001142060001923    2.8894600   29.0893520   00h11m33.47s   29d05m21.67s      2               0    1.986556e-06         242         242         237        20.244            0.023     20.540         20.540   20.531       20.528    0.283       0.280        11149844005767    2.8894620   29.0892920      100114      6   55422.389687200         521    20.841    21.949     27.691    1.950       5.488           0      131072            0            1    11149844 
   55422.399047200        20.599        0.164      1001142060001923    2.8894600   29.0893520   00h11m33.47s   29d05m21.67s      2               0    1.986556e-06         242         242         237        20.244            0.023     20.540         20.540   20.531       20.528    0.283       0.280        11149936005335    2.8893140   29.0894220      100114      6   55422.401997200         521    20.599    21.759     27.692    2.350       5.678           0      131072            0            1    11149936 
   55422.412987200        20.194        0.123      1001142060001923    2.8894600   29.0893520   00h11m33.47s   29d05m21.67s      2               0    1.986556e-06         242         242         237        20.244            0.023     20.540         20.540   20.531       20.528    0.283       0.280        11149893005376    2.8893850   29.0892820      100114      6   55422.415937200         521    20.192    21.756     27.693    2.350       6.205           0      131072            0            1    11149893 
   55422.426747200        20.549        0.173      1001142060001923    2.8894600   29.0893520   00h11m33.47s   29d05m21.67s      2               0    1.986556e-06         242         242         237        20.244            0.023     20.540         20.540   20.531       20.528    0.283       0.280        11149865005444    2.8895960   29.0893380      100114      6   55422.429697200         521    20.545    21.736     27.693    2.350       4.829           0           0            0            1    11149865 
   55422.439457200        20.844        0.147      1001142060001923    2.8894600   29.0893520   00h11m33.47s   29d05m21.67s      2               0    1.986556e-06         242         242         237        20.244            0.023     20.540         20.540   20.531       20.528    0.283       0.280        11149856005465    2.8893510   29.0892430      100114      6   55422.442407200         521    20.839    21.701     27.693    2.450       5.588           0           0            0            1    11149856 
   55422.452697200        20.545        0.147      1001142060001923    2.8894600   29.0893520   00h11m33.47s   29d05m21.67s      2               0    1.986556e-06         242         242         237        20.244            0.023     20.540         20.540   20.531       20.528    0.283       0.280        11149851005416    2.8895300   29.0892830      100114      6   55422.455647200         521    20.537    21.656     27.691    2.550       5.356           0      131072            0            1    11149851 
   55422.466737200        20.573        0.154      1001142060001923    2.8894600   29.0893520   00h11m33.47s   29d05m21.67s      2               0    1.986556e-06         242         242         237        20.244            0.023     20.540         20.540   20.531       20.528    0.283       0.280        11150061005200    2.8893300   29.0893950      100114      6   55422.469687200         521    20.567    21.569     27.689    2.750       4.450           0           0            0            1    11150061 
   55422.483747200        20.555        0.143      1001142060001923    2.8894600   29.0893520   00h11m33.47s   29d05m21.67s      2               0    1.986556e-06         242         242         237        20.244            0.023     20.540         20.540   20.531       20.528    0.283       0.280        11149979005363    2.8892930   29.0894100      100114      6   55422.486707200         521    20.547    21.720     27.685    2.350       4.299           0      131072            0            1    11149979 
   55422.498897200        21.073        0.204      1001142060001923    2.8894600   29.0893520   00h11m33.47s   29d05m21.67s      2               0    1.986556e-06         242         242         237        20.244            0.023     20.540         20.540   20.531       20.528    0.283       0.280        11149810004906    2.8897750   29.0894520      100114      6   55422.501857200         521    21.067    21.492     27.681    2.450       3.054           0           0            0            1    11149810 
   55423.307897200        20.172        0.113      1001142060001923    2.8894600   29.0893520   00h11m33.47s   29d05m21.67s      2               0    1.986556e-06         242         242         237        20.244            0.023     20.540         20.540   20.531       20.528    0.283       0.280        11147042005370    2.8895370   29.0892750      100114      6   55423.310907200         522    20.165    21.691     27.659    2.050       3.238           0      131072            0            1    11147042 
   55423.325617200        20.618        0.139      1001142060001923    2.8894600   29.0893520   00h11m33.47s   29d05m21.67s      2               0    1.986556e-06         242         242         237        20.244            0.023     20.540         20.540   20.531       20.528    0.283       0.280        11147017005494    2.8895480   29.0893530      100114      6   55423.328627200         522    20.609    21.731     27.666    2.050       5.833           0      131072            0            1    11147017 
   55423.339857200        20.750        0.156      1001142060001923    2.8894600   29.0893520   00h11m33.47s   29d05m21.67s      2               0    1.986556e-06         242         242         237        20.244            0.023     20.540         20.540   20.531       20.528    0.283       0.280        11147166005291    2.8895860   29.0893350      100114      6   55423.342877200         522    20.741    21.672     27.671    2.250       4.434           0           0            0            1    11147166 
   55423.353677200        20.745        0.183      1001142060001923    2.8894600   29.0893520   00h11m33.47s   29d05m21.67s      2               0    1.986556e-06         242         242         237        20.244            0.023     20.540         20.540   20.531       20.528    0.283       0.280        11147138005537    2.8895000   29.0892710      100114      6   55423.356697200         522    20.739    21.888     27.674    1.850       3.637           0      131072            0            1    11147138 
   55423.365657200        20.933        0.158      1001142060001923    2.8894600   29.0893520   00h11m33.47s   29d05m21.67s      2               0    1.986556e-06         242         242         237        20.244            0.023     20.540         20.540   20.531       20.528    0.283       0.280        11146989005716    2.8894810   29.0894820      100114      6   55423.368677200         522    20.925    21.919     27.676    1.850       3.208           0           0            0            1    11146989 
   55423.382637200        20.663        0.121      1001142060001923    2.8894600   29.0893520   00h11m33.47s   29d05m21.67s      2               0    1.986556e-06         242         242         237        20.244            0.023     20.540         20.540   20.531       20.528    0.283       0.280        11147033005652    2.8894460   29.0893200      100114      6   55423.385657200         522    20.655    21.777     27.678    2.150       5.657           0      131072            0            1    11147033 
   55423.397187200        20.591        0.139      1001142060001923    2.8894600   29.0893520   00h11m33.47s   29d05m21.67s      2               0    1.986556e-06         242         242         237        20.244            0.023     20.540         20.540   20.531       20.528    0.283       0.280        11147208005631    2.8893210   29.0893530      100114      6   55423.400207200         522    20.587    21.861     27.679    2.050       6.048           0      131072            0            1    11147208 
   55423.412007200        20.719        0.176      1001142060001923    2.8894600   29.0893520   00h11m33.47s   29d05m21.67s      2               0    1.986556e-06         242         242         237        20.244            0.023     20.540         20.540   20.531       20.528    0.283       0.280        11147124005610    2.8895760   29.0893850      100114      6   55423.415027200         522    20.712    21.848     27.679    2.050       4.538           0      131072            0            1    11147124 
   55423.426547200        20.057        0.104      1001142060001923    2.8894600   29.0893520   00h11m33.47s   29d05m21.67s      2               0    1.986556e-06         242         242         237        20.244            0.023     20.540         20.540   20.531       20.528    0.283       0.280        11147117005782    2.8895130   29.0892950      100114      6   55423.429567200         522    20.052    21.978     27.678    1.850       5.687           0      131072            0            1    11147117 
   55423.466517200        20.489        0.144      1001142060001923    2.8894600   29.0893520   00h11m33.47s   29d05m21.67s      2               0    1.986556e-06         242         242         237        20.244            0.023     20.540         20.540   20.531       20.528    0.283       0.280        11147175005569    2.8893950   29.0893420      100114      6   55423.469537200         522    20.484    21.797     27.674    2.150       4.949           0           0            0            1    11147175 
   55423.482907200        20.545        0.116      1001142060001923    2.8894600   29.0893520   00h11m33.47s   29d05m21.67s      2               0    1.986556e-06         242         242         237        20.244            0.023     20.540         20.540   20.531       20.528    0.283       0.280        11147187005341    2.8894750   29.0893590      100114      6   55423.485927200         522    20.535    21.805     27.670    2.050       4.873           0      131072            0            1    11147187 
   55423.497167200        20.625        0.214      1001142060001923    2.8894600   29.0893520   00h11m33.47s   29d05m21.67s      2               0    1.986556e-06         242         242         237        20.244            0.023     20.540         20.540   20.531       20.528    0.283       0.280        11147101005420    2.8894060   29.0892170      100114      6   55423.500187200         522    20.613    21.561     27.667    2.350       3.189           0           0            0            1    11147101 
   55424.304627200        20.432        0.185      1001142060001923    2.8894600   29.0893520   00h11m33.47s   29d05m21.67s      2               0    1.986556e-06         242         242         237        20.244            0.023     20.540         20.540   20.531       20.528    0.283       0.280        11144740005273    2.8894070   29.0893660      100114      6   55424.307717200         523    20.406    21.658     27.571    1.950       3.525           0           0            0            1    11144740 
   55424.318437200        20.641        0.191      1001142060001923    2.8894600   29.0893520   00h11m33.47s   29d05m21.67s      2               0    1.986556e-06         242         242         237        20.244            0.023     20.540         20.540   20.531       20.528    0.283       0.280        11144697005117    2.8893680   29.0893680      100114      6   55424.321517200         523    20.619    21.634     27.584    2.050       4.363           0           0            0            1    11144697 
   55424.332167200        20.093        0.149      1001142060001923    2.8894600   29.0893520   00h11m33.47s   29d05m21.67s      2               0    1.986556e-06         242         242         237        20.244            0.023     20.540         20.540   20.531       20.528    0.283       0.280        11144728005000    2.8894350   29.0894820      100114      6   55424.335247200         523    20.103    21.575     27.594    2.250       6.607           0           0            0            1    11144728 
   55424.348687200        20.643        0.167      1001142060001923    2.8894600   29.0893520   00h11m33.47s   29d05m21.67s      2               0    1.986556e-06         242         242         237        20.244            0.023     20.540         20.540   20.531       20.528    0.283       0.280        11144712005236    2.8894770   29.0893000      100114      6   55424.351777200         523    20.640    21.661     27.605    2.150       4.476           0           0            0            1    11144712 
   55424.360497200        20.939        0.143      1001142060001923    2.8894600   29.0893520   00h11m33.47s   29d05m21.67s      2               0    1.986556e-06         242         242         237        20.244            0.023     20.540         20.540   20.531       20.528    0.283       0.280        11144729005297    2.8895210   29.0893000      100114      6   55424.363587200         523    20.931    21.644     27.612    2.250       2.995           0      131072            0            1    11144729 
   55424.373007200        21.165        0.174      1001142060001923    2.8894600   29.0893520   00h11m33.47s   29d05m21.67s      2               0    1.986556e-06         242         242         237        20.244            0.023     20.540         20.540   20.531       20.528    0.283       0.280        11144736005453    2.8893750   29.0893310      100114      6   55424.376097200         523    21.155    21.800     27.618    1.950       4.165           0           0            0            1    11144736 
   55424.386287200        20.778        0.197      1001142060001923    2.8894600   29.0893520   00h11m33.47s   29d05m21.67s      2               0    1.986556e-06         242         242         237        20.244            0.023     20.540         20.540   20.531       20.528    0.283       0.280        11144739005509    2.8893370   29.0893920      100114      6   55424.389377200         523    20.777    21.770     27.623    2.050       3.923           0           0            0            1    11144739 
   55424.399217200        20.659        0.149      1001142060001923    2.8894600   29.0893520   00h11m33.47s   29d05m21.67s      2               0    1.986556e-06         242         242         237        20.244            0.023     20.540         20.540   20.531       20.528    0.283       0.280        11144897005557    2.8894560   29.0893940      100114      6   55424.402307200         523    20.654    21.795     27.627    2.050       4.270           0      131072            0            1    11144897 
   55424.413257200        21.146        0.193      1001142060001923    2.8894600   29.0893520   00h11m33.47s   29d05m21.67s      2               0    1.986556e-06         242         242         237        20.244            0.023     20.540         20.540   20.531       20.528    0.283       0.280        11144757005633    2.8893080   29.0893950      100114      6   55424.416347200         523    21.141    21.805     27.631    2.050       3.925           0           0            0            1    11144757 
   55424.428257200        20.081        0.119      1001142060001923    2.8894600   29.0893520   00h11m33.47s   29d05m21.67s      2               0    1.986556e-06         242         242         237        20.244            0.023     20.540         20.540   20.531       20.528    0.283       0.280        11144756005439    2.8893790   29.0893570      100114      6   55424.431347200         523    20.081    21.761     27.634    2.150       6.309           0      131072            0            1    11144756 
   55424.440317200        20.740        0.160      1001142060001923    2.8894600   29.0893520   00h11m33.47s   29d05m21.67s      2               0    1.986556e-06         242         242         237        20.244            0.023     20.540         20.540   20.531       20.528    0.283       0.280        11144916005684    2.8893020   29.0892560      100114      6   55424.443407200         523    20.742    21.863     27.636    1.950       3.142           0      131072            0            1    11144916 
   55424.456717200        20.446        0.167      1001142060001923    2.8894600   29.0893520   00h11m33.47s   29d05m21.67s      2               0    1.986556e-06         242         242         237        20.244            0.023     20.540         20.540   20.531       20.528    0.283       0.280        11144849005548    2.8893280   29.0893830      100114      6   55424.459807200         523    20.449    21.652     27.637    2.350       3.153           0           0            0            1    11144849 
   55424.469517200        20.443        0.142      1001142060001923    2.8894600   29.0893520   00h11m33.47s   29d05m21.67s      2               0    1.986556e-06         242         242         237        20.244            0.023     20.540         20.540   20.531       20.528    0.283       0.280        11144704005393    2.8894580   29.0894740      100114      6   55424.472607200         523    20.443    21.753     27.638    2.150       5.931           0      131072            0            1    11144704 
   55424.484247200        20.361        0.137      1001142060001923    2.8894600   29.0893520   00h11m33.47s   29d05m21.67s      2               0    1.986556e-06         242         242         237        20.244            0.023     20.540         20.540   20.531       20.528    0.283       0.280        11144794005501    2.8892740   29.0893010      100114      6   55424.487347200         523    20.365    21.790     27.637    2.050       3.574           0      131072            0            1    11144794 
   55424.496347200        20.551        0.150      1001142060001923    2.8894600   29.0893520   00h11m33.47s   29d05m21.67s      2               0    1.986556e-06         242         242         237        20.244            0.023     20.540         20.540   20.531       20.528    0.283       0.280        11144863005352    2.8896800   29.0893270      100114      6   55424.499437200         523    20.553    21.793     27.636    1.950       4.667           0      131072            0            1    11144863 
   55425.307457200        20.292        0.127      1001142060001923    2.8894600   29.0893520   00h11m33.47s   29d05m21.67s      2               0    1.986556e-06         242         242         237        20.244            0.023     20.540         20.540   20.531       20.528    0.283       0.280        11141871005334    2.8892830   29.0893700      100114      6   55425.310607200         524    20.299    21.764     27.572    1.850       6.503           0      131072            0            1    11141871 
   55425.337167200        20.222        0.146      1001142060001923    2.8894600   29.0893520   00h11m33.47s   29d05m21.67s      2               0    1.986556e-06         242         242         237        20.244            0.023     20.540         20.540   20.531       20.528    0.283       0.280        11141949005034    2.8895530   29.0892770      100114      6   55425.340317200         524    20.237    21.827     27.598    1.850       5.719           0      131072            0            1    11141949 
   55425.350517200        20.676        0.162      1001142060001923    2.8894600   29.0893520   00h11m33.47s   29d05m21.67s      2               0    1.986556e-06         242         242         237        20.244            0.023     20.540         20.540   20.531       20.528    0.283       0.280        11141931005427    2.8893950   29.0892530      100114      6   55425.353677200         524    20.687    21.791     27.607    1.950       3.289           0      131072            0            1    11141931 
   55425.363627200        20.610        0.174      1001142060001923    2.8894600   29.0893520   00h11m33.47s   29d05m21.67s      2               0    1.986556e-06         242         242         237        20.244            0.023     20.540         20.540   20.531       20.528    0.283       0.280        11141741005531    2.8895410   29.0893830      100114      6   55425.366777200         524    20.622    21.864     27.613    1.850       4.060           0           0            0            1    11141741 
   55425.376027200        20.571        0.161      1001142060001923    2.8894600   29.0893520   00h11m33.47s   29d05m21.67s      2               0    1.986556e-06         242         242         237        20.244            0.023     20.540         20.540   20.531       20.528    0.283       0.280        11141721005553    2.8892600   29.0893380      100114      6   55425.379187200         524    20.579    21.941     27.617    1.750       3.302           0      131072            0            1    11141721 
   55425.388077200        20.293        0.138      1001142060001923    2.8894600   29.0893520   00h11m33.47s   29d05m21.67s      2               0    1.986556e-06         242         242         237        20.244            0.023     20.540         20.540   20.531       20.528    0.283       0.280        11141831005596    2.8894450   29.0893630      100114      6   55425.391237200         524    20.297    21.932     27.620    1.750       6.343           0      131072            0            1    11141831 
   55425.404397200        20.892        0.172      1001142060001923    2.8894600   29.0893520   00h11m33.47s   29d05m21.67s      2               0    1.986556e-06         242         242         237        20.244            0.023     20.540         20.540   20.531       20.528    0.283       0.280        11141784005738    2.8895700   29.0893420      100114      6   55425.407557200         524    20.895    21.953     27.621    1.750       2.568           0           0            0            1    11141784 
   55425.418827200        20.573        0.138      1001142060001923    2.8894600   29.0893520   00h11m33.47s   29d05m21.67s      2               0    1.986556e-06         242         242         237        20.244            0.023     20.540         20.540   20.531       20.528    0.283       0.280        11141881005659    2.8893200   29.0894330      100114      6   55425.421987200         524    20.578    21.910     27.621    1.850       6.359           0      131072            0            1    11141881 
   55425.433137200        20.485        0.139      1001142060001923    2.8894600   29.0893520   00h11m33.47s   29d05m21.67s      2               0    1.986556e-06         242         242         237        20.244            0.023     20.540         20.540   20.531       20.528    0.283       0.280        11141759005741    2.8894060   29.0893250      100114      6   55425.436297200         524    20.493    21.967     27.619    1.750       5.705           0      131072            0            1    11141759 
   55425.447817200        20.408        0.147      1001142060001923    2.8894600   29.0893520   00h11m33.47s   29d05m21.67s      2               0    1.986556e-06         242         242         237        20.244            0.023     20.540         20.540   20.531       20.528    0.283       0.280        11141908005522    2.8895580   29.0892700      100114      6   55425.450977200         524    20.411    21.839     27.614    1.950       3.613           0      131072            0            1    11141908 
   55425.462417200        20.560        0.141      1001142060001923    2.8894600   29.0893520   00h11m33.47s   29d05m21.67s      2               0    1.986556e-06         242         242         237        20.244            0.023     20.540         20.540   20.531       20.528    0.283       0.280        11141844005343    2.8894520   29.0893600      100114      6   55425.465587200         524    20.552    21.780     27.608    2.050       6.424           0      131072            0            1    11141844 
   55425.474857200        20.537        0.196      1001142060001923    2.8894600   29.0893520   00h11m33.47s   29d05m21.67s      2               0    1.986556e-06         242         242         237        20.244            0.023     20.540         20.540   20.531       20.528    0.283       0.280        11141807004686    2.8895450   29.0893010      100114      6   55425.478027200         524    20.534    21.402     27.601    2.450       4.763           0           0            0            1    11141807 
   55425.490117200        20.358        0.136      1001142060001923    2.8894600   29.0893520   00h11m33.47s   29d05m21.67s      2               0    1.986556e-06         242         242         237        20.244            0.023     20.540         20.540   20.531       20.528    0.283       0.280        11141887005270    2.8893900   29.0893630      100114      6   55425.493277200         524    20.344    21.711     27.591    2.050       4.734           0      131072            0            1    11141887 
   55426.298337200        20.710        0.239      1001142060001923    2.8894600   29.0893520   00h11m33.47s   29d05m21.67s      2               0    1.986556e-06         242         242         237        20.244            0.023     20.540         20.540   20.531       20.528    0.283       0.280        11198449004361    2.8893270   29.0894700      100114      6   55426.301557200         525    20.818    21.363     27.586    1.950       3.420           0           0            0            1    11198449 
   55426.323307200        21.024        0.196      1001142060001923    2.8894600   29.0893520   00h11m33.47s   29d05m21.67s      2               0    1.986556e-06         242         242         237        20.244            0.023     20.540         20.540   20.531       20.528    0.283       0.280        11198500004995    2.8895280   29.0893360      100114      6   55426.326537200         525    21.076    21.648     27.611    1.950       4.695           0           0            0            1    11198500 
   55426.336037200        20.562        0.154      1001142060001923    2.8894600   29.0893520   00h11m33.47s   29d05m21.67s      2               0    1.986556e-06         242         242         237        20.244            0.023     20.540         20.540   20.531       20.528    0.283       0.280        11198463005495    2.8894620   29.0892610      100114      6   55426.339267200         525    20.533    21.828     27.619    1.850       4.707           0      131072            0            1    11198463 
   55426.350587200        20.384        0.165      1001142060001923    2.8894600   29.0893520   00h11m33.47s   29d05m21.67s      2               0    1.986556e-06         242         242         237        20.244            0.023     20.540         20.540   20.531       20.528    0.283       0.280        11198423005443    2.8893570   29.0893320      100114      6   55426.353817200         525    20.358    21.803     27.627    1.950       6.306           0      131072            0            1    11198423 
   55426.364347200        20.624        0.203      1001142060001923    2.8894600   29.0893520   00h11m33.47s   29d05m21.67s      2               0    1.986556e-06         242         242         237        20.244            0.023     20.540         20.540   20.531       20.528    0.283       0.280        11198510005387    2.8894920   29.0893910      100114      6   55426.367577200         525    20.602    21.765     27.631    2.050       4.055           0           0            0            1    11198510 
   55426.378217200        20.694        0.160      1001142060001923    2.8894600   29.0893520   00h11m33.47s   29d05m21.67s      2               0    1.986556e-06         242         242         237        20.244            0.023     20.540         20.540   20.531       20.528    0.283       0.280        11198411005601    2.8893740   29.0893020      100114      6   55426.381447200         525    20.675    21.786     27.633    2.050       4.632           0      131072            0            1    11198411 
   55426.392757200        20.637        0.196      1001142060001923    2.8894600   29.0893520   00h11m33.47s   29d05m21.67s      2               0    1.986556e-06         242         242         237        20.244            0.023     20.540         20.540   20.531       20.528    0.283       0.280        11198443005490    2.8895850   29.0891990      100114      6   55426.395987200         525    20.614    21.837     27.634    1.950       3.673           0      131072            0            1    11198443 
   55426.406357200        20.747        0.172      1001142060001923    2.8894600   29.0893520   00h11m33.47s   29d05m21.67s      2               0    1.986556e-06         242         242         237        20.244            0.023     20.540         20.540   20.531       20.528    0.283       0.280        11198401005798    2.8895780   29.0892720      100114      6   55426.409587200         525    20.720    21.906     27.632    1.850       4.486           0           0            0            1    11198401 
   55426.418877200        20.950        0.205      1001142060001923    2.8894600   29.0893520   00h11m33.47s   29d05m21.67s      2               0    1.986556e-06         242         242         237        20.244            0.023     20.540         20.540   20.531       20.528    0.283       0.280        11198404005661    2.8895840   29.0892760      100114      6   55426.422107200         525    20.925    21.847     27.629    1.950       3.705           0      131072            0            1    11198404 
   55426.430467200        20.404        0.147      1001142060001923    2.8894600   29.0893520   00h11m33.47s   29d05m21.67s      2               0    1.986556e-06         242         242         237        20.244            0.023     20.540         20.540   20.531       20.528    0.283       0.280        11198542005255    2.8893330   29.0892700      100114      6   55426.433697200         525    20.389    21.667     27.626    1.950       5.884           0      131072            0            1    11198542 
   55426.460817200        20.270        0.150      1001142060001923    2.8894600   29.0893520   00h11m33.47s   29d05m21.67s      2               0    1.986556e-06         242         242         237        20.244            0.023     20.540         20.540   20.531       20.528    0.283       0.280        11198420005686    2.8894580   29.0892690      100114      6   55426.464057200         525    20.227    21.878     27.609    1.850       4.137           0      131072            0            1    11198420 
   55426.473597200        20.549        0.183      1001142060001923    2.8894600   29.0893520   00h11m33.47s   29d05m21.67s      2               0    1.986556e-06         242         242         237        20.244            0.023     20.540         20.540   20.531       20.528    0.283       0.280        11198486004690    2.8895460   29.0892300      100114      6   55426.476837200         525    20.652    21.555     27.599    2.050       4.627           0           0            0            1    11198486 
   55426.489177200        20.423        0.141      1001142060001923    2.8894600   29.0893520   00h11m33.47s   29d05m21.67s      2               0    1.986556e-06         242         242         237        20.244            0.023     20.540         20.540   20.531       20.528    0.283       0.280        11198427005330    2.8894320   29.0892770      100114      6   55426.492417200         525    20.361    21.687     27.586    2.050       3.624           0      131072            0            1    11198427 
   55428.291957200        20.421        0.161      1001142060001923    2.8894600   29.0893520   00h11m33.47s   29d05m21.67s      2               0    1.986556e-06         242         242         237        20.244            0.023     20.540         20.540   20.531       20.528    0.283       0.280        11194687004455    2.8894440   29.0894300      100114      6   55428.295317200         527    20.427    21.113     27.651    2.250       4.089           0           0            0            1    11194687 
   55428.308157200        20.237        0.144      1001142060001923    2.8894600   29.0893520   00h11m33.47s   29d05m21.67s      2               0    1.986556e-06         242         242         237        20.244            0.023     20.540         20.540   20.531       20.528    0.283       0.280        11194616004632    2.8895510   29.0893330      100114      6   55428.311517200         527    20.245    21.311     27.660    1.950       4.986           0      131072            0            1    11194616 
   55428.321847200        21.206        0.203      1001142060001923    2.8894600   29.0893520   00h11m33.47s   29d05m21.67s      2               0    1.986556e-06         242         242         237        20.244            0.023     20.540         20.540   20.531       20.528    0.283       0.280        11194651004458    2.8896160   29.0892820      100114      6   55428.325207200         527    21.220    21.226     27.667    2.150       3.948           0           0            0            1    11194651 
   55428.336167200        19.975        0.161      1001142060001923    2.8894600   29.0893520   00h11m33.47s   29d05m21.67s      2               0    1.986556e-06         242         242         237        20.244            0.023     20.540         20.540   20.531       20.528    0.283       0.280        11194587004865    2.8893800   29.0893660      100114      6   55428.339527200         527    19.987    21.426     27.673    1.850       6.064           0      131072            0            1    11194587 
   55428.349097200        20.490        0.178      1001142060001923    2.8894600   29.0893520   00h11m33.47s   29d05m21.67s      2               0    1.986556e-06         242         242         237        20.244            0.023     20.540         20.540   20.531       20.528    0.283       0.280        11194665004697    2.8896780   29.0893680      100114      6   55428.352457200         527    20.502    21.329     27.677    2.050       1.682           0           0            0            1    11194665 
   55428.363187200        20.918        0.200      1001142060001923    2.8894600   29.0893520   00h11m33.47s   29d05m21.67s      2               0    1.986556e-06         242         242         237        20.244            0.023     20.540         20.540   20.531       20.528    0.283       0.280        11194549004983    2.8893580   29.0894170      100114      6   55428.366547200         527    20.928    21.491     27.680    1.850       3.875           0           0            0            1    11194549 
   55428.377497200        20.627        0.216      1001142060001923    2.8894600   29.0893520   00h11m33.47s   29d05m21.67s      2               0    1.986556e-06         242         242         237        20.244            0.023     20.540         20.540   20.531       20.528    0.283       0.280        11194527004992    2.8896090   29.0893560      100114      6   55428.380867200         527    20.640    21.509     27.682    1.950       4.472           0           0            0            1    11194527 
   55428.389627200        20.580        0.169      1001142060001923    2.8894600   29.0893520   00h11m33.47s   29d05m21.67s      2               0    1.986556e-06         242         242         237        20.244            0.023     20.540         20.540   20.531       20.528    0.283       0.280        11194569005197    2.8894740   29.0893880      100114      6   55428.392997200         527    20.592    21.649     27.684    1.850       3.830           0           0            0            1    11194569 
   55428.411677200        20.814        0.165      1001142060001923    2.8894600   29.0893520   00h11m33.47s   29d05m21.67s      2               0    1.986556e-06         242         242         237        20.244            0.023     20.540         20.540   20.531       20.528    0.283       0.280        11194550005364    2.8895390   29.0893260      100114      6   55428.415047200         527    20.824    21.800     27.686    1.950       4.013           0           0            0            1    11194550 
   55428.426357200        20.032        0.134      1001142060001923    2.8894600   29.0893520   00h11m33.47s   29d05m21.67s      2               0    1.986556e-06         242         242         237        20.244            0.023     20.540         20.540   20.531       20.528    0.283       0.280        11194633005472    2.8893280   29.0892120      100114      6   55428.429717200         527    20.042    21.756     27.686    2.050       4.949           0      131072            0            1    11194633 
   55428.439377200        20.237        0.152      1001142060001923    2.8894600   29.0893520   00h11m33.47s   29d05m21.67s      2               0    1.986556e-06         242         242         237        20.244            0.023     20.540         20.540   20.531       20.528    0.283       0.280        11194508005623    2.8894110   29.0893810      100114      6   55428.442737200         527    20.247    21.870     27.686    1.850       6.236           0      131072            0            1    11194508 
   55428.453277200        20.881        0.176      1001142060001923    2.8894600   29.0893520   00h11m33.47s   29d05m21.67s      2               0    1.986556e-06         242         242         237        20.244            0.023     20.540         20.540   20.531       20.528    0.283       0.280        11194522005474    2.8897630   29.0891850      100114      6   55428.456647200         527    20.890    21.744     27.684    2.050       3.439           0           0            0            1    11194522 
   55428.465197200        20.512        0.165      1001142060001923    2.8894600   29.0893520   00h11m33.47s   29d05m21.67s      2               0    1.986556e-06         242         242         237        20.244            0.023     20.540         20.540   20.531       20.528    0.283       0.280        11194476005485    2.8894490   29.0893730      100114      6   55428.468567200         527    20.524    21.784     27.683    1.950       4.153           0           0            0            1    11194476 
   55428.478057200        20.433        0.149      1001142060001923    2.8894600   29.0893520   00h11m33.47s   29d05m21.67s      2               0    1.986556e-06         242         242         237        20.244            0.023     20.540         20.540   20.531       20.528    0.283       0.280        11194525005343    2.8893620   29.0893590      100114      6   55428.481427200         527    20.443    21.705     27.680    2.050       4.527           0           0            0            1    11194525 
   55428.491407200        20.039        0.166      1001142060001923    2.8894600   29.0893520   00h11m33.47s   29d05m21.67s      2               0    1.986556e-06         242         242         237        20.244            0.023     20.540         20.540   20.531       20.528    0.283       0.280        11194711005053    2.8894840   29.0893910      100114      6   55428.494777200         527    20.048    21.549     27.677    2.050       6.743           0      131072            0            1    11194711 
   55429.325947200        20.301        0.184      1001142060001923    2.8894600   29.0893520   00h11m33.47s   29d05m21.67s      2               0    1.986556e-06         242         242         237        20.244            0.023     20.540         20.540   20.531       20.528    0.283       0.280        11192969004300    2.8895210   29.0893220      100114      6   55429.329377200         528    20.307    20.817     27.664    2.850       3.773           0           0            0            1    11192969 
   55429.350427200        20.700        0.161      1001142060001923    2.8894600   29.0893520   00h11m33.47s   29d05m21.67s      2               0    1.986556e-06         242         242         237        20.244            0.023     20.540         20.540   20.531       20.528    0.283       0.280        11192990004680    2.8897190   29.0892570      100114      6   55429.353857200         528    20.704    21.343     27.670    1.850       3.302           0           0            0            1    11192990 
   55429.378167200        20.109        0.165      1001142060001923    2.8894600   29.0893520   00h11m33.47s   29d05m21.67s      2               0    1.986556e-06         242         242         237        20.244            0.023     20.540         20.540   20.531       20.528    0.283       0.280        11192950004760    2.8893320   29.0894460      100114      6   55429.381597200         528    20.113    21.391     27.675    1.850       4.088           0           0            0            1    11192950 
   55429.392507200        20.724        0.217      1001142060001923    2.8894600   29.0893520   00h11m33.47s   29d05m21.67s      2               0    1.986556e-06         242         242         237        20.244            0.023     20.540         20.540   20.531       20.528    0.283       0.280        11192927004914    2.8896110   29.0894420      100114      6   55429.395937200         528    20.727    21.370     27.677    1.950       3.890           0           0            0            1    11192927 
   55429.407947200        20.381        0.168      1001142060001923    2.8894600   29.0893520   00h11m33.47s   29d05m21.67s      2               0    1.986556e-06         242         242         237        20.244            0.023     20.540         20.540   20.531       20.528    0.283       0.280        11193021004870    2.8896200   29.0894260      100114      6   55429.411377200         528    20.383    21.410     27.677    1.950       4.943           0           0            0            1    11193021 
   55429.422387200        20.299        0.133      1001142060001923    2.8894600   29.0893520   00h11m33.47s   29d05m21.67s      2               0    1.986556e-06         242         242         237        20.244            0.023     20.540         20.540   20.531       20.528    0.283       0.280        11193084005016    2.8894990   29.0894440      100114      6   55429.425817200         528    20.304    21.511     27.677    1.950       3.900           0      131072            0            1    11193084 
   55429.434587200        20.399        0.149      1001142060001923    2.8894600   29.0893520   00h11m33.47s   29d05m21.67s      2               0    1.986556e-06         242         242         237        20.244            0.023     20.540         20.540   20.531       20.528    0.283       0.280        11192920005201    2.8894670   29.0894810      100114      6   55429.438017200         528    20.404    21.599     27.677    2.050       6.375           0           0            0            1    11192920 
   55429.447877200        20.179        0.142      1001142060001923    2.8894600   29.0893520   00h11m33.47s   29d05m21.67s      2               0    1.986556e-06         242         242         237        20.244            0.023     20.540         20.540   20.531       20.528    0.283       0.280        11193089005612    2.8894950   29.0892370      100114      6   55429.451317200         528    20.184    21.814     27.675    1.950       3.731           0      131072            0            1    11193089 
   55429.460877200        20.498        0.130      1001142060001923    2.8894600   29.0893520   00h11m33.47s   29d05m21.67s      2               0    1.986556e-06         242         242         237        20.244            0.023     20.540         20.540   20.531       20.528    0.283       0.280        11192939005584    2.8893760   29.0892680      100114      6   55429.464317200         528    20.505    21.836     27.674    1.950       4.725           0      131072            0            1    11192939 
   55429.496887200        20.559        0.145      1001142060001923    2.8894600   29.0893520   00h11m33.47s   29d05m21.67s      2               0    1.986556e-06         242         242         237        20.244            0.023     20.540         20.540   20.531       20.528    0.283       0.280        11193044005332    2.8892900   29.0892280      100114      6   55429.500327200         528    20.564    21.703     27.665    2.050       3.802           0      131072            0            1    11193044 
   55535.281217200        20.609        0.250      1001142060001923    2.8894600   29.0893520   00h11m33.47s   29d05m21.67s      2               0    1.986556e-06         242         242         237        20.244            0.023     20.540         20.540   20.531       20.528    0.283       0.280        10697390004799    2.8896600   29.0894790      100114      6   55535.284127200         635    20.697    21.398     27.730    2.250       3.200           0           0            0            1    10697390 
   55541.099387200        20.581        0.216      1001142060001923    2.8894600   29.0893520   00h11m33.47s   29d05m21.67s      2               0    1.986556e-06         242         242         237        20.244            0.023     20.540         20.540   20.531       20.528    0.283       0.280        10678008004767    2.8894370   29.0892810      100114      6   55541.101837200         641    20.588    21.349     27.678    2.350       3.868           0           0            0            1    10678008 
   55584.132047200        20.909        0.174      1001142060001923    2.8894600   29.0893520   00h11m33.47s   29d05m21.67s      2               0    1.986556e-06         242         242         237        20.244            0.023     20.540         20.540   20.531       20.528    0.283       0.280         9808957004708    2.8892920   29.0892800      100114      6   55584.130637200         683    20.914    21.294     27.644    2.250       3.806           0           0            0            1     9808957 
   55779.299377200        20.176        0.164      1001142060001923    2.8894600   29.0893520   00h11m33.47s   29d05m21.67s      2               0    1.986556e-06         242         242         237        20.244            0.023     20.540         20.540   20.531       20.528    0.283       0.280        10316555005024    2.8893780   29.0893500      100114      6   55779.301697200         877    20.167    21.540     27.536    1.950       4.604           0      131072            0            1    10316555 
   55780.296807200        20.701        0.149      1001142060001923    2.8894600   29.0893520   00h11m33.47s   29d05m21.67s      2               0    1.986556e-06         242         242         237        20.244            0.023     20.540         20.540   20.531       20.528    0.283       0.280        10350740004636    2.8895630   29.0894250      100114      6   55780.299207200         878    20.699    21.337     27.544    2.150       4.446           0           0            0            1    10350740 
   55794.261357200        20.135        0.183      1001142060001923    2.8894600   29.0893520   00h11m33.47s   29d05m21.67s      2               0    1.986556e-06         242         242         237        20.244            0.023     20.540         20.540   20.531       20.528    0.283       0.280        10379376004667    2.8894890   29.0894250      100114      6   55794.264757200         892    20.097    21.243     27.511    2.150       3.240           0      131072            0            1    10379376 
   55838.116477200        20.134        0.195      1001142060001923    2.8894600   29.0893520   00h11m33.47s   29d05m21.67s      2               0    1.986556e-06         242         242         237        20.244            0.023     20.540         20.540   20.531       20.528    0.283       0.280        10569624003769    2.8894830   29.0894040      100114      6   55838.121647200         936    20.126    20.739     27.434    2.450       3.858           0           0            0            1    10569624 
   55838.195117200        20.332        0.200      1001142060001923    2.8894600   29.0893520   00h11m33.47s   29d05m21.67s      2               0    1.986556e-06         242         242         237        20.244            0.023     20.540         20.540   20.531       20.528    0.283       0.280        10569664004141    2.8895570   29.0892320      100114      6   55838.200287200         936    20.321    20.964     27.491    2.450       3.852           0           0            0            1    10569664 
   56537.326577200        20.580        0.136      1001142060001923    2.8894600   29.0893520   00h11m33.47s   29d05m21.67s      2               0    1.986556e-06         242         242         237        20.244            0.023     20.540         20.540   20.531       20.528    0.283       0.280        18124330005471    2.8896280   29.0893130      100114      6   56537.330727200        1611    20.585    21.843     27.604    1.850       4.176           0      131072            0            1    18124330 
   56540.454177200        20.964        0.201      1001142060001923    2.8894600   29.0893520   00h11m33.47s   29d05m21.67s      2               0    1.986556e-06         242         242         237        20.244            0.023     20.540         20.540   20.531       20.528    0.283       0.280        18197418005398    2.8894840   29.0892710      100114      6   56540.458497200        1614    20.898    21.677     27.528    1.950       3.743           0           0            0            1    18197418 
   56545.226097200        20.482        0.209      1001142060001923    2.8894600   29.0893520   00h11m33.47s   29d05m21.67s      2               0    1.986556e-06         242         242         237        20.244            0.023     20.540         20.540   20.531       20.528    0.283       0.280        18261747004652    2.8897310   29.0894350      100114      6   56545.230637200        1619    20.345    21.274     27.307    2.050       4.102           0           0            0            1    18261747 
   56606.185397200        21.165        0.427      1001142060001923    2.8894600   29.0893520   00h11m33.47s   29d05m21.67s      2               0    1.986556e-06         242         242         237        20.244            0.023     20.540         20.540   20.531       20.528    0.283       0.280        18297010004614    2.8896350   29.0891980      100114      6   56606.189857200        1680    20.785    20.900     27.278    2.150       3.717           0           0            0            1    18297010 
