   55059.431477200        18.543        0.036      1001142060001228    2.8498100   29.0254160   00h11m23.95s   29d01m31.50s      2               0    6.692693e-07         444         440         420        18.545            0.006     18.575         18.574   18.581       18.579    0.070       0.062        11898981005383    2.8497380   29.0254450      100114      6   55059.434587200         173    18.542    21.471     27.271    2.350       2.626           0      131072            0            1    11898981 
   55059.454527200        18.563        0.036      1001142060001228    2.8498100   29.0254160   00h11m23.95s   29d01m31.50s      2               0    6.692693e-07         444         440         420        18.545            0.006     18.575         18.574   18.581       18.579    0.070       0.062        11899087005271    2.8496990   29.0254300      100114      6   55059.457637200         173    18.559    21.484     27.269    2.350       2.618           0      131072            0            1    11899087 
   55061.424747200        18.575        0.035      1001142060001228    2.8498100   29.0254160   00h11m23.95s   29d01m31.50s      2               0    6.692693e-07         444         440         420        18.545            0.006     18.575         18.574   18.581       18.579    0.070       0.062        11894878005237    2.8497030   29.0254040      100114      6   55061.427997200         175    18.567    21.590     27.241    2.350       2.536           0      131072            0            1    11894878 
   55061.462657200        18.603        0.035      1001142060001228    2.8498100   29.0254160   00h11m23.95s   29d01m31.50s      2               0    6.692693e-07         444         440         420        18.545            0.006     18.575         18.574   18.581       18.579    0.070       0.062        11894740005802    2.8497090   29.0253900      100114      6   55061.465917200         175    18.582    21.695     27.229    2.150       2.267           0      131072            0            1    11894740 
   55063.486237200        18.615        0.035      1001142060001228    2.8498100   29.0254160   00h11m23.95s   29d01m31.50s      2               0    6.692693e-07         444         440         420        18.545            0.006     18.575         18.574   18.581       18.579    0.070       0.062        11890517005710    2.8496760   29.0253670      100114      6   55063.489627200         177    18.627    21.727     27.217    2.050       2.297           0      131072            0            1    11890517 
   55066.424917200        18.547        0.038      1001142060001228    2.8498100   29.0254160   00h11m23.95s   29d01m31.50s      2               0    6.692693e-07         444         440         420        18.545            0.006     18.575         18.574   18.581       18.579    0.070       0.062        11884710005443    2.8497250   29.0254170      100114      6   55066.428497200         180    18.543    21.568     27.202    2.150       2.316           0      131072            0            1    11884710 
   55066.469697200        18.561        0.037      1001142060001228    2.8498100   29.0254160   00h11m23.95s   29d01m31.50s      2               0    6.692693e-07         444         440         420        18.545            0.006     18.575         18.574   18.581       18.579    0.070       0.062        11884677005695    2.8497510   29.0253960      100114      6   55066.473277200         180    18.548    21.681     27.206    1.950       1.994           0      131072            0            1    11884677 
   55069.414127200        18.575        0.035      1001142060001228    2.8498100   29.0254160   00h11m23.95s   29d01m31.50s      2               0    6.692693e-07         444         440         420        18.545            0.006     18.575         18.574   18.581       18.579    0.070       0.062        11880809005357    2.8496500   29.0253550      100114      6   55069.417897200         183    18.573    21.568     27.261    2.050       2.246           0      131072            0            1    11880809 
   55069.459987200        18.487        0.036      1001142060001228    2.8498100   29.0254160   00h11m23.95s   29d01m31.50s      2               0    6.692693e-07         444         440         420        18.545            0.006     18.575         18.574   18.581       18.579    0.070       0.062        11880766005260    2.8496370   29.0253760      100114      6   55069.463757200         183    18.492    21.404     27.263    2.350       3.092           0      131072            0            1    11880766 
   55084.358307200        18.632        0.045      1001142060001228    2.8498100   29.0254160   00h11m23.95s   29d01m31.50s      2               0    6.692693e-07         444         440         420        18.545            0.006     18.575         18.574   18.581       18.579    0.070       0.062        11839089004241    2.8496610   29.0254020      100114      6   55084.362847200         196    18.635    20.971     27.267    2.050       2.217           0      131072            0            1    11839089 
   55084.403037200        18.745        0.088      1001142060001228    2.8498100   29.0254160   00h11m23.95s   29d01m31.50s      2               0    6.692693e-07         444         440         420        18.545            0.006     18.575         18.574   18.581       18.579    0.070       0.062        11839119002171    2.8496350   29.0254160      100114      6   55084.407577200         196    18.735    19.710     27.264    6.450       8.046           0      131072            0            1    11839119 
   55089.350597200        18.580        0.037      1001142060001228    2.8498100   29.0254160   00h11m23.95s   29d01m31.50s      2               0    6.692693e-07         444         440         420        18.545            0.006     18.575         18.574   18.581       18.579    0.070       0.062        11854279004811    2.8497000   29.0254460      100114      6   55089.355347200         201    18.573    21.243     27.255    2.750       3.320           0      131072            0            1    11854279 
   55089.394887200        18.586        0.036      1001142060001228    2.8498100   29.0254160   00h11m23.95s   29d01m31.50s      2               0    6.692693e-07         444         440         420        18.545            0.006     18.575         18.574   18.581       18.579    0.070       0.062        11854251005189    2.8497000   29.0254240      100114      6   55089.399627200         201    18.585    21.536     27.273    2.150       2.475           0      131072            0            1    11854251 
   55093.335147200        18.567        0.035      1001142060001228    2.8498100   29.0254160   00h11m23.95s   29d01m31.50s      2               0    6.692693e-07         444         440         420        18.545            0.006     18.575         18.574   18.581       18.579    0.070       0.062        11854138005293    2.8497040   29.0253810      100114      6   55093.340027200         205    18.570    21.509     27.227    2.150       2.346           0      131072            0            1    11854138 
   55093.379747200        18.590        0.034      1001142060001228    2.8498100   29.0254160   00h11m23.95s   29d01m31.50s      2               0    6.692693e-07         444         440         420        18.545            0.006     18.575         18.574   18.581       18.579    0.070       0.062        11854093005419    2.8496940   29.0253710      100114      6   55093.384617200         205    18.597    21.605     27.235    2.050       2.246           0      131072            0            1    11854093 
   55095.329827200        18.577        0.035      1001142060001228    2.8498100   29.0254160   00h11m23.95s   29d01m31.50s      2               0    6.692693e-07         444         440         420        18.545            0.006     18.575         18.574   18.581       18.579    0.070       0.062        11932331005344    2.8497770   29.0254160      100114      6   55095.334757200         207    18.581    21.453     27.263    2.350       2.529           0      131072            0            1    11932331 
   55095.374507200        18.559        0.035      1001142060001228    2.8498100   29.0254160   00h11m23.95s   29d01m31.50s      2               0    6.692693e-07         444         440         420        18.545            0.006     18.575         18.574   18.581       18.579    0.070       0.062        11932347005295    2.8497640   29.0254220      100114      6   55095.379437200         207    18.565    21.473     27.259    2.350       2.679           0      131072            0            1    11932347 
   55114.378347200        18.525        0.128      1001142060001228    2.8498100   29.0254160   00h11m23.95s   29d01m31.50s      2               0    6.692693e-07         444         440         420        18.545            0.006     18.575         18.574   18.581       18.579    0.070       0.062        11806483004569    2.8497630   29.0254010      100114      6   55114.383547200         223    18.396    21.058     27.617    2.450       2.659           0      131072            0            1    11806483 
   55119.413187200        18.568        0.041      1001142060001228    2.8498100   29.0254160   00h11m23.95s   29d01m31.50s      2               0    6.692693e-07         444         440         420        18.545            0.006     18.575         18.574   18.581       18.579    0.070       0.062        11838687004307    2.8497860   29.0254140      100114      6   55119.418367200         228    18.585    21.301     27.721    2.350       2.623           0      131072            0            1    11838687 
   55119.476747200        18.504        0.050      1001142060001228    2.8498100   29.0254160   00h11m23.95s   29d01m31.50s      2               0    6.692693e-07         444         440         420        18.545            0.006     18.575         18.574   18.581       18.579    0.070       0.062        11838673003787    2.8497580   29.0254080      100114      6   55119.481927200         228    18.512    20.801     27.637    2.950       3.571           0      131072            0            1    11838673 
   55123.287437200        18.570        0.038      1001142060001228    2.8498100   29.0254160   00h11m23.95s   29d01m31.50s      2               0    6.692693e-07         444         440         420        18.545            0.006     18.575         18.574   18.581       18.579    0.070       0.062        11812963004977    2.8497500   29.0254120      100114      6   55123.292577200         232    18.581    21.571     27.758    2.350       2.838           0      131072            0            1    11812963 
   55123.336467200        18.558        0.039      1001142060001228    2.8498100   29.0254160   00h11m23.95s   29d01m31.50s      2               0    6.692693e-07         444         440         420        18.545            0.006     18.575         18.574   18.581       18.579    0.070       0.062        11812935005053    2.8497490   29.0254290      100114      6   55123.341607200         232    18.565    21.513     27.750    2.350       2.791           0      131072            0            1    11812935 
   55138.211887200        18.677        0.070      1001142060001228    2.8498100   29.0254160   00h11m23.95s   29d01m31.50s      2               0    6.692693e-07         444         440         420        18.545            0.006     18.575         18.574   18.581       18.579    0.070       0.062        11788529002644    2.8497070   29.0254380      100114      6   55138.216647200         245    18.676    20.421     27.765    2.250       2.701           0      131072            0            1    11788529 
   55138.255917200        18.614        0.072      1001142060001228    2.8498100   29.0254160   00h11m23.95s   29d01m31.50s      2               0    6.692693e-07         444         440         420        18.545            0.006     18.575         18.574   18.581       18.579    0.070       0.062        11788408002651    2.8497160   29.0254420      100114      6   55138.260667200         245    18.614    20.370     27.767    2.350       2.920           0      131072            0            1    11788408 
   55142.296147200        18.520        0.042      1001142060001228    2.8498100   29.0254160   00h11m23.95s   29d01m31.50s      2               0    6.692693e-07         444         440         420        18.545            0.006     18.575         18.574   18.581       18.579    0.070       0.062        11792905004254    2.8498130   29.0254490      100114      6   55142.300737200         282    18.519    21.168     27.757    2.350       2.804           0      131072            0            1    11792905 
   55142.340347200        18.544        0.045      1001142060001228    2.8498100   29.0254160   00h11m23.95s   29d01m31.50s      2               0    6.692693e-07         444         440         420        18.545            0.006     18.575         18.574   18.581       18.579    0.070       0.062        11792944004081    2.8498640   29.0254150      100114      6   55142.344937200         282    18.545    21.053     27.742    2.350       2.561           0      131072            0            1    11792944 
   55144.361137200        18.437        0.083      1001142060001228    2.8498100   29.0254160   00h11m23.95s   29d01m31.50s      2               0    6.692693e-07         444         440         420        18.545            0.006     18.575         18.574   18.581       18.579    0.070       0.062        11799911004239    2.8498100   29.0254150      100114      6   55144.365637200         250    18.475    21.199     27.744    2.050       2.665           0      131072            0            1    11799911 
   55152.173527200        18.638        0.040      1001142060001228    2.8498100   29.0254160   00h11m23.95s   29d01m31.50s      2               0    6.692693e-07         444         440         420        18.545            0.006     18.575         18.574   18.581       18.579    0.070       0.062        11803159004550    2.8497390   29.0254300      100114      6   55152.177637200         258    18.644    21.336     27.787    2.750       2.822           0      131072            0            1    11803159 
   55166.229767200        18.559        0.062      1001142060001228    2.8498100   29.0254160   00h11m23.95s   29d01m31.50s      2               0    6.692693e-07         444         440         420        18.545            0.006     18.575         18.574   18.581       18.579    0.070       0.062        11770064002822    2.8497770   29.0253990      100114      6   55166.232957200         271    18.547    20.552     27.780    2.250       3.466           0      131072            0            1    11770064 
   55168.184237200        18.593        0.054      1001142060001228    2.8498100   29.0254160   00h11m23.95s   29d01m31.50s      2               0    6.692693e-07         444         440         420        18.545            0.006     18.575         18.574   18.581       18.579    0.070       0.062        12344573003314    2.8497850   29.0254570      100114      6   55168.187287200         273    18.586    20.737     27.778    2.350       2.955           0      131072            0            1    12344573 
   55168.274097200        18.575        0.065      1001142060001228    2.8498100   29.0254160   00h11m23.95s   29d01m31.50s      2               0    6.692693e-07         444         440         420        18.545            0.006     18.575         18.574   18.581       18.579    0.070       0.062        12344664003017    2.8498010   29.0254390      100114      6   55168.277137200         273    18.578    20.673     27.756    2.050       2.817           0      131072            0            1    12344664 
   55183.120247200        18.529        0.204      1001142060001228    2.8498100   29.0254160   00h11m23.95s   29d01m31.50s      2               0    6.692693e-07         444         440         420        18.545            0.006     18.575         18.574   18.581       18.579    0.070       0.062        11781797002119    2.8497380   29.0254490      100114      6   55183.122077200         279    19.313    20.592     27.686    2.550       3.530           0      131072            0            1    11781797 
   55183.164917200        18.537        0.185      1001142060001228    2.8498100   29.0254160   00h11m23.95s   29d01m31.50s      2               0    6.692693e-07         444         440         420        18.545            0.006     18.575         18.574   18.581       18.579    0.070       0.062        11781690004547    2.8498220   29.0253960      100114      6   55183.166757200         279    18.440    21.175     27.636    2.350       2.707           0      131072            0            1    11781690 
   55194.097327200        18.610        0.059      1001142060001228    2.8498100   29.0254160   00h11m23.95s   29d01m31.50s      2               0    6.692693e-07         444         440         420        18.545            0.006     18.575         18.574   18.581       18.579    0.070       0.062        12652253003241    2.8498210   29.0254200      100114      6   55194.098187200         302    17.706    19.782     26.867    2.350       2.980           0      131072            0            1    12652253 
   55197.089997200        18.429        0.089      1001142060001228    2.8498100   29.0254160   00h11m23.95s   29d01m31.50s      2               0    6.692693e-07         444         440         420        18.545            0.006     18.575         18.574   18.581       18.579    0.070       0.062        11691974002128    2.8498110   29.0254390      100114      6   55197.090587200         305    18.375    19.916     27.464    2.750       3.323           0      131072            0            1    11691974 
   55199.096657200        18.565        0.041      1001142060001228    2.8498100   29.0254160   00h11m23.95s   29d01m31.50s      2               0    6.692693e-07         444         440         420        18.545            0.006     18.575         18.574   18.581       18.579    0.070       0.062        14959062004322    2.8498190   29.0254190      100114      6   55199.097057200         307    18.556    21.360     27.779    2.450       2.763           0      131072            0            1    14959062 
   55201.108777200        18.626        0.051      1001142060001228    2.8498100   29.0254160   00h11m23.95s   29d01m31.50s      2               0    6.692693e-07         444         440         420        18.545            0.006     18.575         18.574   18.581       18.579    0.070       0.062        11702553003519    2.8498140   29.0254620      100114      6   55201.108987200         310    18.423    20.391     27.229    2.750       3.171           0      131072            0            1    11702553 
   55209.134757200        18.593        0.067      1001142060001228    2.8498100   29.0254160   00h11m23.95s   29d01m31.50s      2               0    6.692693e-07         444         440         420        18.545            0.006     18.575         18.574   18.581       18.579    0.070       0.062        11741608004924    2.8497890   29.0253930      100114      6   55209.134227200         318    18.595    21.561     27.786    2.150       2.632           0      131072            0            1    11741608 
   55209.179387200        18.623        0.069      1001142060001228    2.8498100   29.0254160   00h11m23.95s   29d01m31.50s      2               0    6.692693e-07         444         440         420        18.545            0.006     18.575         18.574   18.581       18.579    0.070       0.062        11741584004361    2.8498140   29.0254110      100114      6   55209.178857200         318    18.604    21.186     27.736    2.650       2.933           0      131072            0            1    11741584 
   55422.309447200        18.563        0.036      1001142060001228    2.8498100   29.0254160   00h11m23.95s   29d01m31.50s      2               0    6.692693e-07         444         440         420        18.545            0.006     18.575         18.574   18.581       18.579    0.070       0.062        11149993004853    2.8498030   29.0253800      100114      6   55422.312387200         521    18.551    21.616     27.663    2.250       2.494           0      131072            0            1    11149993 
   55422.336907200        18.552        0.037      1001142060001228    2.8498100   29.0254160   00h11m23.95s   29d01m31.50s      2               0    6.692693e-07         444         440         420        18.545            0.006     18.575         18.574   18.581       18.579    0.070       0.062        11149840004686    2.8497810   29.0254260      100114      6   55422.339857200         521    18.544    21.584     27.677    2.550       3.219           0      131072            0            1    11149840 
   55422.350847200        18.595        0.035      1001142060001228    2.8498100   29.0254160   00h11m23.95s   29d01m31.50s      2               0    6.692693e-07         444         440         420        18.545            0.006     18.575         18.574   18.581       18.579    0.070       0.062        11150034005203    2.8498060   29.0254380      100114      6   55422.353787200         521    18.584    21.778     27.682    2.150       2.333           0      131072            0            1    11150034 
   55422.362757200        18.587        0.036      1001142060001228    2.8498100   29.0254160   00h11m23.95s   29d01m31.50s      2               0    6.692693e-07         444         440         420        18.545            0.006     18.575         18.574   18.581       18.579    0.070       0.062        11149808004796    2.8497800   29.0254360      100114      6   55422.365697200         521    18.580    21.773     27.685    2.250       2.776           0      131072            0            1    11149808 
   55422.374317200        18.571        0.036      1001142060001228    2.8498100   29.0254160   00h11m23.95s   29d01m31.50s      2               0    6.692693e-07         444         440         420        18.545            0.006     18.575         18.574   18.581       18.579    0.070       0.062        11149932004861    2.8497820   29.0254120      100114      6   55422.377267200         521    18.568    21.678     27.688    2.450       2.650           0      131072            0            1    11149932 
   55422.386737200        18.534        0.035      1001142060001228    2.8498100   29.0254160   00h11m23.95s   29d01m31.50s      2               0    6.692693e-07         444         440         420        18.545            0.006     18.575         18.574   18.581       18.579    0.070       0.062        11149844004989    2.8497820   29.0253970      100114      6   55422.389687200         521    18.529    21.949     27.690    1.950       2.284           0      131072            0            1    11149844 
   55422.412987200        18.540        0.036      1001142060001228    2.8498100   29.0254160   00h11m23.95s   29d01m31.50s      2               0    6.692693e-07         444         440         420        18.545            0.006     18.575         18.574   18.581       18.579    0.070       0.062        11149893004858    2.8497830   29.0253590      100114      6   55422.415937200         521    18.538    21.756     27.692    2.350       2.645           0      131072            0            1    11149893 
   55422.452697200        18.564        0.036      1001142060001228    2.8498100   29.0254160   00h11m23.95s   29d01m31.50s      2               0    6.692693e-07         444         440         420        18.545            0.006     18.575         18.574   18.581       18.579    0.070       0.062        11149851004904    2.8497670   29.0254170      100114      6   55422.455647200         521    18.556    21.656     27.690    2.550       2.954           0      131072            0            1    11149851 
   55422.466737200        18.596        0.036      1001142060001228    2.8498100   29.0254160   00h11m23.95s   29d01m31.50s      2               0    6.692693e-07         444         440         420        18.545            0.006     18.575         18.574   18.581       18.579    0.070       0.062        11150061004904    2.8497460   29.0254380      100114      6   55422.469687200         521    18.590    21.569     27.688    2.750       2.705           0      131072            0            1    11150061 
   55422.483747200        18.607        0.036      1001142060001228    2.8498100   29.0254160   00h11m23.95s   29d01m31.50s      2               0    6.692693e-07         444         440         420        18.545            0.006     18.575         18.574   18.581       18.579    0.070       0.062        11149979005163    2.8497640   29.0253790      100114      6   55422.486707200         521    18.599    21.720     27.685    2.350       2.555           0      131072            0            1    11149979 
   55422.498897200        18.589        0.037      1001142060001228    2.8498100   29.0254160   00h11m23.95s   29d01m31.50s      2               0    6.692693e-07         444         440         420        18.545            0.006     18.575         18.574   18.581       18.579    0.070       0.062        11149810004343    2.8497720   29.0253910      100114      6   55422.501857200         521    18.583    21.492     27.680    2.450       2.652           0      131072            0            1    11149810 
   55423.307897200        18.576        0.036      1001142060001228    2.8498100   29.0254160   00h11m23.95s   29d01m31.50s      2               0    6.692693e-07         444         440         420        18.545            0.006     18.575         18.574   18.581       18.579    0.070       0.062        11147042004685    2.8497690   29.0254100      100114      6   55423.310907200         522    18.569    21.691     27.659    2.050       2.234           0      131072            0            1    11147042 
   55423.325617200        18.519        0.034      1001142060001228    2.8498100   29.0254160   00h11m23.95s   29d01m31.50s      2               0    6.692693e-07         444         440         420        18.545            0.006     18.575         18.574   18.581       18.579    0.070       0.062        11147017005076    2.8497840   29.0254210      100114      6   55423.328627200         522    18.511    21.731     27.666    2.050       2.314           0      131072            0            1    11147017 
   55423.339857200        18.621        0.036      1001142060001228    2.8498100   29.0254160   00h11m23.95s   29d01m31.50s      2               0    6.692693e-07         444         440         420        18.545            0.006     18.575         18.574   18.581       18.579    0.070       0.062        11147166004991    2.8498030   29.0253800      100114      6   55423.342877200         522    18.613    21.672     27.671    2.250       2.468           0      131072            0            1    11147166 
   55423.353677200        18.543        0.034      1001142060001228    2.8498100   29.0254160   00h11m23.95s   29d01m31.50s      2               0    6.692693e-07         444         440         420        18.545            0.006     18.575         18.574   18.581       18.579    0.070       0.062        11147138004880    2.8497930   29.0254100      100114      6   55423.356697200         522    18.537    21.888     27.674    1.850       2.141           0      131072            0            1    11147138 
   55423.365657200        18.545        0.034      1001142060001228    2.8498100   29.0254160   00h11m23.95s   29d01m31.50s      2               0    6.692693e-07         444         440         420        18.545            0.006     18.575         18.574   18.581       18.579    0.070       0.062        11146989005667    2.8498110   29.0254260      100114      6   55423.368677200         522    18.536    21.919     27.676    1.850       2.233           0      131072            0            1    11146989 
   55423.382637200        18.602        0.035      1001142060001228    2.8498100   29.0254160   00h11m23.95s   29d01m31.50s      2               0    6.692693e-07         444         440         420        18.545            0.006     18.575         18.574   18.581       18.579    0.070       0.062        11147033004996    2.8497860   29.0253800      100114      6   55423.385657200         522    18.595    21.777     27.678    2.150       2.415           0      131072            0            1    11147033 
   55423.397187200        18.590        0.034      1001142060001228    2.8498100   29.0254160   00h11m23.95s   29d01m31.50s      2               0    6.692693e-07         444         440         420        18.545            0.006     18.575         18.574   18.581       18.579    0.070       0.062        11147208005228    2.8497850   29.0254060      100114      6   55423.400207200         522    18.587    21.861     27.679    2.050       2.257           0      131072            0            1    11147208 
   55423.412007200        18.612        0.035      1001142060001228    2.8498100   29.0254160   00h11m23.95s   29d01m31.50s      2               0    6.692693e-07         444         440         420        18.545            0.006     18.575         18.574   18.581       18.579    0.070       0.062        11147124004971    2.8497950   29.0254170      100114      6   55423.415027200         522    18.605    21.848     27.679    2.050       2.319           0      131072            0            1    11147124 
   55423.426547200        18.539        0.034      1001142060001228    2.8498100   29.0254160   00h11m23.95s   29d01m31.50s      2               0    6.692693e-07         444         440         420        18.545            0.006     18.575         18.574   18.581       18.579    0.070       0.062        11147117005397    2.8497830   29.0253840      100114      6   55423.429567200         522    18.534    21.978     27.678    1.850       2.144           0      131072            0            1    11147117 
   55423.440577200        18.569        0.034      1001142060001228    2.8498100   29.0254160   00h11m23.95s   29d01m31.50s      2               0    6.692693e-07         444         440         420        18.545            0.006     18.575         18.574   18.581       18.579    0.070       0.062        11147201004833    2.8497810   29.0254470      100114      6   55423.443597200         522    18.566    21.808     27.677    2.150       2.355           0      131072            0            1    11147201 
   55423.466517200        18.528        0.034      1001142060001228    2.8498100   29.0254160   00h11m23.95s   29d01m31.50s      2               0    6.692693e-07         444         440         420        18.545            0.006     18.575         18.574   18.581       18.579    0.070       0.062        11147175005197    2.8497730   29.0253800      100114      6   55423.469537200         522    18.522    21.797     27.674    2.150       2.490           0      131072            0            1    11147175 
   55423.482907200        18.569        0.035      1001142060001228    2.8498100   29.0254160   00h11m23.95s   29d01m31.50s      2               0    6.692693e-07         444         440         420        18.545            0.006     18.575         18.574   18.581       18.579    0.070       0.062        11147187005061    2.8497810   29.0254250      100114      6   55423.485927200         522    18.558    21.805     27.670    2.050       2.211           0      131072            0            1    11147187 
   55423.497167200        18.561        0.036      1001142060001228    2.8498100   29.0254160   00h11m23.95s   29d01m31.50s      2               0    6.692693e-07         444         440         420        18.545            0.006     18.575         18.574   18.581       18.579    0.070       0.062        11147101005201    2.8497550   29.0254290      100114      6   55423.500187200         522    18.549    21.561     27.667    2.350       2.677           0      131072            0            1    11147101 
   55424.304627200        18.495        0.042      1001142060001228    2.8498100   29.0254160   00h11m23.95s   29d01m31.50s      2               0    6.692693e-07         444         440         420        18.545            0.006     18.575         18.574   18.581       18.579    0.070       0.062        11144740004915    2.8498370   29.0254210      100114      6   55424.307717200         523    18.469    21.658     27.572    1.950       2.253           0      131072            0            1    11144740 
   55424.318437200        18.588        0.043      1001142060001228    2.8498100   29.0254160   00h11m23.95s   29d01m31.50s      2               0    6.692693e-07         444         440         420        18.545            0.006     18.575         18.574   18.581       18.579    0.070       0.062        11144697004834    2.8498090   29.0254320      100114      6   55424.321517200         523    18.567    21.634     27.584    2.050       2.362           0      131072            0            1    11144697 
   55424.332167200        18.536        0.043      1001142060001228    2.8498100   29.0254160   00h11m23.95s   29d01m31.50s      2               0    6.692693e-07         444         440         420        18.545            0.006     18.575         18.574   18.581       18.579    0.070       0.062        11144728004393    2.8497910   29.0254220      100114      6   55424.335247200         523    18.546    21.575     27.595    2.250       2.493           0      131072            0            1    11144728 
   55424.348687200        18.576        0.042      1001142060001228    2.8498100   29.0254160   00h11m23.95s   29d01m31.50s      2               0    6.692693e-07         444         440         420        18.545            0.006     18.575         18.574   18.581       18.579    0.070       0.062        11144712004918    2.8498040   29.0254080      100114      6   55424.351777200         523    18.572    21.661     27.606    2.150       2.357           0      131072            0            1    11144712 
   55424.360497200        18.559        0.042      1001142060001228    2.8498100   29.0254160   00h11m23.95s   29d01m31.50s      2               0    6.692693e-07         444         440         420        18.545            0.006     18.575         18.574   18.581       18.579    0.070       0.062        11144729005012    2.8497850   29.0254260      100114      6   55424.363587200         523    18.551    21.644     27.612    2.250       2.652           0      131072            0            1    11144729 
   55424.386287200        18.568        0.042      1001142060001228    2.8498100   29.0254160   00h11m23.95s   29d01m31.50s      2               0    6.692693e-07         444         440         420        18.545            0.006     18.575         18.574   18.581       18.579    0.070       0.062        11144739005037    2.8497880   29.0254070      100114      6   55424.389377200         523    18.567    21.770     27.624    2.050       2.426           0      131072            0            1    11144739 
   55424.399217200        18.588        0.041      1001142060001228    2.8498100   29.0254160   00h11m23.95s   29d01m31.50s      2               0    6.692693e-07         444         440         420        18.545            0.006     18.575         18.574   18.581       18.579    0.070       0.062        11144897005114    2.8497850   29.0254180      100114      6   55424.402307200         523    18.583    21.795     27.628    2.050       2.238           0      131072            0            1    11144897 
   55424.413257200        18.552        0.041      1001142060001228    2.8498100   29.0254160   00h11m23.95s   29d01m31.50s      2               0    6.692693e-07         444         440         420        18.545            0.006     18.575         18.574   18.581       18.579    0.070       0.062        11144757004904    2.8497630   29.0254150      100114      6   55424.416347200         523    18.547    21.805     27.632    2.050       2.368           0      131072            0            1    11144757 
   55424.428257200        18.552        0.043      1001142060001228    2.8498100   29.0254160   00h11m23.95s   29d01m31.50s      2               0    6.692693e-07         444         440         420        18.545            0.006     18.575         18.574   18.581       18.579    0.070       0.062        11144756005127    2.8497630   29.0253880      100114      6   55424.431347200         523    18.552    21.761     27.635    2.150       2.512           0      131072            0            1    11144756 
   55424.440317200        18.561        0.041      1001142060001228    2.8498100   29.0254160   00h11m23.95s   29d01m31.50s      2               0    6.692693e-07         444         440         420        18.545            0.006     18.575         18.574   18.581       18.579    0.070       0.062        11144916005296    2.8497510   29.0253830      100114      6   55424.443407200         523    18.564    21.863     27.637    1.950       2.265           0      131072            0            1    11144916 
   55424.456717200        18.532        0.041      1001142060001228    2.8498100   29.0254160   00h11m23.95s   29d01m31.50s      2               0    6.692693e-07         444         440         420        18.545            0.006     18.575         18.574   18.581       18.579    0.070       0.062        11144849005124    2.8497910   29.0254060      100114      6   55424.459807200         523    18.534    21.652     27.638    2.350       2.590           0      131072            0            1    11144849 
   55424.469517200        18.512        0.041      1001142060001228    2.8498100   29.0254160   00h11m23.95s   29d01m31.50s      2               0    6.692693e-07         444         440         420        18.545            0.006     18.575         18.574   18.581       18.579    0.070       0.062        11144704005112    2.8497970   29.0254450      100114      6   55424.472607200         523    18.512    21.753     27.638    2.150       2.561           0      131072            0            1    11144704 
   55424.484247200        18.572        0.042      1001142060001228    2.8498100   29.0254160   00h11m23.95s   29d01m31.50s      2               0    6.692693e-07         444         440         420        18.545            0.006     18.575         18.574   18.581       18.579    0.070       0.062        11144794005104    2.8497600   29.0254270      100114      6   55424.487347200         523    18.576    21.790     27.638    2.050       2.343           0      131072            0            1    11144794 
   55424.496347200        18.558        0.041      1001142060001228    2.8498100   29.0254160   00h11m23.95s   29d01m31.50s      2               0    6.692693e-07         444         440         420        18.545            0.006     18.575         18.574   18.581       18.579    0.070       0.062        11144863005402    2.8497810   29.0253880      100114      6   55424.499437200         523    18.560    21.793     27.636    1.950       2.410           0      131072            0            1    11144863 
   55424.510947200        18.630        0.053      1001142060001228    2.8498100   29.0254160   00h11m23.95s   29d01m31.50s      2               0    6.692693e-07         444         440         420        18.545            0.006     18.575         18.574   18.581       18.579    0.070       0.062        11144852003660    2.8497650   29.0253740      100114      6   55424.514047200         523    18.638    20.941     27.634    2.150       2.227           0      131072            0            1    11144852 
   55425.307457200        18.575        0.046      1001142060001228    2.8498100   29.0254160   00h11m23.95s   29d01m31.50s      2               0    6.692693e-07         444         440         420        18.545            0.006     18.575         18.574   18.581       18.579    0.070       0.062        11141871005024    2.8497960   29.0253740      100114      6   55425.310607200         524    18.583    21.764     27.572    1.850       2.021           0      131072            0            1    11141871 
   55425.337167200        18.524        0.046      1001142060001228    2.8498100   29.0254160   00h11m23.95s   29d01m31.50s      2               0    6.692693e-07         444         440         420        18.545            0.006     18.575         18.574   18.581       18.579    0.070       0.062        11141949004685    2.8497910   29.0254030      100114      6   55425.340317200         524    18.539    21.827     27.598    1.850       2.213           0      131072            0            1    11141949 
   55425.350517200        18.631        0.046      1001142060001228    2.8498100   29.0254160   00h11m23.95s   29d01m31.50s      2               0    6.692693e-07         444         440         420        18.545            0.006     18.575         18.574   18.581       18.579    0.070       0.062        11141931005224    2.8497860   29.0254130      100114      6   55425.353677200         524    18.642    21.791     27.606    1.950       2.084           0      131072            0            1    11141931 
   55425.363627200        18.562        0.046      1001142060001228    2.8498100   29.0254160   00h11m23.95s   29d01m31.50s      2               0    6.692693e-07         444         440         420        18.545            0.006     18.575         18.574   18.581       18.579    0.070       0.062        11141741004825    2.8497810   29.0253980      100114      6   55425.366777200         524    18.573    21.864     27.612    1.850       2.223           0      131072            0            1    11141741 
   55425.376027200        18.581        0.045      1001142060001228    2.8498100   29.0254160   00h11m23.95s   29d01m31.50s      2               0    6.692693e-07         444         440         420        18.545            0.006     18.575         18.574   18.581       18.579    0.070       0.062        11141721005326    2.8497710   29.0253880      100114      6   55425.379187200         524    18.589    21.941     27.617    1.750       1.942           0      131072            0            1    11141721 
   55425.388077200        18.537        0.045      1001142060001228    2.8498100   29.0254160   00h11m23.95s   29d01m31.50s      2               0    6.692693e-07         444         440         420        18.545            0.006     18.575         18.574   18.581       18.579    0.070       0.062        11141831004902    2.8497630   29.0253910      100114      6   55425.391237200         524    18.541    21.932     27.619    1.750       2.123           0      131072            0            1    11141831 
   55425.404397200        18.504        0.045      1001142060001228    2.8498100   29.0254160   00h11m23.95s   29d01m31.50s      2               0    6.692693e-07         444         440         420        18.545            0.006     18.575         18.574   18.581       18.579    0.070       0.062        11141784005254    2.8497680   29.0253710      100114      6   55425.407557200         524    18.506    21.953     27.621    1.750       2.094           0      131072            0            1    11141784 
   55425.418827200        18.572        0.046      1001142060001228    2.8498100   29.0254160   00h11m23.95s   29d01m31.50s      2               0    6.692693e-07         444         440         420        18.545            0.006     18.575         18.574   18.581       18.579    0.070       0.062        11141881004923    2.8497530   29.0254020      100114      6   55425.421987200         524    18.577    21.910     27.620    1.850       2.226           0      131072            0            1    11141881 
   55425.433137200        18.580        0.045      1001142060001228    2.8498100   29.0254160   00h11m23.95s   29d01m31.50s      2               0    6.692693e-07         444         440         420        18.545            0.006     18.575         18.574   18.581       18.579    0.070       0.062        11141759005289    2.8497450   29.0253560      100114      6   55425.436297200         524    18.589    21.967     27.618    1.750       2.170           0      131072            0            1    11141759 
   55425.447817200        18.540        0.046      1001142060001228    2.8498100   29.0254160   00h11m23.95s   29d01m31.50s      2               0    6.692693e-07         444         440         420        18.545            0.006     18.575         18.574   18.581       18.579    0.070       0.062        11141908005107    2.8497620   29.0254230      100114      6   55425.450977200         524    18.543    21.839     27.614    1.950       2.107           0      131072            0            1    11141908 
   55425.462417200        18.553        0.047      1001142060001228    2.8498100   29.0254160   00h11m23.95s   29d01m31.50s      2               0    6.692693e-07         444         440         420        18.545            0.006     18.575         18.574   18.581       18.579    0.070       0.062        11141844005020    2.8497660   29.0253800      100114      6   55425.465587200         524    18.545    21.780     27.608    2.050       2.519           0      131072            0            1    11141844 
   55425.474857200        18.683        0.050      1001142060001228    2.8498100   29.0254160   00h11m23.95s   29d01m31.50s      2               0    6.692693e-07         444         440         420        18.545            0.006     18.575         18.574   18.581       18.579    0.070       0.062        11141807004095    2.8497630   29.0253770      100114      6   55425.478027200         524    18.680    21.402     27.601    2.450       2.683           0      131072            0            1    11141807 
   55425.490117200        18.548        0.046      1001142060001228    2.8498100   29.0254160   00h11m23.95s   29d01m31.50s      2               0    6.692693e-07         444         440         420        18.545            0.006     18.575         18.574   18.581       18.579    0.070       0.062        11141887004952    2.8497760   29.0253690      100114      6   55425.493277200         524    18.533    21.711     27.591    2.050       2.388           0      131072            0            1    11141887 
   55425.508007200        18.594        0.052      1001142060001228    2.8498100   29.0254160   00h11m23.95s   29d01m31.50s      2               0    6.692693e-07         444         440         420        18.545            0.006     18.575         18.574   18.581       18.579    0.070       0.062        11141907004095    2.8497910   29.0253520      100114      6   55425.511177200         524    18.571    21.178     27.576    1.850       2.322           0      131072            0            1    11141907 
   55426.298337200        18.652        0.077      1001142060001228    2.8498100   29.0254160   00h11m23.95s   29d01m31.50s      2               0    6.692693e-07         444         440         420        18.545            0.006     18.575         18.574   18.581       18.579    0.070       0.062        11198449004060    2.8498250   29.0254330      100114      6   55426.301557200         525    18.760    21.363     27.586    1.950       2.336           0      131072            0            1    11198449 
   55426.310667200        18.666        0.075      1001142060001228    2.8498100   29.0254160   00h11m23.95s   29d01m31.50s      2               0    6.692693e-07         444         440         420        18.545            0.006     18.575         18.574   18.581       18.579    0.070       0.062        11198465004136    2.8498060   29.0254230      100114      6   55426.313897200         525    18.700    21.440     27.599    2.150       2.454           0      131072            0            1    11198465 
   55426.323307200        18.525        0.073      1001142060001228    2.8498100   29.0254160   00h11m23.95s   29d01m31.50s      2               0    6.692693e-07         444         440         420        18.545            0.006     18.575         18.574   18.581       18.579    0.070       0.062        11198500004671    2.8498050   29.0254230      100114      6   55426.326537200         525    18.577    21.648     27.610    1.950       2.298           0      131072            0            1    11198500 
   55426.336037200        18.561        0.072      1001142060001228    2.8498100   29.0254160   00h11m23.95s   29d01m31.50s      2               0    6.692693e-07         444         440         420        18.545            0.006     18.575         18.574   18.581       18.579    0.070       0.062        11198463004818    2.8497710   29.0253830      100114      6   55426.339267200         525    18.532    21.828     27.619    1.850       2.108           0      131072            0            1    11198463 
   55426.364347200        18.573        0.072      1001142060001228    2.8498100   29.0254160   00h11m23.95s   29d01m31.50s      2               0    6.692693e-07         444         440         420        18.545            0.006     18.575         18.574   18.581       18.579    0.070       0.062        11198510005027    2.8497680   29.0253710      100114      6   55426.367577200         525    18.551    21.765     27.631    2.050       2.331           0      131072            0            1    11198510 
   55426.378217200        18.598        0.072      1001142060001228    2.8498100   29.0254160   00h11m23.95s   29d01m31.50s      2               0    6.692693e-07         444         440         420        18.545            0.006     18.575         18.574   18.581       18.579    0.070       0.062        11198411005123    2.8497750   29.0253930      100114      6   55426.381447200         525    18.578    21.786     27.633    2.050       2.447           0      131072            0            1    11198411 
   55426.392757200        18.602        0.072      1001142060001228    2.8498100   29.0254160   00h11m23.95s   29d01m31.50s      2               0    6.692693e-07         444         440         420        18.545            0.006     18.575         18.574   18.581       18.579    0.070       0.062        11198443004817    2.8497370   29.0253520      100114      6   55426.395987200         525    18.578    21.837     27.633    1.950       2.129           0      131072            0            1    11198443 
   55426.406357200        18.530        0.072      1001142060001228    2.8498100   29.0254160   00h11m23.95s   29d01m31.50s      2               0    6.692693e-07         444         440         420        18.545            0.006     18.575         18.574   18.581       18.579    0.070       0.062        11198401005731    2.8497450   29.0253540      100114      6   55426.409587200         525    18.503    21.906     27.632    1.850       2.108           0      131072            0            1    11198401 
   55426.418877200        18.575        0.072      1001142060001228    2.8498100   29.0254160   00h11m23.95s   29d01m31.50s      2               0    6.692693e-07         444         440         420        18.545            0.006     18.575         18.574   18.581       18.579    0.070       0.062        11198404004950    2.8497620   29.0253890      100114      6   55426.422107200         525    18.549    21.847     27.629    1.950       2.302           0      131072            0            1    11198404 
   55426.430467200        18.660        0.074      1001142060001228    2.8498100   29.0254160   00h11m23.95s   29d01m31.50s      2               0    6.692693e-07         444         440         420        18.545            0.006     18.575         18.574   18.581       18.579    0.070       0.062        11198542005118    2.8497330   29.0253310      100114      6   55426.433697200         525    18.645    21.667     27.625    1.950       2.045           0      131072            0            1    11198542 
   55426.489177200        18.608        0.073      1001142060001228    2.8498100   29.0254160   00h11m23.95s   29d01m31.50s      2               0    6.692693e-07         444         440         420        18.545            0.006     18.575         18.574   18.581       18.579    0.070       0.062        11198427004686    2.8497720   29.0254020      100114      6   55426.492417200         525    18.547    21.687     27.586    2.050       2.319           0      131072            0            1    11198427 
   55428.291957200        18.558        0.041      1001142060001228    2.8498100   29.0254160   00h11m23.95s   29d01m31.50s      2               0    6.692693e-07         444         440         420        18.545            0.006     18.575         18.574   18.581       18.579    0.070       0.062        11194687004169    2.8498180   29.0253810      100114      6   55428.295317200         527    18.563    21.113     27.651    2.250       2.496           0      131072            0            1    11194687 
   55428.308157200        18.563        0.041      1001142060001228    2.8498100   29.0254160   00h11m23.95s   29d01m31.50s      2               0    6.692693e-07         444         440         420        18.545            0.006     18.575         18.574   18.581       18.579    0.070       0.062        11194616004281    2.8498100   29.0254400      100114      6   55428.311517200         527    18.571    21.311     27.660    1.950       2.560           0      131072            0            1    11194616 
   55428.321847200        18.522        0.039      1001142060001228    2.8498100   29.0254160   00h11m23.95s   29d01m31.50s      2               0    6.692693e-07         444         440         420        18.545            0.006     18.575         18.574   18.581       18.579    0.070       0.062        11194651004240    2.8498250   29.0253970      100114      6   55428.325207200         527    18.536    21.226     27.666    2.150       2.641           0      131072            0            1    11194651 
   55428.349097200        18.558        0.039      1001142060001228    2.8498100   29.0254160   00h11m23.95s   29d01m31.50s      2               0    6.692693e-07         444         440         420        18.545            0.006     18.575         18.574   18.581       18.579    0.070       0.062        11194665004358    2.8498470   29.0254130      100114      6   55428.352457200         527    18.570    21.329     27.676    2.050       2.390           0      131072            0            1    11194665 
   55428.363187200        18.529        0.038      1001142060001228    2.8498100   29.0254160   00h11m23.95s   29d01m31.50s      2               0    6.692693e-07         444         440         420        18.545            0.006     18.575         18.574   18.581       18.579    0.070       0.062        11194549004628    2.8497840   29.0253890      100114      6   55428.366547200         527    18.539    21.491     27.679    1.850       2.246           0      131072            0            1    11194549 
   55428.377497200        18.546        0.038      1001142060001228    2.8498100   29.0254160   00h11m23.95s   29d01m31.50s      2               0    6.692693e-07         444         440         420        18.545            0.006     18.575         18.574   18.581       18.579    0.070       0.062        11194527004633    2.8497940   29.0253420      100114      6   55428.380867200         527    18.559    21.509     27.682    1.950       2.311           0      131072            0            1    11194527 
   55428.389627200        18.575        0.037      1001142060001228    2.8498100   29.0254160   00h11m23.95s   29d01m31.50s      2               0    6.692693e-07         444         440         420        18.545            0.006     18.575         18.574   18.581       18.579    0.070       0.062        11194569004823    2.8497720   29.0254010      100114      6   55428.392997200         527    18.588    21.649     27.684    1.850       2.253           0      131072            0            1    11194569 
   55428.426357200        18.519        0.034      1001142060001228    2.8498100   29.0254160   00h11m23.95s   29d01m31.50s      2               0    6.692693e-07         444         440         420        18.545            0.006     18.575         18.574   18.581       18.579    0.070       0.062        11194633005079    2.8497360   29.0253470      100114      6   55428.429717200         527    18.529    21.756     27.686    2.050       2.344           0      131072            0            1    11194633 
   55428.439377200        18.513        0.033      1001142060001228    2.8498100   29.0254160   00h11m23.95s   29d01m31.50s      2               0    6.692693e-07         444         440         420        18.545            0.006     18.575         18.574   18.581       18.579    0.070       0.062        11194508005231    2.8497780   29.0254170      100114      6   55428.442737200         527    18.523    21.870     27.685    1.850       2.258           0      131072            0            1    11194508 
   55428.465197200        18.565        0.035      1001142060001228    2.8498100   29.0254160   00h11m23.95s   29d01m31.50s      2               0    6.692693e-07         444         440         420        18.545            0.006     18.575         18.574   18.581       18.579    0.070       0.062        11194476005075    2.8497590   29.0253900      100114      6   55428.468567200         527    18.577    21.784     27.682    1.950       2.318           0      131072            0            1    11194476 
   55428.478057200        18.568        0.035      1001142060001228    2.8498100   29.0254160   00h11m23.95s   29d01m31.50s      2               0    6.692693e-07         444         440         420        18.545            0.006     18.575         18.574   18.581       18.579    0.070       0.062        11194525004645    2.8497640   29.0253750      100114      6   55428.481427200         527    18.579    21.705     27.680    2.050       2.234           0      131072            0            1    11194525 
   55428.510497200        18.655        0.054      1001142060001228    2.8498100   29.0254160   00h11m23.95s   29d01m31.50s      2               0    6.692693e-07         444         440         420        18.545            0.006     18.575         18.574   18.581       18.579    0.070       0.062        11194520003531    2.8497610   29.0253920      100114      6   55428.513867200         527    18.661    20.897     27.671    2.150       2.820           0      131072            0            1    11194520 
   55429.303857200        18.610        0.042      1001142060001228    2.8498100   29.0254160   00h11m23.95s   29d01m31.50s      2               0    6.692693e-07         444         440         420        18.545            0.006     18.575         18.574   18.581       18.579    0.070       0.062        11192909003844    2.8497950   29.0253930      100114      6   55429.307277200         528    18.619    21.175     27.654    1.950       2.303           0      131072            0            1    11192909 
   55429.325947200        18.559        0.043      1001142060001228    2.8498100   29.0254160   00h11m23.95s   29d01m31.50s      2               0    6.692693e-07         444         440         420        18.545            0.006     18.575         18.574   18.581       18.579    0.070       0.062        11192969003955    2.8497570   29.0253960      100114      6   55429.329377200         528    18.565    20.817     27.663    2.850       3.272           0      131072            0            1    11192969 
   55429.338257200        18.585        0.040      1001142060001228    2.8498100   29.0254160   00h11m23.95s   29d01m31.50s      2               0    6.692693e-07         444         440         420        18.545            0.006     18.575         18.574   18.581       18.579    0.070       0.062        11192989004320    2.8498140   29.0253980      100114      6   55429.341677200         528    18.592    21.313     27.667    1.850       2.240           0      131072            0            1    11192989 
   55429.350427200        18.668        0.042      1001142060001228    2.8498100   29.0254160   00h11m23.95s   29d01m31.50s      2               0    6.692693e-07         444         440         420        18.545            0.006     18.575         18.574   18.581       18.579    0.070       0.062        11192990004361    2.8497910   29.0253940      100114      6   55429.353857200         528    18.673    21.343     27.670    1.850       2.100           0      131072            0            1    11192990 
   55429.363447200        18.565        0.041      1001142060001228    2.8498100   29.0254160   00h11m23.95s   29d01m31.50s      2               0    6.692693e-07         444         440         420        18.545            0.006     18.575         18.574   18.581       18.579    0.070       0.062        11193077004227    2.8498060   29.0254110      100114      6   55429.366877200         528    18.567    21.308     27.673    1.950       2.341           0      131072            0            1    11193077 
   55429.378167200        18.541        0.039      1001142060001228    2.8498100   29.0254160   00h11m23.95s   29d01m31.50s      2               0    6.692693e-07         444         440         420        18.545            0.006     18.575         18.574   18.581       18.579    0.070       0.062        11192950004391    2.8497610   29.0253840      100114      6   55429.381597200         528    18.544    21.391     27.675    1.850       2.122           0      131072            0            1    11192950 
   55429.392507200        18.534        0.039      1001142060001228    2.8498100   29.0254160   00h11m23.95s   29d01m31.50s      2               0    6.692693e-07         444         440         420        18.545            0.006     18.575         18.574   18.581       18.579    0.070       0.062        11192927004550    2.8497790   29.0253580      100114      6   55429.395937200         528    18.537    21.370     27.676    1.950       2.092           0      131072            0            1    11192927 
   55429.407947200        18.537        0.039      1001142060001228    2.8498100   29.0254160   00h11m23.95s   29d01m31.50s      2               0    6.692693e-07         444         440         420        18.545            0.006     18.575         18.574   18.581       18.579    0.070       0.062        11193021004473    2.8497660   29.0253520      100114      6   55429.411377200         528    18.539    21.410     27.677    1.950       2.277           0      131072            0            1    11193021 
   55429.434587200        18.569        0.037      1001142060001228    2.8498100   29.0254160   00h11m23.95s   29d01m31.50s      2               0    6.692693e-07         444         440         420        18.545            0.006     18.575         18.574   18.581       18.579    0.070       0.062        11192920004556    2.8497540   29.0253830      100114      6   55429.438017200         528    18.574    21.599     27.676    2.050       2.507           0      131072            0            1    11192920 
   55429.447877200        18.520        0.035      1001142060001228    2.8498100   29.0254160   00h11m23.95s   29d01m31.50s      2               0    6.692693e-07         444         440         420        18.545            0.006     18.575         18.574   18.581       18.579    0.070       0.062        11193089005246    2.8497550   29.0253600      100114      6   55429.451317200         528    18.526    21.814     27.675    1.950       2.097           0      131072            0            1    11193089 
   55429.460877200        18.611        0.035      1001142060001228    2.8498100   29.0254160   00h11m23.95s   29d01m31.50s      2               0    6.692693e-07         444         440         420        18.545            0.006     18.575         18.574   18.581       18.579    0.070       0.062        11192939005229    2.8497230   29.0253650      100114      6   55429.464317200         528    18.618    21.836     27.673    1.950       2.258           0      131072            0            1    11192939 
   55429.481797200        18.587        0.037      1001142060001228    2.8498100   29.0254160   00h11m23.95s   29d01m31.50s      2               0    6.692693e-07         444         440         420        18.545            0.006     18.575         18.574   18.581       18.579    0.070       0.062        11192958004807    2.8497820   29.0254190      100114      6   55429.485227200         528    18.590    21.467     27.669    2.350       2.680           0      131072            0            1    11192958 
   55429.496887200        18.542        0.034      1001142060001228    2.8498100   29.0254160   00h11m23.95s   29d01m31.50s      2               0    6.692693e-07         444         440         420        18.545            0.006     18.575         18.574   18.581       18.579    0.070       0.062        11193044005184    2.8497320   29.0253470      100114      6   55429.500327200         528    18.547    21.703     27.665    2.050       2.177           0      131072            0            1    11193044 
   55534.157547200        18.589        0.330      1001142060001228    2.8498100   29.0254160   00h11m23.95s   29d01m31.50s      2               0    6.692693e-07         444         440         420        18.545            0.006     18.575         18.574   18.581       18.579    0.070       0.062        10652245003904    2.8498220   29.0254570      100114      6   55534.160537200         634    18.712    21.279     27.382    1.950       2.144           0      131072            0            1    10652245 
   55535.197867200        18.904        0.215      1001142060001228    2.8498100   29.0254160   00h11m23.95s   29d01m31.50s      2               0    6.692693e-07         444         440         420        18.545            0.006     18.575         18.574   18.581       18.579    0.070       0.062        10697474002120    2.8498440   29.0254640      100114      6   55535.200787200         635    20.173    21.142     27.785    2.150       2.295           0      131072            0            1    10697474 
   55535.281217200        18.615        0.194      1001142060001228    2.8498100   29.0254160   00h11m23.95s   29d01m31.50s      2               0    6.692693e-07         444         440         420        18.545            0.006     18.575         18.574   18.581       18.579    0.070       0.062        10697390004358    2.8497990   29.0254190      100114      6   55535.284127200         635    18.702    21.398     27.729    2.250       2.639           0      131072            0            1    10697390 
   55541.099387200        18.594        0.146      1001142060001228    2.8498100   29.0254160   00h11m23.95s   29d01m31.50s      2               0    6.692693e-07         444         440         420        18.545            0.006     18.575         18.574   18.581       18.579    0.070       0.062        10678008004437    2.8497860   29.0254130      100114      6   55541.101837200         641    18.601    21.349     27.672    2.350       2.680           0      131072            0            1    10678008 
   55541.143167200        18.612        0.168      1001142060001228    2.8498100   29.0254160   00h11m23.95s   29d01m31.50s      2               0    6.692693e-07         444         440         420        18.545            0.006     18.575         18.574   18.581       18.579    0.070       0.062        10678401002620    2.8497740   29.0253970      100114      6   55541.145617200         641    19.311    21.014     27.730    2.150       3.061           0      131072            0            1    10678401 
   55542.095217200        18.658        0.109      1001142060001228    2.8498100   29.0254160   00h11m23.95s   29d01m31.50s      2               0    6.692693e-07         444         440         420        18.545            0.006     18.575         18.574   18.581       18.579    0.070       0.062        13776404003250    2.8498080   29.0254380      100114      6   55542.097587200         642    18.718    20.830     27.709    3.450       3.594           0      131072            0            1    13776404 
   55542.139567200        18.446        0.114      1001142060001228    2.8498100   29.0254160   00h11m23.95s   29d01m31.50s      2               0    6.692693e-07         444         440         420        18.545            0.006     18.575         18.574   18.581       18.579    0.070       0.062        13776431002858    2.8498150   29.0254030      100114      6   55542.141937200         642    18.446    20.383     27.543    3.650       5.493           0      131073            0            1    13776431 
   55558.213927200        18.491        0.046      1001142060001228    2.8498100   29.0254160   00h11m23.95s   29d01m31.50s      2               0    6.692693e-07         444         440         420        18.545            0.006     18.575         18.574   18.581       18.579    0.070       0.062        10709511003927    2.8498220   29.0254140      100114      6   55558.214887200         655    18.483    21.273     27.622    2.150       2.836           0      131072            0            1    10709511 
   55558.271377200        18.740        0.055      1001142060001228    2.8498100   29.0254160   00h11m23.95s   29d01m31.50s      2               0    6.692693e-07         444         440         420        18.545            0.006     18.575         18.574   18.581       18.579    0.070       0.062        10709512003595    2.8498160   29.0254190      100114      6   55558.272337200         655    18.747    20.853     27.582    2.350       3.211           0      131072            0            1    10709512 
   55576.094157200        18.703        0.168      1001142060001228    2.8498100   29.0254160   00h11m23.95s   29d01m31.50s      2               0    6.692693e-07         444         440         420        18.545            0.006     18.575         18.574   18.581       18.579    0.070       0.062        12841904001770    2.8497530   29.0254380      100114      6   55576.093467200         674    18.491    19.438     27.193    3.750       4.976           0      131072            0            1    12841904 
   55576.150007200        18.845        0.185      1001142060001228    2.8498100   29.0254160   00h11m23.95s   29d01m31.50s      2               0    6.692693e-07         444         440         420        18.545            0.006     18.575         18.574   18.581       18.579    0.070       0.062        12842064001615    2.8497810   29.0254050      100114      6   55576.149317200         674    18.740    19.206     27.282    4.850       4.362           0      131072            0            1    12842064 
   55577.102247200        18.710        0.091      1001142060001228    2.8498100   29.0254160   00h11m23.95s   29d01m31.50s      2               0    6.692693e-07         444         440         420        18.545            0.006     18.575         18.574   18.581       18.579    0.070       0.062         9789652002520    2.8497780   29.0253470      100114      6   55577.101467200         675    18.758    20.358     27.534    2.450       2.856           0      131072            0            1     9789652 
   55577.146087200        18.560        0.091      1001142060001228    2.8498100   29.0254160   00h11m23.95s   29d01m31.50s      2               0    6.692693e-07         444         440         420        18.545            0.006     18.575         18.574   18.581       18.579    0.070       0.062         9789569002310    2.8498330   29.0253800      100114      6   55577.145307200         675    18.514    20.137     27.475    2.850       3.444           0      131072            0            1     9789569 
   55579.112827200        18.575        0.052      1001142060001228    2.8498100   29.0254160   00h11m23.95s   29d01m31.50s      2               0    6.692693e-07         444         440         420        18.545            0.006     18.575         18.574   18.581       18.579    0.070       0.062         9782441003311    2.8497380   29.0253660      100114      6   55579.111867200         678    18.579    20.749     27.659    2.350       3.046           0      131072            0            1     9782441 
   55579.156017200        18.595        0.060      1001142060001228    2.8498100   29.0254160   00h11m23.95s   29d01m31.50s      2               0    6.692693e-07         444         440         420        18.545            0.006     18.575         18.574   18.581       18.579    0.070       0.062         9782278003504    2.8497440   29.0253660      100114      6   55579.155057200         678    18.602    20.710     27.641    2.150       2.744           0      131072            0            1     9782278 
   55584.132047200        18.592        0.046      1001142060001228    2.8498100   29.0254160   00h11m23.95s   29d01m31.50s      2               0    6.692693e-07         444         440         420        18.545            0.006     18.575         18.574   18.581       18.579    0.070       0.062         9808957004330    2.8498280   29.0253970      100114      6   55584.130637200         683    18.598    21.294     27.646    2.250       2.641           0      131072            0            1     9808957 
   55584.182437200        18.472        0.053      1001142060001228    2.8498100   29.0254160   00h11m23.95s   29d01m31.50s      2               0    6.692693e-07         444         440         420        18.545            0.006     18.575         18.574   18.581       18.579    0.070       0.062         9808947003191    2.8498590   29.0254380      100114      6   55584.181027200         683    18.482    20.677     27.593    3.250       4.483           0      131072            0            1     9808947 
   55585.179607200        18.705        0.063      1001142060001228    2.8498100   29.0254160   00h11m23.95s   29d01m31.50s      2               0    6.692693e-07         444         440         420        18.545            0.006     18.575         18.574   18.581       18.579    0.070       0.062         9806296003014    2.8497950   29.0254350      100114      6   55585.178097200         684    18.709    20.616     27.579    3.250       3.767           0      131072            0            1     9806296 
   55779.256517200        18.471        0.045      1001142060001228    2.8498100   29.0254160   00h11m23.95s   29d01m31.50s      2               0    6.692693e-07         444         440         420        18.545            0.006     18.575         18.574   18.581       18.579    0.070       0.062        10316383003871    2.8498010   29.0254180      100114      6   55779.258837200         877    18.450    20.928     27.478    2.450       3.069           0      131072            0            1    10316383 
   55779.299377200        18.554        0.040      1001142060001228    2.8498100   29.0254160   00h11m23.95s   29d01m31.50s      2               0    6.692693e-07         444         440         420        18.545            0.006     18.575         18.574   18.581       18.579    0.070       0.062        10316555004734    2.8498040   29.0254200      100114      6   55779.301697200         877    18.546    21.540     27.535    1.950       2.498           0      131072            0            1    10316555 
   55780.252137200        18.537        0.047      1001142060001228    2.8498100   29.0254160   00h11m23.95s   29d01m31.50s      2               0    6.692693e-07         444         440         420        18.545            0.006     18.575         18.574   18.581       18.579    0.070       0.062        10350625003915    2.8498270   29.0254140      100114      6   55780.254537200         878    18.526    20.944     27.488    2.150       2.755           0      131072            0            1    10350625 
   55780.296807200        18.568        0.041      1001142060001228    2.8498100   29.0254160   00h11m23.95s   29d01m31.50s      2               0    6.692693e-07         444         440         420        18.545            0.006     18.575         18.574   18.581       18.579    0.070       0.062        10350740004808    2.8497910   29.0254410      100114      6   55780.299207200         878    18.567    21.337     27.542    2.150       2.564           0      131072            0            1    10350740 
   55782.250877200        18.586        0.063      1001142060001228    2.8498100   29.0254160   00h11m23.95s   29d01m31.50s      2               0    6.692693e-07         444         440         420        18.545            0.006     18.575         18.574   18.581       18.579    0.070       0.062        10353420003156    2.8497470   29.0254360      100114      6   55782.253427200         880    18.585    20.528     27.483    2.650       3.392           0      131072            0            1    10353420 
   55782.303637200        18.536        0.043      1001142060001228    2.8498100   29.0254160   00h11m23.95s   29d01m31.50s      2               0    6.692693e-07         444         440         420        18.545            0.006     18.575         18.574   18.581       18.579    0.070       0.062        10353354003904    2.8497820   29.0254190      100114      6   55782.306187200         880    18.546    20.897     27.548    2.450       2.925           0      131072            0            1    10353354 
   55783.257337200        18.742        0.077      1001142060001228    2.8498100   29.0254160   00h11m23.95s   29d01m31.50s      2               0    6.692693e-07         444         440         420        18.545            0.006     18.575         18.574   18.581       18.579    0.070       0.062        10358010002647    2.8498910   29.0254040      100114      6   55783.259957200         881    18.725    20.112     27.484    3.850       4.101           0      131072            0            1    10358010 
   55793.250257200        18.553        0.053      1001142060001228    2.8498100   29.0254160   00h11m23.95s   29d01m31.50s      2               0    6.692693e-07         444         440         420        18.545            0.006     18.575         18.574   18.581       18.579    0.070       0.062        10377837003609    2.8497370   29.0253650      100114      6   55793.253587200         891    18.547    20.830     27.529    2.250       2.454           0      131072            0            1    10377837 
   55794.261357200        18.576        0.068      1001142060001228    2.8498100   29.0254160   00h11m23.95s   29d01m31.50s      2               0    6.692693e-07         444         440         420        18.545            0.006     18.575         18.574   18.581       18.579    0.070       0.062        10379376004370    2.8498240   29.0254280      100114      6   55794.264757200         892    18.538    21.243     27.511    2.150       2.717           0      131072            0            1    10379376 
   55809.166937200        18.492        0.075      1001142060001228    2.8498100   29.0254160   00h11m23.95s   29d01m31.50s      2               0    6.692693e-07         444         440         420        18.545            0.006     18.575         18.574   18.581       18.579    0.070       0.062        10480861002837    2.8498530   29.0254730      100114      6   55809.171207200         907    18.519    20.290     27.311    3.050       3.918           0      131072            0            1    10480861 
   55821.413337200        18.547        0.055      1001142060001228    2.8498100   29.0254160   00h11m23.95s   29d01m31.50s      2               0    6.692693e-07         444         440         420        18.545            0.006     18.575         18.574   18.581       18.579    0.070       0.062        10510181003052    2.8498070   29.0254160      100114      6   55821.418127200         919    18.546    20.579     27.552    2.350       2.695           0      131072            0            1    10510181 
   55821.457057200        18.699        0.063      1001142060001228    2.8498100   29.0254160   00h11m23.95s   29d01m31.50s      2               0    6.692693e-07         444         440         420        18.545            0.006     18.575         18.574   18.581       18.579    0.070       0.062        10510059002742    2.8498040   29.0254100      100114      6   55821.461857200         919    18.695    20.477     27.541    2.450       2.900           0      131072            0            1    10510059 
   55822.363587200        18.602        0.050      1001142060001228    2.8498100   29.0254160   00h11m23.95s   29d01m31.50s      2               0    6.692693e-07         444         440         420        18.545            0.006     18.575         18.574   18.581       18.579    0.070       0.062        10515122003594    2.8498140   29.0254190      100114      6   55822.368417200         920    18.609    20.751     27.551    2.650       3.086           0      131072            0            1    10515122 
   55822.406567200        18.532        0.047      1001142060001228    2.8498100   29.0254160   00h11m23.95s   29d01m31.50s      2               0    6.692693e-07         444         440         420        18.545            0.006     18.575         18.574   18.581       18.579    0.070       0.062        10515141003750    2.8497970   29.0254520      100114      6   55822.411387200         920    18.538    20.969     27.549    2.050       2.450           0      131072            0            1    10515141 
   55838.116477200        18.503        0.051      1001142060001228    2.8498100   29.0254160   00h11m23.95s   29d01m31.50s      2               0    6.692693e-07         444         440         420        18.545            0.006     18.575         18.574   18.581       18.579    0.070       0.062        10569624003546    2.8497910   29.0254320      100114      6   55838.121647200         936    18.495    20.739     27.436    2.450       2.885           0      131072            0            1    10569624 
   55838.195117200        18.579        0.046      1001142060001228    2.8498100   29.0254160   00h11m23.95s   29d01m31.50s      2               0    6.692693e-07         444         440         420        18.545            0.006     18.575         18.574   18.581       18.579    0.070       0.062        10569664003869    2.8498170   29.0254130      100114      6   55838.200287200         936    18.568    20.964     27.494    2.450       2.900           0      131072            0            1    10569664 
   56203.110667200        18.655        0.050      1001142060001228    2.8498100   29.0254160   00h11m23.95s   29d01m31.50s      2               0    6.692693e-07         444         440         420        18.545            0.006     18.575         18.574   18.581       18.579    0.070       0.062        14294087003508    2.8498270   29.0254330      100114      6   56203.115837200        1300    18.677    20.672     27.613    3.250       3.652           0      131072            0            1    14294087 
   56203.138757200        18.388        0.053      1001142060001228    2.8498100   29.0254160   00h11m23.95s   29d01m31.50s      2               0    6.692693e-07         444         440         420        18.545            0.006     18.575         18.574   18.581       18.579    0.070       0.062        14294120003221    2.8497760   29.0254310      100114      6   56203.143927200        1300    18.403    20.711     27.652    2.150       2.576           0      131072            0            1    14294120 
   56203.167877200        18.557        0.053      1001142060001228    2.8498100   29.0254160   00h11m23.95s   29d01m31.50s      2               0    6.692693e-07         444         440         420        18.545            0.006     18.575         18.574   18.581       18.579    0.070       0.062        14294148003248    2.8497930   29.0254450      100114      6   56203.173047200        1300    18.562    20.789     27.678    1.950       2.472           0      131072            0            1    14294148 
   56537.326577200        18.537        0.037      1001142060001228    2.8498100   29.0254160   00h11m23.95s   29d01m31.50s      2               0    6.692693e-07         444         440         420        18.545            0.006     18.575         18.574   18.581       18.579    0.070       0.062        18124330005486    2.8498270   29.0254070      100114      6   56537.330727200        1611    18.542    21.843     27.601    1.850       2.133           0      131072            0            1    18124330 
   56537.518877200        18.442        0.046      1001142060001228    2.8498100   29.0254160   00h11m23.95s   29d01m31.50s      2               0    6.692693e-07         444         440         420        18.545            0.006     18.575         18.574   18.581       18.579    0.070       0.062        18124487003747    2.8498450   29.0254130      100114      6   56537.523037200        1611    18.453    21.118     27.576    1.850       2.161           0      131072            0            1    18124487 
   56540.454177200        18.565        0.104      1001142060001228    2.8498100   29.0254160   00h11m23.95s   29d01m31.50s      2               0    6.692693e-07         444         440         420        18.545            0.006     18.575         18.574   18.581       18.579    0.070       0.062        18197418004664    2.8498260   29.0254050      100114      6   56540.458497200        1614    18.498    21.677     27.528    1.950       2.306           0      131072            0            1    18197418 
   56545.226097200        18.521        0.070      1001142060001228    2.8498100   29.0254160   00h11m23.95s   29d01m31.50s      2               0    6.692693e-07         444         440         420        18.545            0.006     18.575         18.574   18.581       18.579    0.070       0.062        18261747004366    2.8498530   29.0254200      100114      6   56545.230637200        1619    18.383    21.274     27.308    2.050       2.502           0      131072            0            1    18261747 
   56600.264077200        18.525        0.049      1001142060001228    2.8498100   29.0254160   00h11m23.95s   29d01m31.50s      2               0    6.692693e-07         444         440         420        18.545            0.006     18.575         18.574   18.581       18.579    0.070       0.062        18183309004932    2.8498310   29.0254150      100114      6   56600.268797200        1674    18.519    21.610     27.630    2.150       2.419           0      131072            0            1    18183309 
   56600.387007200        18.495        0.096      1001142060001228    2.8498100   29.0254160   00h11m23.95s   29d01m31.50s      2               0    6.692693e-07         444         440         420        18.545            0.006     18.575         18.574   18.581       18.579    0.070       0.062        18183411002048    2.8498020   29.0254210      100114      6   56600.391717200        1674    19.345    20.625     27.516    3.350       5.579           0      131072            0            1    18183411 
   56606.100207200        18.818        0.380      1001142060001228    2.8498100   29.0254160   00h11m23.95s   29d01m31.50s      2               0    6.692693e-07         444         440         420        18.545            0.006     18.575         18.574   18.581       18.579    0.070       0.062        18296938002896    2.8498710   29.0254550      100114      6   56606.104677200        1680    18.796    20.316     27.242    2.250       2.370           0      131072            0            1    18296938 
   56606.160287200        18.524        0.381      1001142060001228    2.8498100   29.0254160   00h11m23.95s   29d01m31.50s      2               0    6.692693e-07         444         440         420        18.545            0.006     18.575         18.574   18.581       18.579    0.070       0.062        18296981002450    2.8498280   29.0254130      100114      6   56606.164757200        1680    18.803    20.496     27.396    2.050       2.595           0      131072            0            1    18296981 
   56606.185397200        18.578        0.376      1001142060001228    2.8498100   29.0254160   00h11m23.95s   29d01m31.50s      2               0    6.692693e-07         444         440         420        18.545            0.006     18.575         18.574   18.581       18.579    0.070       0.062        18297010004362    2.8498690   29.0253940      100114      6   56606.189857200        1680    18.198    20.900     27.294    2.150       2.487           0      131072            0            1    18297010 
