   55059.431477200        20.448        0.138      1001142060002507    2.7928630   29.1376090   00h11m10.29s   29d08m15.39s      2               0    1.397785e-06         338         338         332        20.306            0.015     20.488         20.486   20.498       20.496    0.236       0.237        11898981006043    2.7928430   29.1376850      100114      6   55059.434587200         173    20.447    21.471     27.276    2.350       2.996           0      131072            0            1    11898981 
   55059.454527200        20.221        0.093      1001142060002507    2.7928630   29.1376090   00h11m10.29s   29d08m15.39s      2               0    1.397785e-06         338         338         332        20.306            0.015     20.488         20.486   20.498       20.496    0.236       0.237        11899087006190    2.7927350   29.1376070      100114      6   55059.457637200         173    20.217    21.484     27.274    2.350       3.418           0      131072            0            1    11899087 
   55061.424747200        20.497        0.095      1001142060002507    2.7928630   29.1376090   00h11m10.29s   29d08m15.39s      2               0    1.397785e-06         338         338         332        20.306            0.015     20.488         20.486   20.498       20.496    0.236       0.237        11894878006097    2.7927790   29.1375920      100114      6   55061.427997200         175    20.489    21.590     27.244    2.350       3.473           0      131072            0            1    11894878 
   55061.462657200        20.604        0.105      1001142060002507    2.7928630   29.1376090   00h11m10.29s   29d08m15.39s      2               0    1.397785e-06         338         338         332        20.306            0.015     20.488         20.486   20.498       20.496    0.236       0.237        11894740006329    2.7927910   29.1375630      100114      6   55061.465917200         175    20.583    21.695     27.233    2.150       2.668           0      131072            0            1    11894740 
   55063.441527200        20.573        0.099      1001142060002507    2.7928630   29.1376090   00h11m10.29s   29d08m15.39s      2               0    1.397785e-06         338         338         332        20.306            0.015     20.488         20.486   20.498       20.496    0.236       0.237        11890493006589    2.7928190   29.1374960      100114      6   55063.444907200         177    20.568    21.697     27.225    2.150       2.617           0      131072            0            1    11890493 
   55063.486237200        20.588        0.110      1001142060002507    2.7928630   29.1376090   00h11m10.29s   29d08m15.39s      2               0    1.397785e-06         338         338         332        20.306            0.015     20.488         20.486   20.498       20.496    0.236       0.237        11890517006482    2.7927870   29.1375530      100114      6   55063.489627200         177    20.600    21.727     27.221    2.050       2.801           0      131072            0            1    11890517 
   55066.424917200        20.537        0.112      1001142060002507    2.7928630   29.1376090   00h11m10.29s   29d08m15.39s      2               0    1.397785e-06         338         338         332        20.306            0.015     20.488         20.486   20.498       20.496    0.236       0.237        11884710006148    2.7928470   29.1375620      100114      6   55066.428497200         180    20.532    21.568     27.204    2.150       3.104           0      131072            0            1    11884710 
   55066.469697200        20.720        0.108      1001142060002507    2.7928630   29.1376090   00h11m10.29s   29d08m15.39s      2               0    1.397785e-06         338         338         332        20.306            0.015     20.488         20.486   20.498       20.496    0.236       0.237        11884677006321    2.7928020   29.1375780      100114      6   55066.473277200         180    20.707    21.681     27.209    1.950       2.205           0      131072            0            1    11884677 
   55069.414127200        20.575        0.156      1001142060002507    2.7928630   29.1376090   00h11m10.29s   29d08m15.39s      2               0    1.397785e-06         338         338         332        20.306            0.015     20.488         20.486   20.498       20.496    0.236       0.237        11880809006152    2.7926310   29.1375360      100114      6   55069.417897200         183    20.574    21.568     27.264    2.050       3.149           0      131072            0            1    11880809 
   55069.459987200        19.317        0.090      1001142060002507    2.7928630   29.1376090   00h11m10.29s   29d08m15.39s      2               0    1.397785e-06         338         338         332        20.306            0.015     20.488         20.486   20.498       20.496    0.236       0.237        11880766005889    2.7926420   29.1376850      100114      6   55069.463757200         183    19.322    21.404     27.266    2.350       7.184           0      131072            0            1    11880766 
   55084.358307200        20.399        0.140      1001142060002507    2.7928630   29.1376090   00h11m10.29s   29d08m15.39s      2               0    1.397785e-06         338         338         332        20.306            0.015     20.488         20.486   20.498       20.496    0.236       0.237        11839089004766    2.7926920   29.1376010      100114      6   55084.362847200         196    20.401    20.971     27.268    2.050       2.911           0      131072            0            1    11839089 
   55089.350597200        20.729        0.128      1001142060002507    2.7928630   29.1376090   00h11m10.29s   29d08m15.39s      2               0    1.397785e-06         338         338         332        20.306            0.015     20.488         20.486   20.498       20.496    0.236       0.237        11854279005494    2.7927730   29.1376330      100114      6   55089.355347200         201    20.721    21.243     27.251    2.750       2.989           0      131072            0            1    11854279 
   55089.394887200        20.556        0.129      1001142060002507    2.7928630   29.1376090   00h11m10.29s   29d08m15.39s      2               0    1.397785e-06         338         338         332        20.306            0.015     20.488         20.486   20.498       20.496    0.236       0.237        11854251006076    2.7927420   29.1376630      100114      6   55089.399627200         201    20.555    21.536     27.269    2.150       3.736           0      131072            0            1    11854251 
   55093.335147200        20.577        0.110      1001142060002507    2.7928630   29.1376090   00h11m10.29s   29d08m15.39s      2               0    1.397785e-06         338         338         332        20.306            0.015     20.488         20.486   20.498       20.496    0.236       0.237        11854138006277    2.7927760   29.1375280      100114      6   55093.340027200         205    20.580    21.509     27.224    2.150       3.125           0      131072            0            1    11854138 
   55093.379747200        20.710        0.109      1001142060002507    2.7928630   29.1376090   00h11m10.29s   29d08m15.39s      2               0    1.397785e-06         338         338         332        20.306            0.015     20.488         20.486   20.498       20.496    0.236       0.237        11854093006363    2.7928270   29.1375300      100114      6   55093.384617200         205    20.717    21.605     27.232    2.050       2.463           0      131072            0            1    11854093 
   55095.329827200        20.334        0.100      1001142060002507    2.7928630   29.1376090   00h11m10.29s   29d08m15.39s      2               0    1.397785e-06         338         338         332        20.306            0.015     20.488         20.486   20.498       20.496    0.236       0.237        11932331006024    2.7928510   29.1376160      100114      6   55095.334757200         207    20.338    21.453     27.263    2.350       3.509           0      131072            0            1    11932331 
   55095.374507200        20.882        0.120      1001142060002507    2.7928630   29.1376090   00h11m10.29s   29d08m15.39s      2               0    1.397785e-06         338         338         332        20.306            0.015     20.488         20.486   20.498       20.496    0.236       0.237        11932347006036    2.7928230   29.1375770      100114      6   55095.379437200         207    20.888    21.473     27.258    2.350       2.770           0      131072            0            1    11932347 
   55114.378347200        20.496        0.185      1001142060002507    2.7928630   29.1376090   00h11m10.29s   29d08m15.39s      2               0    1.397785e-06         338         338         332        20.306            0.015     20.488         20.486   20.498       20.496    0.236       0.237        11806483005358    2.7928570   29.1375790      100114      6   55114.383547200         223    20.366    21.058     27.621    2.450       4.666           0      131072            0            1    11806483 
   55119.413187200        20.407        0.156      1001142060002507    2.7928630   29.1376090   00h11m10.29s   29d08m15.39s      2               0    1.397785e-06         338         338         332        20.306            0.015     20.488         20.486   20.498       20.496    0.236       0.237        11838687005130    2.7928000   29.1375680      100114      6   55119.418367200         228    20.424    21.301     27.714    2.350       2.822           0      131072            0            1    11838687 
   55119.476747200        20.517        0.200      1001142060002507    2.7928630   29.1376090   00h11m10.29s   29d08m15.39s      2               0    1.397785e-06         338         338         332        20.306            0.015     20.488         20.486   20.498       20.496    0.236       0.237        11838673004258    2.7930020   29.1376140      100114      6   55119.481927200         228    20.525    20.801     27.630    2.950       3.409           0           0            0            1    11838673 
   55123.287437200        20.346        0.125      1001142060002507    2.7928630   29.1376090   00h11m10.29s   29d08m15.39s      2               0    1.397785e-06         338         338         332        20.306            0.015     20.488         20.486   20.498       20.496    0.236       0.237        11812963005589    2.7928620   29.1375840      100114      6   55123.292577200         232    20.357    21.571     27.757    2.350       3.572           0      131072            0            1    11812963 
   55123.336467200        20.253        0.154      1001142060002507    2.7928630   29.1376090   00h11m10.29s   29d08m15.39s      2               0    1.397785e-06         338         338         332        20.306            0.015     20.488         20.486   20.498       20.496    0.236       0.237        11812935005651    2.7928350   29.1375400      100114      6   55123.341607200         232    20.260    21.513     27.749    2.350       4.480           0      131072            0            1    11812935 
   55142.296147200        21.050        0.152      1001142060002507    2.7928630   29.1376090   00h11m10.29s   29d08m15.39s      2               0    1.397785e-06         338         338         332        20.306            0.015     20.488         20.486   20.498       20.496    0.236       0.237        11792905004876    2.7929290   29.1375980      100114      6   55142.300737200         282    21.049    21.168     27.764    2.350       3.856           0           0            0            1    11792905 
   55144.317337200        21.120        0.191      1001142060002507    2.7928630   29.1376090   00h11m10.29s   29d08m15.39s      2               0    1.397785e-06         338         338         332        20.306            0.015     20.488         20.486   20.498       20.496    0.236       0.237        11799803005102    2.7927950   29.1375730      100114      6   55144.321847200         250    21.128    21.261     27.740    2.150       2.498           0           0            0            1    11799803 
   55144.361137200        20.431        0.161      1001142060002507    2.7928630   29.1376090   00h11m10.29s   29d08m15.39s      2               0    1.397785e-06         338         338         332        20.306            0.015     20.488         20.486   20.498       20.496    0.236       0.237        11799911004807    2.7927220   29.1375060      100114      6   55144.365637200         250    20.469    21.199     27.743    2.050       2.563           0      131072            0            1    11799911 
   55152.217537200        20.417        0.137      1001142060002507    2.7928630   29.1376090   00h11m10.29s   29d08m15.39s      2               0    1.397785e-06         338         338         332        20.306            0.015     20.488         20.486   20.498       20.496    0.236       0.237        11803084005205    2.7927340   29.1375090      100114      6   55152.221637200         258    20.416    21.356     27.787    2.650       3.136           0      131072            0            1    11803084 
   55168.184237200        20.281        0.178      1001142060002507    2.7928630   29.1376090   00h11m10.29s   29d08m15.39s      2               0    1.397785e-06         338         338         332        20.306            0.015     20.488         20.486   20.498       20.496    0.236       0.237        12344573003692    2.7927350   29.1375530      100114      6   55168.187287200         273    20.273    20.737     27.782    2.350       2.513           0           0            0            1    12344573 
   55183.164917200        20.681        0.229      1001142060002507    2.7928630   29.1376090   00h11m10.29s   29d08m15.39s      2               0    1.397785e-06         338         338         332        20.306            0.015     20.488         20.486   20.498       20.496    0.236       0.237        11781690005165    2.7928550   29.1376790      100114      6   55183.166757200         279    20.584    21.175     27.643    2.350       2.956           0           0            0            1    11781690 
   55199.096657200        20.565        0.172      1001142060002507    2.7928630   29.1376090   00h11m10.29s   29d08m15.39s      2               0    1.397785e-06         338         338         332        20.306            0.015     20.488         20.486   20.498       20.496    0.236       0.237        14959062005162    2.7927900   29.1376670      100114      6   55199.097057200         307    20.556    21.360     27.782    2.450       5.150           0      131072            0            1    14959062 
   55207.154177200        20.771        0.114      1001142060002507    2.7928630   29.1376090   00h11m10.29s   29d08m15.39s      2               0    1.397785e-06         338         338         332        20.306            0.015     20.488         20.486   20.498       20.496    0.236       0.237        11745244005757    2.7928510   29.1375850      100114      6   55207.153837200         316    20.757    21.574     27.747    1.950       2.192           0      131072            0            1    11745244 
   55207.228427200        20.499        0.146      1001142060002507    2.7928630   29.1376090   00h11m10.29s   29d08m15.39s      2               0    1.397785e-06         338         338         332        20.306            0.015     20.488         20.486   20.498       20.496    0.236       0.237        11745242004359    2.7930320   29.1375570      100114      6   55207.228077200         316    20.569    21.053     27.696    2.150       4.542           0      131072            0            1    11745242 
   55209.179387200        20.349        0.126      1001142060002507    2.7928630   29.1376090   00h11m10.29s   29d08m15.39s      2               0    1.397785e-06         338         338         332        20.306            0.015     20.488         20.486   20.498       20.496    0.236       0.237        11741584004951    2.7928840   29.1376170      100114      6   55209.178857200         318    20.330    21.186     27.737    2.650       4.068           0      131072            0            1    11741584 
   55422.309447200        20.416        0.130      1001142060002507    2.7928630   29.1376090   00h11m10.29s   29d08m15.39s      2               0    1.397785e-06         338         338         332        20.306            0.015     20.488         20.486   20.498       20.496    0.236       0.237        11149993005467    2.7928270   29.1377200      100114      6   55422.312387200         521    20.405    21.616     27.667    2.250       3.490           0      131072            0            1    11149993 
   55422.336907200        20.420        0.107      1001142060002507    2.7928630   29.1376090   00h11m10.29s   29d08m15.39s      2               0    1.397785e-06         338         338         332        20.306            0.015     20.488         20.486   20.498       20.496    0.236       0.237        11149840005252    2.7928070   29.1375690      100114      6   55422.339857200         521    20.413    21.584     27.681    2.550       4.283           0      131072            0            1    11149840 
   55422.350847200        20.116        0.107      1001142060002507    2.7928630   29.1376090   00h11m10.29s   29d08m15.39s      2               0    1.397785e-06         338         338         332        20.306            0.015     20.488         20.486   20.498       20.496    0.236       0.237        11150034005909    2.7928470   29.1376100      100114      6   55422.353787200         521    20.105    21.778     27.686    2.150       3.583           0      131072            0            1    11150034 
   55422.362757200        20.161        0.091      1001142060002507    2.7928630   29.1376090   00h11m10.29s   29d08m15.39s      2               0    1.397785e-06         338         338         332        20.306            0.015     20.488         20.486   20.498       20.496    0.236       0.237        11149808005758    2.7928080   29.1375990      100114      6   55422.365697200         521    20.154    21.773     27.689    2.250       4.769           0      131072            0            1    11149808 
   55422.374317200        20.513        0.109      1001142060002507    2.7928630   29.1376090   00h11m10.29s   29d08m15.39s      2               0    1.397785e-06         338         338         332        20.306            0.015     20.488         20.486   20.498       20.496    0.236       0.237        11149932005440    2.7928740   29.1376080      100114      6   55422.377267200         521    20.510    21.678     27.692    2.450       3.216           0      131072            0            1    11149932 
   55422.386737200        20.232        0.090      1001142060002507    2.7928630   29.1376090   00h11m10.29s   29d08m15.39s      2               0    1.397785e-06         338         338         332        20.306            0.015     20.488         20.486   20.498       20.496    0.236       0.237        11149844005912    2.7928520   29.1376060      100114      6   55422.389687200         521    20.226    21.949     27.694    1.950       3.291           0      131072            0            1    11149844 
   55422.412987200        20.249        0.104      1001142060002507    2.7928630   29.1376090   00h11m10.29s   29d08m15.39s      2               0    1.397785e-06         338         338         332        20.306            0.015     20.488         20.486   20.498       20.496    0.236       0.237        11149893005588    2.7928640   29.1375570      100114      6   55422.415937200         521    20.247    21.756     27.696    2.350       4.230           0      131072            0            1    11149893 
   55422.426747200        20.425        0.109      1001142060002507    2.7928630   29.1376090   00h11m10.29s   29d08m15.39s      2               0    1.397785e-06         338         338         332        20.306            0.015     20.488         20.486   20.498       20.496    0.236       0.237        11149865005692    2.7927470   29.1376010      100114      6   55422.429697200         521    20.421    21.736     27.696    2.350       2.544           0      131072            0            1    11149865 
   55422.439457200        20.445        0.102      1001142060002507    2.7928630   29.1376090   00h11m10.29s   29d08m15.39s      2               0    1.397785e-06         338         338         332        20.306            0.015     20.488         20.486   20.498       20.496    0.236       0.237        11149856005771    2.7928250   29.1375930      100114      6   55422.442407200         521    20.439    21.701     27.696    2.450       3.290           0      131072            0            1    11149856 
   55422.452697200        20.633        0.121      1001142060002507    2.7928630   29.1376090   00h11m10.29s   29d08m15.39s      2               0    1.397785e-06         338         338         332        20.306            0.015     20.488         20.486   20.498       20.496    0.236       0.237        11149851005592    2.7929040   29.1376510      100114      6   55422.455647200         521    20.625    21.656     27.694    2.550       2.923           0      131072            0            1    11149851 
   55422.466737200        20.225        0.116      1001142060002507    2.7928630   29.1376090   00h11m10.29s   29d08m15.39s      2               0    1.397785e-06         338         338         332        20.306            0.015     20.488         20.486   20.498       20.496    0.236       0.237        11150061005555    2.7927570   29.1376510      100114      6   55422.469687200         521    20.219    21.569     27.692    2.750       3.665           0      131072            0            1    11150061 
   55422.483747200        20.436        0.099      1001142060002507    2.7928630   29.1376090   00h11m10.29s   29d08m15.39s      2               0    1.397785e-06         338         338         332        20.306            0.015     20.488         20.486   20.498       20.496    0.236       0.237        11149979005859    2.7928300   29.1376090      100114      6   55422.486707200         521    20.428    21.720     27.689    2.350       3.547           0      131072            0            1    11149979 
   55422.498897200        20.390        0.113      1001142060002507    2.7928630   29.1376090   00h11m10.29s   29d08m15.39s      2               0    1.397785e-06         338         338         332        20.306            0.015     20.488         20.486   20.498       20.496    0.236       0.237        11149810005177    2.7927680   29.1375410      100114      6   55422.501857200         521    20.384    21.492     27.684    2.450       5.174           0      131072            0            1    11149810 
   55423.325617200        20.305        0.122      1001142060002507    2.7928630   29.1376090   00h11m10.29s   29d08m15.39s      2               0    1.397785e-06         338         338         332        20.306            0.015     20.488         20.486   20.498       20.496    0.236       0.237        11147017005827    2.7928620   29.1376050      100114      6   55423.328627200         522    20.297    21.731     27.672    2.050       2.938           0      131072            0            1    11147017 
   55423.339857200        20.356        0.111      1001142060002507    2.7928630   29.1376090   00h11m10.29s   29d08m15.39s      2               0    1.397785e-06         338         338         332        20.306            0.015     20.488         20.486   20.498       20.496    0.236       0.237        11147166005681    2.7928900   29.1376510      100114      6   55423.342877200         522    20.347    21.672     27.677    2.250       4.329           0      131072            0            1    11147166 
   55423.353677200        20.689        0.099      1001142060002507    2.7928630   29.1376090   00h11m10.29s   29d08m15.39s      2               0    1.397785e-06         338         338         332        20.306            0.015     20.488         20.486   20.498       20.496    0.236       0.237        11147138005862    2.7928340   29.1376130      100114      6   55423.356697200         522    20.683    21.888     27.680    1.850       2.573           0      131072            0            1    11147138 
   55423.365657200        20.378        0.104      1001142060002507    2.7928630   29.1376090   00h11m10.29s   29d08m15.39s      2               0    1.397785e-06         338         338         332        20.306            0.015     20.488         20.486   20.498       20.496    0.236       0.237        11146989006123    2.7928230   29.1376440      100114      6   55423.368677200         522    20.369    21.919     27.682    1.850       3.477           0      131072            0            1    11146989 
   55423.382637200        20.347        0.117      1001142060002507    2.7928630   29.1376090   00h11m10.29s   29d08m15.39s      2               0    1.397785e-06         338         338         332        20.306            0.015     20.488         20.486   20.498       20.496    0.236       0.237        11147033005980    2.7928380   29.1375720      100114      6   55423.385657200         522    20.340    21.777     27.684    2.150       5.862           0      131072            0            1    11147033 
   55423.397187200        20.445        0.099      1001142060002507    2.7928630   29.1376090   00h11m10.29s   29d08m15.39s      2               0    1.397785e-06         338         338         332        20.306            0.015     20.488         20.486   20.498       20.496    0.236       0.237        11147208005913    2.7928560   29.1376080      100114      6   55423.400207200         522    20.441    21.861     27.684    2.050       2.729           0      131072            0            1    11147208 
   55423.412007200        20.433        0.109      1001142060002507    2.7928630   29.1376090   00h11m10.29s   29d08m15.39s      2               0    1.397785e-06         338         338         332        20.306            0.015     20.488         20.486   20.498       20.496    0.236       0.237        11147124005991    2.7929400   29.1375290      100114      6   55423.415027200         522    20.426    21.848     27.685    2.050       3.286           0      131074            0            1    11147124 
   55423.426547200        20.518        0.095      1001142060002507    2.7928630   29.1376090   00h11m10.29s   29d08m15.39s      2               0    1.397785e-06         338         338         332        20.306            0.015     20.488         20.486   20.498       20.496    0.236       0.237        11147117006127    2.7928690   29.1375930      100114      6   55423.429567200         522    20.514    21.978     27.684    1.850       2.982           0      131072            0            1    11147117 
   55423.440577200        20.493        0.109      1001142060002507    2.7928630   29.1376090   00h11m10.29s   29d08m15.39s      2               0    1.397785e-06         338         338         332        20.306            0.015     20.488         20.486   20.498       20.496    0.236       0.237        11147201005785    2.7928340   29.1375520      100114      6   55423.443597200         522    20.490    21.808     27.683    2.150       2.903           0      131072            0            1    11147201 
   55423.466517200        20.258        0.108      1001142060002507    2.7928630   29.1376090   00h11m10.29s   29d08m15.39s      2               0    1.397785e-06         338         338         332        20.306            0.015     20.488         20.486   20.498       20.496    0.236       0.237        11147175005800    2.7928350   29.1376030      100114      6   55423.469537200         522    20.252    21.797     27.680    2.150       3.281           0      131072            0            1    11147175 
   55423.482907200        20.380        0.104      1001142060002507    2.7928630   29.1376090   00h11m10.29s   29d08m15.39s      2               0    1.397785e-06         338         338         332        20.306            0.015     20.488         20.486   20.498       20.496    0.236       0.237        11147187005709    2.7928290   29.1375320      100114      6   55423.485927200         522    20.369    21.805     27.676    2.050       4.413           0      131072            0            1    11147187 
   55423.497167200        20.452        0.108      1001142060002507    2.7928630   29.1376090   00h11m10.29s   29d08m15.39s      2               0    1.397785e-06         338         338         332        20.306            0.015     20.488         20.486   20.498       20.496    0.236       0.237        11147101005781    2.7928190   29.1376250      100114      6   55423.500187200         522    20.439    21.561     27.673    2.350       3.185           0      131072            0            1    11147101 
   55424.304627200        20.402        0.116      1001142060002507    2.7928630   29.1376090   00h11m10.29s   29d08m15.39s      2               0    1.397785e-06         338         338         332        20.306            0.015     20.488         20.486   20.498       20.496    0.236       0.237        11144740005559    2.7928550   29.1376050      100114      6   55424.307717200         523    20.376    21.658     27.573    1.950       3.322           0      131072            0            1    11144740 
   55424.318437200        20.464        0.133      1001142060002507    2.7928630   29.1376090   00h11m10.29s   29d08m15.39s      2               0    1.397785e-06         338         338         332        20.306            0.015     20.488         20.486   20.498       20.496    0.236       0.237        11144697005542    2.7928630   29.1376390      100114      6   55424.321517200         523    20.442    21.634     27.586    2.050       2.767           0      131072            0            1    11144697 
   55424.332167200        20.366        0.128      1001142060002507    2.7928630   29.1376090   00h11m10.29s   29d08m15.39s      2               0    1.397785e-06         338         338         332        20.306            0.015     20.488         20.486   20.498       20.496    0.236       0.237        11144728005311    2.7928280   29.1375830      100114      6   55424.335247200         523    20.376    21.575     27.597    2.250       2.981           0      131072            0            1    11144728 
   55424.348687200        20.373        0.119      1001142060002507    2.7928630   29.1376090   00h11m10.29s   29d08m15.39s      2               0    1.397785e-06         338         338         332        20.306            0.015     20.488         20.486   20.498       20.496    0.236       0.237        11144712005606    2.7928000   29.1376770      100114      6   55424.351777200         523    20.370    21.661     27.608    2.150       5.000           0      131072            0            1    11144712 
   55424.360497200        20.453        0.147      1001142060002507    2.7928630   29.1376090   00h11m10.29s   29d08m15.39s      2               0    1.397785e-06         338         338         332        20.306            0.015     20.488         20.486   20.498       20.496    0.236       0.237        11144729005648    2.7928560   29.1377030      100114      6   55424.363587200         523    20.445    21.644     27.614    2.250       3.701           0      131072            0            1    11144729 
   55424.373007200        20.458        0.115      1001142060002507    2.7928630   29.1376090   00h11m10.29s   29d08m15.39s      2               0    1.397785e-06         338         338         332        20.306            0.015     20.488         20.486   20.498       20.496    0.236       0.237        11144736005758    2.7928720   29.1377340      100114      6   55424.376097200         523    20.449    21.800     27.620    1.950       3.420           0      131072            0            1    11144736 
   55424.386287200        20.676        0.122      1001142060002507    2.7928630   29.1376090   00h11m10.29s   29d08m15.39s      2               0    1.397785e-06         338         338         332        20.306            0.015     20.488         20.486   20.498       20.496    0.236       0.237        11144739005768    2.7928270   29.1376420      100114      6   55424.389377200         523    20.675    21.770     27.625    2.050       4.563           0      131072            0            1    11144739 
   55424.399217200        20.442        0.115      1001142060002507    2.7928630   29.1376090   00h11m10.29s   29d08m15.39s      2               0    1.397785e-06         338         338         332        20.306            0.015     20.488         20.486   20.498       20.496    0.236       0.237        11144897005845    2.7928360   29.1375570      100114      6   55424.402307200         523    20.437    21.795     27.630    2.050       3.053           0      131072            0            1    11144897 
   55424.413257200        20.778        0.114      1001142060002507    2.7928630   29.1376090   00h11m10.29s   29d08m15.39s      2               0    1.397785e-06         338         338         332        20.306            0.015     20.488         20.486   20.498       20.496    0.236       0.237        11144757005945    2.7929070   29.1376290      100114      6   55424.416347200         523    20.773    21.805     27.634    2.050       3.641           0      131072            0            1    11144757 
   55424.428257200        20.294        0.100      1001142060002507    2.7928630   29.1376090   00h11m10.29s   29d08m15.39s      2               0    1.397785e-06         338         338         332        20.306            0.015     20.488         20.486   20.498       20.496    0.236       0.237        11144756005780    2.7928390   29.1375800      100114      6   55424.431347200         523    20.294    21.761     27.637    2.150       3.805           0      131072            0            1    11144756 
   55424.440317200        20.430        0.104      1001142060002507    2.7928630   29.1376090   00h11m10.29s   29d08m15.39s      2               0    1.397785e-06         338         338         332        20.306            0.015     20.488         20.486   20.498       20.496    0.236       0.237        11144916005972    2.7927780   29.1376300      100114      6   55424.443407200         523    20.433    21.863     27.638    1.950       2.645           0      131072            0            1    11144916 
   55424.456717200        20.348        0.118      1001142060002507    2.7928630   29.1376090   00h11m10.29s   29d08m15.39s      2               0    1.397785e-06         338         338         332        20.306            0.015     20.488         20.486   20.498       20.496    0.236       0.237        11144849005901    2.7929120   29.1375050      100114      6   55424.459807200         523    20.351    21.652     27.640    2.350       3.030           0      131072            0            1    11144849 
   55424.469517200        20.329        0.103      1001142060002507    2.7928630   29.1376090   00h11m10.29s   29d08m15.39s      2               0    1.397785e-06         338         338         332        20.306            0.015     20.488         20.486   20.498       20.496    0.236       0.237        11144704005858    2.7928580   29.1376850      100114      6   55424.472607200         523    20.329    21.753     27.640    2.150       4.056           0      131072            0            1    11144704 
   55424.484247200        20.545        0.112      1001142060002507    2.7928630   29.1376090   00h11m10.29s   29d08m15.39s      2               0    1.397785e-06         338         338         332        20.306            0.015     20.488         20.486   20.498       20.496    0.236       0.237        11144794005699    2.7928290   29.1376110      100114      6   55424.487347200         523    20.550    21.790     27.639    2.050       2.691           0      131072            0            1    11144794 
   55424.496347200        20.299        0.154      1001142060002507    2.7928630   29.1376090   00h11m10.29s   29d08m15.39s      2               0    1.397785e-06         338         338         332        20.306            0.015     20.488         20.486   20.498       20.496    0.236       0.237        11144863005873    2.7926540   29.1375300      100114      6   55424.499437200         523    20.302    21.793     27.638    1.950       3.206           0      131072            0            1    11144863 
   55424.510947200        20.725        0.180      1001142060002507    2.7928630   29.1376090   00h11m10.29s   29d08m15.39s      2               0    1.397785e-06         338         338         332        20.306            0.015     20.488         20.486   20.498       20.496    0.236       0.237        11144852004198    2.7926760   29.1374940      100114      6   55424.514047200         523    20.732    20.941     27.635    2.150       3.383           0           0            0            1    11144852 
   55425.307457200        20.432        0.142      1001142060002507    2.7928630   29.1376090   00h11m10.29s   29d08m15.39s      2               0    1.397785e-06         338         338         332        20.306            0.015     20.488         20.486   20.498       20.496    0.236       0.237        11141871005713    2.7929510   29.1376040      100114      6   55425.310607200         524    20.440    21.764     27.580    1.850       2.817           0      131072            0            1    11141871 
   55425.337167200        20.700        0.121      1001142060002507    2.7928630   29.1376090   00h11m10.29s   29d08m15.39s      2               0    1.397785e-06         338         338         332        20.306            0.015     20.488         20.486   20.498       20.496    0.236       0.237        11141949005694    2.7927550   29.1376040      100114      6   55425.340317200         524    20.715    21.827     27.606    1.850       2.052           0      131072            0            1    11141949 
   55425.350517200        20.423        0.115      1001142060002507    2.7928630   29.1376090   00h11m10.29s   29d08m15.39s      2               0    1.397785e-06         338         338         332        20.306            0.015     20.488         20.486   20.498       20.496    0.236       0.237        11141931005783    2.7928310   29.1375760      100114      6   55425.353677200         524    20.435    21.791     27.615    1.950       3.266           0      131072            0            1    11141931 
   55425.363627200        20.409        0.115      1001142060002507    2.7928630   29.1376090   00h11m10.29s   29d08m15.39s      2               0    1.397785e-06         338         338         332        20.306            0.015     20.488         20.486   20.498       20.496    0.236       0.237        11141741005850    2.7929090   29.1375790      100114      6   55425.366777200         524    20.420    21.864     27.621    1.850       3.164           0      131072            0            1    11141741 
   55425.376027200        20.408        0.102      1001142060002507    2.7928630   29.1376090   00h11m10.29s   29d08m15.39s      2               0    1.397785e-06         338         338         332        20.306            0.015     20.488         20.486   20.498       20.496    0.236       0.237        11141721005947    2.7928310   29.1376080      100114      6   55425.379187200         524    20.415    21.941     27.625    1.750       2.333           0      131072            0            1    11141721 
   55425.388077200        20.486        0.106      1001142060002507    2.7928630   29.1376090   00h11m10.29s   29d08m15.39s      2               0    1.397785e-06         338         338         332        20.306            0.015     20.488         20.486   20.498       20.496    0.236       0.237        11141831005966    2.7928550   29.1375820      100114      6   55425.391237200         524    20.490    21.932     27.628    1.750       3.081           0      131072            0            1    11141831 
   55425.404397200        20.409        0.107      1001142060002507    2.7928630   29.1376090   00h11m10.29s   29d08m15.39s      2               0    1.397785e-06         338         338         332        20.306            0.015     20.488         20.486   20.498       20.496    0.236       0.237        11141784006058    2.7927990   29.1375300      100114      6   55425.407557200         524    20.411    21.953     27.630    1.750       2.603           0      131072            0            1    11141784 
   55425.418827200        20.221        0.128      1001142060002507    2.7928630   29.1376090   00h11m10.29s   29d08m15.39s      2               0    1.397785e-06         338         338         332        20.306            0.015     20.488         20.486   20.498       20.496    0.236       0.237        11141881005965    2.7928480   29.1375740      100114      6   55425.421987200         524    20.226    21.910     27.629    1.850       3.133           0      131072            0            1    11141881 
   55425.433137200        20.322        0.104      1001142060002507    2.7928630   29.1376090   00h11m10.29s   29d08m15.39s      2               0    1.397785e-06         338         338         332        20.306            0.015     20.488         20.486   20.498       20.496    0.236       0.237        11141759006004    2.7927650   29.1375940      100114      6   55425.436297200         524    20.331    21.967     27.627    1.750       3.335           0      131072            0            1    11141759 
   55425.447817200        20.264        0.126      1001142060002507    2.7928630   29.1376090   00h11m10.29s   29d08m15.39s      2               0    1.397785e-06         338         338         332        20.306            0.015     20.488         20.486   20.498       20.496    0.236       0.237        11141908005848    2.7928000   29.1375460      100114      6   55425.450977200         524    20.267    21.839     27.622    1.950       1.983           0      131072            0            1    11141908 
   55425.462417200        20.558        0.112      1001142060002507    2.7928630   29.1376090   00h11m10.29s   29d08m15.39s      2               0    1.397785e-06         338         338         332        20.306            0.015     20.488         20.486   20.498       20.496    0.236       0.237        11141844005705    2.7928580   29.1375880      100114      6   55425.465587200         524    20.551    21.780     27.616    2.050       3.272           0      131072            0            1    11141844 
   55425.474857200        20.143        0.156      1001142060002507    2.7928630   29.1376090   00h11m10.29s   29d08m15.39s      2               0    1.397785e-06         338         338         332        20.306            0.015     20.488         20.486   20.498       20.496    0.236       0.237        11141807004882    2.7928830   29.1376730      100114      6   55425.478027200         524    20.140    21.402     27.609    2.450       4.300           0      131072            0            1    11141807 
   55425.490117200        20.577        0.150      1001142060002507    2.7928630   29.1376090   00h11m10.29s   29d08m15.39s      2               0    1.397785e-06         338         338         332        20.306            0.015     20.488         20.486   20.498       20.496    0.236       0.237        11141887005621    2.7928240   29.1375650      100114      6   55425.493277200         524    20.562    21.711     27.599    2.050       2.775           0      131072            0            1    11141887 
   55425.508007200        20.624        0.148      1001142060002507    2.7928630   29.1376090   00h11m10.29s   29d08m15.39s      2               0    1.397785e-06         338         338         332        20.306            0.015     20.488         20.486   20.498       20.496    0.236       0.237        11141907004627    2.7929040   29.1375000      100114      6   55425.511177200         524    20.602    21.178     27.585    1.850       2.960           0      131072            0            1    11141907 
   55426.298337200        20.685        0.197      1001142060002507    2.7928630   29.1376090   00h11m10.29s   29d08m15.39s      2               0    1.397785e-06         338         338         332        20.306            0.015     20.488         20.486   20.498       20.496    0.236       0.237        11198449004627    2.7929520   29.1376380      100114      6   55426.301557200         525    20.794    21.363     27.589    1.950       2.983           0           0            0            1    11198449 
   55426.310667200        20.800        0.168      1001142060002507    2.7928630   29.1376090   00h11m10.29s   29d08m15.39s      2               0    1.397785e-06         338         338         332        20.306            0.015     20.488         20.486   20.498       20.496    0.236       0.237        11198465004910    2.7929020   29.1376270      100114      6   55426.313897200         525    20.834    21.440     27.603    2.150       4.821           0           0            0            1    11198465 
   55426.323307200        20.673        0.138      1001142060002507    2.7928630   29.1376090   00h11m10.29s   29d08m15.39s      2               0    1.397785e-06         338         338         332        20.306            0.015     20.488         20.486   20.498       20.496    0.236       0.237        11198500005191    2.7928410   29.1375620      100114      6   55426.326537200         525    20.724    21.648     27.614    1.950       2.899           0      131072            0            1    11198500 
   55426.336037200        20.551        0.125      1001142060002507    2.7928630   29.1376090   00h11m10.29s   29d08m15.39s      2               0    1.397785e-06         338         338         332        20.306            0.015     20.488         20.486   20.498       20.496    0.236       0.237        11198463005872    2.7928570   29.1375770      100114      6   55426.339267200         525    20.522    21.828     27.623    1.850       2.290           0      131072            0            1    11198463 
   55426.350587200        20.666        0.134      1001142060002507    2.7928630   29.1376090   00h11m10.29s   29d08m15.39s      2               0    1.397785e-06         338         338         332        20.306            0.015     20.488         20.486   20.498       20.496    0.236       0.237        11198423005865    2.7928460   29.1376510      100114      6   55426.353817200         525    20.640    21.803     27.630    1.950       2.380           0      131072            0            1    11198423 
   55426.364347200        20.327        0.133      1001142060002507    2.7928630   29.1376090   00h11m10.29s   29d08m15.39s      2               0    1.397785e-06         338         338         332        20.306            0.015     20.488         20.486   20.498       20.496    0.236       0.237        11198510005768    2.7927660   29.1375710      100114      6   55426.367577200         525    20.305    21.765     27.634    2.050       6.436           0      131072            0            1    11198510 
   55426.378217200        20.837        0.142      1001142060002507    2.7928630   29.1376090   00h11m10.29s   29d08m15.39s      2               0    1.397785e-06         338         338         332        20.306            0.015     20.488         20.486   20.498       20.496    0.236       0.237        11198411005908    2.7927940   29.1375440      100114      6   55426.381447200         525    20.818    21.786     27.637    2.050       3.327           0      131072            0            1    11198411 
   55426.392757200        20.123        0.117      1001142060002507    2.7928630   29.1376090   00h11m10.29s   29d08m15.39s      2               0    1.397785e-06         338         338         332        20.306            0.015     20.488         20.486   20.498       20.496    0.236       0.237        11198443005825    2.7928210   29.1375390      100114      6   55426.395987200         525    20.100    21.837     27.637    1.950       2.681           0      131072            0            1    11198443 
   55426.406357200        20.493        0.122      1001142060002507    2.7928630   29.1376090   00h11m10.29s   29d08m15.39s      2               0    1.397785e-06         338         338         332        20.306            0.015     20.488         20.486   20.498       20.496    0.236       0.237        11198401006090    2.7928430   29.1375610      100114      6   55426.409587200         525    20.466    21.906     27.636    1.850       2.724           0      131072            0            1    11198401 
   55426.418877200        20.314        0.132      1001142060002507    2.7928630   29.1376090   00h11m10.29s   29d08m15.39s      2               0    1.397785e-06         338         338         332        20.306            0.015     20.488         20.486   20.498       20.496    0.236       0.237        11198404005993    2.7928420   29.1375920      100114      6   55426.422107200         525    20.288    21.847     27.633    1.950       2.544           0      131072            0            1    11198404 
   55426.430467200        20.642        0.132      1001142060002507    2.7928630   29.1376090   00h11m10.29s   29d08m15.39s      2               0    1.397785e-06         338         338         332        20.306            0.015     20.488         20.486   20.498       20.496    0.236       0.237        11198542005589    2.7927670   29.1375290      100114      6   55426.433697200         525    20.627    21.667     27.629    1.950       2.111           0      131072            0            1    11198542 
   55426.460817200        20.571        0.119      1001142060002507    2.7928630   29.1376090   00h11m10.29s   29d08m15.39s      2               0    1.397785e-06         338         338         332        20.306            0.015     20.488         20.486   20.498       20.496    0.236       0.237        11198420005829    2.7928330   29.1375520      100114      6   55426.464057200         525    20.528    21.878     27.612    1.850       2.532           0      131072            0            1    11198420 
   55426.473597200        20.601        0.152      1001142060002507    2.7928630   29.1376090   00h11m10.29s   29d08m15.39s      2               0    1.397785e-06         338         338         332        20.306            0.015     20.488         20.486   20.498       20.496    0.236       0.237        11198486005009    2.7928270   29.1375070      100114      6   55426.476837200         525    20.705    21.555     27.603    2.050       2.926           0      131072            0            1    11198486 
   55426.489177200        20.175        0.113      1001142060002507    2.7928630   29.1376090   00h11m10.29s   29d08m15.39s      2               0    1.397785e-06         338         338         332        20.306            0.015     20.488         20.486   20.498       20.496    0.236       0.237        11198427005701    2.7927950   29.1375720      100114      6   55426.492417200         525    20.113    21.687     27.589    2.050       3.589           0      131072            0            1    11198427 
   55428.291957200        20.589        0.203      1001142060002507    2.7928630   29.1376090   00h11m10.29s   29d08m15.39s      2               0    1.397785e-06         338         338         332        20.306            0.015     20.488         20.486   20.498       20.496    0.236       0.237        11194687004763    2.7929150   29.1376010      100114      6   55428.295317200         527    20.594    21.113     27.656    2.250       3.018           0      131072            0            1    11194687 
   55428.308157200        20.603        0.139      1001142060002507    2.7928630   29.1376090   00h11m10.29s   29d08m15.39s      2               0    1.397785e-06         338         338         332        20.306            0.015     20.488         20.486   20.498       20.496    0.236       0.237        11194616004906    2.7927820   29.1376450      100114      6   55428.311517200         527    20.611    21.311     27.666    1.950       3.341           0      131072            0            1    11194616 
   55428.321847200        20.291        0.153      1001142060002507    2.7928630   29.1376090   00h11m10.29s   29d08m15.39s      2               0    1.397785e-06         338         338         332        20.306            0.015     20.488         20.486   20.498       20.496    0.236       0.237        11194651004829    2.7928620   29.1375470      100114      6   55428.325207200         527    20.306    21.226     27.672    2.150       3.309           0      131072            0            1    11194651 
   55428.336167200        20.316        0.124      1001142060002507    2.7928630   29.1376090   00h11m10.29s   29d08m15.39s      2               0    1.397785e-06         338         338         332        20.306            0.015     20.488         20.486   20.498       20.496    0.236       0.237        11194587005139    2.7929730   29.1375650      100114      6   55428.339527200         527    20.327    21.426     27.678    1.850       4.260           0      131072            0            1    11194587 
   55428.349097200        20.614        0.155      1001142060002507    2.7928630   29.1376090   00h11m10.29s   29d08m15.39s      2               0    1.397785e-06         338         338         332        20.306            0.015     20.488         20.486   20.498       20.496    0.236       0.237        11194665005025    2.7928840   29.1375480      100114      6   55428.352457200         527    20.626    21.329     27.682    2.050       2.476           0           0            0            1    11194665 
   55428.363187200        20.488        0.128      1001142060002507    2.7928630   29.1376090   00h11m10.29s   29d08m15.39s      2               0    1.397785e-06         338         338         332        20.306            0.015     20.488         20.486   20.498       20.496    0.236       0.237        11194549005238    2.7927490   29.1375810      100114      6   55428.366547200         527    20.498    21.491     27.685    1.850       3.773           0      131072            0            1    11194549 
   55428.377497200        20.251        0.108      1001142060002507    2.7928630   29.1376090   00h11m10.29s   29d08m15.39s      2               0    1.397785e-06         338         338         332        20.306            0.015     20.488         20.486   20.498       20.496    0.236       0.237        11194527005278    2.7928190   29.1375480      100114      6   55428.380867200         527    20.264    21.509     27.688    1.950       3.055           0      131072            0            1    11194527 
   55428.389627200        20.381        0.143      1001142060002507    2.7928630   29.1376090   00h11m10.29s   29d08m15.39s      2               0    1.397785e-06         338         338         332        20.306            0.015     20.488         20.486   20.498       20.496    0.236       0.237        11194569005467    2.7927970   29.1375720      100114      6   55428.392997200         527    20.394    21.649     27.690    1.850       2.650           0      131072            0            1    11194569 
   55428.411677200        20.591        0.112      1001142060002507    2.7928630   29.1376090   00h11m10.29s   29d08m15.39s      2               0    1.397785e-06         338         338         332        20.306            0.015     20.488         20.486   20.498       20.496    0.236       0.237        11194550005888    2.7927640   29.1375970      100114      6   55428.415047200         527    20.601    21.800     27.691    1.950       3.111           0      131072            0            1    11194550 
   55428.426357200        20.223        0.098      1001142060002507    2.7928630   29.1376090   00h11m10.29s   29d08m15.39s      2               0    1.397785e-06         338         338         332        20.306            0.015     20.488         20.486   20.498       20.496    0.236       0.237        11194633005862    2.7927810   29.1375850      100114      6   55428.429717200         527    20.233    21.756     27.691    2.050       3.804           0      131072            0            1    11194633 
   55428.439377200        20.691        0.128      1001142060002507    2.7928630   29.1376090   00h11m10.29s   29d08m15.39s      2               0    1.397785e-06         338         338         332        20.306            0.015     20.488         20.486   20.498       20.496    0.236       0.237        11194508005990    2.7927900   29.1375880      100114      6   55428.442737200         527    20.700    21.870     27.691    1.850       2.892           0      131072            0            1    11194508 
   55428.453277200        20.572        0.129      1001142060002507    2.7928630   29.1376090   00h11m10.29s   29d08m15.39s      2               0    1.397785e-06         338         338         332        20.306            0.015     20.488         20.486   20.498       20.496    0.236       0.237        11194522005856    2.7927390   29.1375420      100114      6   55428.456647200         527    20.581    21.744     27.690    2.050       2.308           0      131072            0            1    11194522 
   55428.465197200        20.464        0.111      1001142060002507    2.7928630   29.1376090   00h11m10.29s   29d08m15.39s      2               0    1.397785e-06         338         338         332        20.306            0.015     20.488         20.486   20.498       20.496    0.236       0.237        11194476005730    2.7927940   29.1376090      100114      6   55428.468567200         527    20.476    21.784     27.688    1.950       2.402           0      131072            0            1    11194476 
   55428.478057200        20.548        0.147      1001142060002507    2.7928630   29.1376090   00h11m10.29s   29d08m15.39s      2               0    1.397785e-06         338         338         332        20.306            0.015     20.488         20.486   20.498       20.496    0.236       0.237        11194525005649    2.7927870   29.1375900      100114      6   55428.481427200         527    20.558    21.705     27.686    2.050       2.842           0      131072            0            1    11194525 
   55428.491407200        20.326        0.109      1001142060002507    2.7928630   29.1376090   00h11m10.29s   29d08m15.39s      2               0    1.397785e-06         338         338         332        20.306            0.015     20.488         20.486   20.498       20.496    0.236       0.237        11194711005495    2.7928480   29.1376020      100114      6   55428.494777200         527    20.335    21.549     27.683    2.050       4.019           0      131072            0            1    11194711 
   55428.510497200        20.388        0.205      1001142060002507    2.7928630   29.1376090   00h11m10.29s   29d08m15.39s      2               0    1.397785e-06         338         338         332        20.306            0.015     20.488         20.486   20.498       20.496    0.236       0.237        11194520003628    2.7930080   29.1376410      100114      6   55428.513867200         527    20.394    20.897     27.677    2.150       3.869           0           0            0            1    11194520 
   55429.289977200        20.474        0.218      1001142060002507    2.7928630   29.1376090   00h11m10.29s   29d08m15.39s      2               0    1.397785e-06         338         338         332        20.306            0.015     20.488         20.486   20.498       20.496    0.236       0.237        11192972004566    2.7928770   29.1376880      100114      6   55429.293397200         528    20.478    21.039     27.653    2.150       2.042           0           0            0            1    11192972 
   55429.303857200        20.722        0.132      1001142060002507    2.7928630   29.1376090   00h11m10.29s   29d08m15.39s      2               0    1.397785e-06         338         338         332        20.306            0.015     20.488         20.486   20.498       20.496    0.236       0.237        11192909004607    2.7929240   29.1375420      100114      6   55429.307277200         528    20.731    21.175     27.661    1.950       3.251           0      131072            0            1    11192909 
   55429.325947200        20.844        0.174      1001142060002507    2.7928630   29.1376090   00h11m10.29s   29d08m15.39s      2               0    1.397785e-06         338         338         332        20.306            0.015     20.488         20.486   20.498       20.496    0.236       0.237        11192969004515    2.7926180   29.1375180      100114      6   55429.329377200         528    20.850    20.817     27.670    2.850       3.238           0           0            0            1    11192969 
   55429.338257200        20.600        0.173      1001142060002507    2.7928630   29.1376090   00h11m10.29s   29d08m15.39s      2               0    1.397785e-06         338         338         332        20.306            0.015     20.488         20.486   20.498       20.496    0.236       0.237        11192989004948    2.7927800   29.1375380      100114      6   55429.341677200         528    20.607    21.313     27.674    1.850       2.202           0      131072            0            1    11192989 
   55429.350427200        20.476        0.176      1001142060002507    2.7928630   29.1376090   00h11m10.29s   29d08m15.39s      2               0    1.397785e-06         338         338         332        20.306            0.015     20.488         20.486   20.498       20.496    0.236       0.237        11192990004577    2.7927980   29.1375380      100114      6   55429.353857200         528    20.480    21.343     27.677    1.850       2.090           0      131072            0            1    11192990 
   55429.378167200        20.486        0.163      1001142060002507    2.7928630   29.1376090   00h11m10.29s   29d08m15.39s      2               0    1.397785e-06         338         338         332        20.306            0.015     20.488         20.486   20.498       20.496    0.236       0.237        11192950005057    2.7927770   29.1375330      100114      6   55429.381597200         528    20.490    21.391     27.682    1.850       2.442           0      131072            0            1    11192950 
   55429.392507200        20.456        0.135      1001142060002507    2.7928630   29.1376090   00h11m10.29s   29d08m15.39s      2               0    1.397785e-06         338         338         332        20.306            0.015     20.488         20.486   20.498       20.496    0.236       0.237        11192927005202    2.7928710   29.1376360      100114      6   55429.395937200         528    20.460    21.370     27.684    1.950       2.792           0      131072            0            1    11192927 
   55429.407947200        20.653        0.126      1001142060002507    2.7928630   29.1376090   00h11m10.29s   29d08m15.39s      2               0    1.397785e-06         338         338         332        20.306            0.015     20.488         20.486   20.498       20.496    0.236       0.237        11193021005193    2.7928980   29.1375650      100114      6   55429.411377200         528    20.654    21.410     27.684    1.950       2.309           0      131072            0            1    11193021 
   55429.422387200        20.711        0.131      1001142060002507    2.7928630   29.1376090   00h11m10.29s   29d08m15.39s      2               0    1.397785e-06         338         338         332        20.306            0.015     20.488         20.486   20.498       20.496    0.236       0.237        11193084005294    2.7927700   29.1376050      100114      6   55429.425817200         528    20.716    21.511     27.684    1.950       2.141           0      131072            0            1    11193084 
   55429.434587200        20.680        0.126      1001142060002507    2.7928630   29.1376090   00h11m10.29s   29d08m15.39s      2               0    1.397785e-06         338         338         332        20.306            0.015     20.488         20.486   20.498       20.496    0.236       0.237        11192920005529    2.7928480   29.1375560      100114      6   55429.438017200         528    20.686    21.599     27.683    2.050       2.428           0      131072            0            1    11192920 
   55429.447877200        20.286        0.102      1001142060002507    2.7928630   29.1376090   00h11m10.29s   29d08m15.39s      2               0    1.397785e-06         338         338         332        20.306            0.015     20.488         20.486   20.498       20.496    0.236       0.237        11193089005946    2.7927690   29.1375450      100114      6   55429.451317200         528    20.291    21.814     27.682    1.950       3.370           0      131072            0            1    11193089 
   55429.460877200        20.123        0.101      1001142060002507    2.7928630   29.1376090   00h11m10.29s   29d08m15.39s      2               0    1.397785e-06         338         338         332        20.306            0.015     20.488         20.486   20.498       20.496    0.236       0.237        11192939005964    2.7927810   29.1376070      100114      6   55429.464317200         528    20.130    21.836     27.681    1.950       3.172           0      131072            0            1    11192939 
   55429.481797200        20.305        0.105      1001142060002507    2.7928630   29.1376090   00h11m10.29s   29d08m15.39s      2               0    1.397785e-06         338         338         332        20.306            0.015     20.488         20.486   20.498       20.496    0.236       0.237        11192958005472    2.7928970   29.1376040      100114      6   55429.485227200         528    20.307    21.467     27.676    2.350       3.284           0      131072            0            1    11192958 
   55429.496887200        20.443        0.100      1001142060002507    2.7928630   29.1376090   00h11m10.29s   29d08m15.39s      2               0    1.397785e-06         338         338         332        20.306            0.015     20.488         20.486   20.498       20.496    0.236       0.237        11193044005702    2.7927590   29.1375750      100114      6   55429.500327200         528    20.448    21.703     27.672    2.050       2.780           0      131072            0            1    11193044 
   55534.157547200        20.319        0.366      1001142060002507    2.7928630   29.1376090   00h11m10.29s   29d08m15.39s      2               0    1.397785e-06         338         338         332        20.306            0.015     20.488         20.486   20.498       20.496    0.236       0.237        10652245004440    2.7929920   29.1376590      100114      6   55534.160537200         634    20.442    21.279     27.381    1.950       4.182           0      131072            0            1    10652245 
   55535.281217200        20.390        0.231      1001142060002507    2.7928630   29.1376090   00h11m10.29s   29d08m15.39s      2               0    1.397785e-06         338         338         332        20.306            0.015     20.488         20.486   20.498       20.496    0.236       0.237        10697390004971    2.7929340   29.1375290      100114      6   55535.284127200         635    20.478    21.398     27.725    2.250       3.840           0      131072            0            1    10697390 
   55541.099387200        20.508        0.193      1001142060002507    2.7928630   29.1376090   00h11m10.29s   29d08m15.39s      2               0    1.397785e-06         338         338         332        20.306            0.015     20.488         20.486   20.498       20.496    0.236       0.237        10678008005045    2.7928660   29.1376340      100114      6   55541.101837200         641    20.515    21.349     27.687    2.350       4.365           0      131072            0            1    10678008 
   55542.095217200        20.570        0.184      1001142060002507    2.7928630   29.1376090   00h11m10.29s   29d08m15.39s      2               0    1.397785e-06         338         338         332        20.306            0.015     20.488         20.486   20.498       20.496    0.236       0.237        13776404003745    2.7930340   29.1375930      100114      6   55542.097587200         642    20.629    20.830     27.706    3.450       3.897           0           0            0            1    13776404 
   55558.213927200        20.100        0.133      1001142060002507    2.7928630   29.1376090   00h11m10.29s   29d08m15.39s      2               0    1.397785e-06         338         338         332        20.306            0.015     20.488         20.486   20.498       20.496    0.236       0.237        10709511004777    2.7928240   29.1376150      100114      6   55558.214887200         655    20.092    21.273     27.622    2.150       3.016           0      131072            0            1    10709511 
   55558.271377200        20.413        0.185      1001142060002507    2.7928630   29.1376090   00h11m10.29s   29d08m15.39s      2               0    1.397785e-06         338         338         332        20.306            0.015     20.488         20.486   20.498       20.496    0.236       0.237        10709512004139    2.7928310   29.1375460      100114      6   55558.272337200         655    20.421    20.853     27.582    2.350       3.406           0           0            0            1    10709512 
   55584.132047200        20.474        0.133      1001142060002507    2.7928630   29.1376090   00h11m10.29s   29d08m15.39s      2               0    1.397785e-06         338         338         332        20.306            0.015     20.488         20.486   20.498       20.496    0.236       0.237         9808957004993    2.7929420   29.1375780      100114      6   55584.130637200         683    20.480    21.294     27.648    2.250       4.447           0      131072            0            1     9808957 
   55584.182437200        20.664        0.156      1001142060002507    2.7928630   29.1376090   00h11m10.29s   29d08m15.39s      2               0    1.397785e-06         338         338         332        20.306            0.015     20.488         20.486   20.498       20.496    0.236       0.237         9808947003609    2.7925730   29.1375420      100114      6   55584.181027200         683    20.675    20.677     27.596    3.250       4.383           0           0            0            1     9808947 
   55585.179607200        20.623        0.191      1001142060002507    2.7928630   29.1376090   00h11m10.29s   29d08m15.39s      2               0    1.397785e-06         338         338         332        20.306            0.015     20.488         20.486   20.498       20.496    0.236       0.237         9806296003687    2.7927640   29.1376070      100114      6   55585.178097200         684    20.627    20.616     27.583    3.250       3.257           0           0            0            1     9806296 
   55779.299377200        20.831        0.163      1001142060002507    2.7928630   29.1376090   00h11m10.29s   29d08m15.39s      2               0    1.397785e-06         338         338         332        20.306            0.015     20.488         20.486   20.498       20.496    0.236       0.237        10316555005396    2.7928850   29.1376340      100114      6   55779.301697200         877    20.822    21.540     27.541    1.950       3.256           0           0            0            1    10316555 
   55780.252137200        20.842        0.218      1001142060002507    2.7928630   29.1376090   00h11m10.29s   29d08m15.39s      2               0    1.397785e-06         338         338         332        20.306            0.015     20.488         20.486   20.498       20.496    0.236       0.237        10350625004394    2.7928910   29.1375380      100114      6   55780.254537200         878    20.831    20.944     27.495    2.150       2.574           0           0            0            1    10350625 
   55780.296807200        20.659        0.145      1001142060002507    2.7928630   29.1376090   00h11m10.29s   29d08m15.39s      2               0    1.397785e-06         338         338         332        20.306            0.015     20.488         20.486   20.498       20.496    0.236       0.237        10350740004903    2.7928540   29.1376500      100114      6   55780.299207200         878    20.658    21.337     27.549    2.150       3.846           0           0            0            1    10350740 
   55782.303637200        20.432        0.161      1001142060002507    2.7928630   29.1376090   00h11m10.29s   29d08m15.39s      2               0    1.397785e-06         338         338         332        20.306            0.015     20.488         20.486   20.498       20.496    0.236       0.237        10353354004409    2.7930780   29.1376080      100114      6   55782.306187200         880    20.442    20.897     27.555    2.450       4.252           0           0            0            1    10353354 
   55793.206157200        20.473        0.145      1001142060002507    2.7928630   29.1376090   00h11m10.29s   29d08m15.39s      2               0    1.397785e-06         338         338         332        20.306            0.015     20.488         20.486   20.498       20.496    0.236       0.237        10377768004692    2.7927590   29.1376000      100114      6   55793.209487200         891    20.462    21.095     27.467    2.450       2.275           0           0            0            1    10377768 
   55794.261357200        20.284        0.142      1001142060002507    2.7928630   29.1376090   00h11m10.29s   29d08m15.39s      2               0    1.397785e-06         338         338         332        20.306            0.015     20.488         20.486   20.498       20.496    0.236       0.237        10379376004955    2.7929080   29.1376500      100114      6   55794.264757200         892    20.246    21.243     27.519    2.150       2.715           0      131072            0            1    10379376 
   55822.406567200        20.462        0.192      1001142060002507    2.7928630   29.1376090   00h11m10.29s   29d08m15.39s      2               0    1.397785e-06         338         338         332        20.306            0.015     20.488         20.486   20.498       20.496    0.236       0.237        10515141004273    2.7928780   29.1375550      100114      6   55822.411387200         920    20.467    20.969     27.547    2.050       3.693           0           0            0            1    10515141 
   55838.116477200        20.488        0.197      1001142060002507    2.7928630   29.1376090   00h11m10.29s   29d08m15.39s      2               0    1.397785e-06         338         338         332        20.306            0.015     20.488         20.486   20.498       20.496    0.236       0.237        10569624004035    2.7930260   29.1375510      100114      6   55838.121647200         936    20.479    20.739     27.437    2.450       3.448           0           0            0            1    10569624 
   55838.195117200        20.286        0.148      1001142060002507    2.7928630   29.1376090   00h11m10.29s   29d08m15.39s      2               0    1.397785e-06         338         338         332        20.306            0.015     20.488         20.486   20.498       20.496    0.236       0.237        10569664004384    2.7929920   29.1375810      100114      6   55838.200287200         936    20.276    20.964     27.495    2.450       4.896           0           0            0            1    10569664 
   56203.110667200        20.312        0.151      1001142060002507    2.7928630   29.1376090   00h11m10.29s   29d08m15.39s      2               0    1.397785e-06         338         338         332        20.306            0.015     20.488         20.486   20.498       20.496    0.236       0.237        14294087003944    2.7929900   29.1374600      100114      6   56203.115837200        1300    20.335    20.672     27.615    3.250       5.404           0           0            0            1    14294087 
   56203.167877200        20.229        0.202      1001142060002507    2.7928630   29.1376090   00h11m10.29s   29d08m15.39s      2               0    1.397785e-06         338         338         332        20.306            0.015     20.488         20.486   20.498       20.496    0.236       0.237        14294148003707    2.7927900   29.1377610      100114      6   56203.173047200        1300    20.235    20.789     27.679    1.950       3.450           0           0            0            1    14294148 
   56537.326577200        20.410        0.118      1001142060002507    2.7928630   29.1376090   00h11m10.29s   29d08m15.39s      2               0    1.397785e-06         338         338         332        20.306            0.015     20.488         20.486   20.498       20.496    0.236       0.237        18124330005863    2.7928720   29.1375830      100114      6   56537.330727200        1611    20.415    21.843     27.610    1.850       2.945           0      131072            0            1    18124330 
   56537.518877200        20.256        0.184      1001142060002507    2.7928630   29.1376090   00h11m10.29s   29d08m15.39s      2               0    1.397785e-06         338         338         332        20.306            0.015     20.488         20.486   20.498       20.496    0.236       0.237        18124487004025    2.7929310   29.1377810      100114      6   56537.523037200        1611    20.267    21.118     27.586    1.850       3.282           0           0            0            1    18124487 
   56540.454177200        20.712        0.166      1001142060002507    2.7928630   29.1376090   00h11m10.29s   29d08m15.39s      2               0    1.397785e-06         338         338         332        20.306            0.015     20.488         20.486   20.498       20.496    0.236       0.237        18197418005793    2.7929090   29.1376200      100114      6   56540.458497200        1614    20.646    21.677     27.526    1.950       3.165           0      131072            0            1    18197418 
   56545.226097200        20.760        0.177      1001142060002507    2.7928630   29.1376090   00h11m10.29s   29d08m15.39s      2               0    1.397785e-06         338         338         332        20.306            0.015     20.488         20.486   20.498       20.496    0.236       0.237        18261747004742    2.7929130   29.1376680      100114      6   56545.230637200        1619    20.622    21.274     27.311    2.050       3.918           0           0            0            1    18261747 
   56600.264077200        20.848        0.158      1001142060002507    2.7928630   29.1376090   00h11m10.29s   29d08m15.39s      2               0    1.397785e-06         338         338         332        20.306            0.015     20.488         20.486   20.498       20.496    0.236       0.237        18183309005431    2.7929590   29.1376090      100114      6   56600.268797200        1674    20.843    21.610     27.634    2.150       2.886           0           0            0            1    18183309 
   56606.185397200        20.697        0.403      1001142060002507    2.7928630   29.1376090   00h11m10.29s   29d08m15.39s      2               0    1.397785e-06         338         338         332        20.306            0.015     20.488         20.486   20.498       20.496    0.236       0.237        18297010004929    2.7930000   29.1375970      100114      6   56606.189857200        1680    20.317    20.900     27.282    2.150       3.690           0           0            0            1    18297010 
