   55059.431477200        19.440        0.062      1001142060001251    2.9569880   29.0291450   00h11m49.68s   29d01m44.92s      2               0    1.217346e-06         423         423         411        19.524            0.009     19.609         19.610   19.619       19.618    0.162       0.160        11898981005380    2.9569600   29.0291360      100114      6   55059.434587200         173    19.439    21.471     27.274    2.350       4.238           0      131072            0            1    11898981 
   55059.454527200        19.574        0.068      1001142060001251    2.9569880   29.0291450   00h11m49.68s   29d01m44.92s      2               0    1.217346e-06         423         423         411        19.524            0.009     19.609         19.610   19.619       19.618    0.162       0.160        11899087005493    2.9568990   29.0291550      100114      6   55059.457637200         173    19.570    21.484     27.272    2.350       4.905           0      131072            0            1    11899087 
   55061.424747200        19.701        0.069      1001142060001251    2.9569880   29.0291450   00h11m49.68s   29d01m44.92s      2               0    1.217346e-06         423         423         411        19.524            0.009     19.609         19.610   19.619       19.618    0.162       0.160        11894878005197    2.9569410   29.0291750      100114      6   55061.427997200         175    19.693    21.590     27.244    2.350       4.145           0      131072            0            1    11894878 
   55061.462657200        19.653        0.068      1001142060001251    2.9569880   29.0291450   00h11m49.68s   29d01m44.92s      2               0    1.217346e-06         423         423         411        19.524            0.009     19.609         19.610   19.619       19.618    0.162       0.160        11894740005562    2.9568890   29.0290850      100114      6   55061.465917200         175    19.632    21.695     27.232    2.150       4.281           0      131072            0            1    11894740 
   55063.441527200        19.509        0.065      1001142060001251    2.9569880   29.0291450   00h11m49.68s   29d01m44.92s      2               0    1.217346e-06         423         423         411        19.524            0.009     19.609         19.610   19.619       19.618    0.162       0.160        11890493005817    2.9569470   29.0290810      100114      6   55063.444907200         177    19.504    21.697     27.225    2.150       4.094           0      131072            0            1    11890493 
   55063.486237200        19.538        0.066      1001142060001251    2.9569880   29.0291450   00h11m49.68s   29d01m44.92s      2               0    1.217346e-06         423         423         411        19.524            0.009     19.609         19.610   19.619       19.618    0.162       0.160        11890517005745    2.9568470   29.0291090      100114      6   55063.489627200         177    19.549    21.727     27.222    2.050       4.160           0      131072            0            1    11890517 
   55066.424917200        19.651        0.070      1001142060001251    2.9569880   29.0291450   00h11m49.68s   29d01m44.92s      2               0    1.217346e-06         423         423         411        19.524            0.009     19.609         19.610   19.619       19.618    0.162       0.160        11884710005435    2.9569920   29.0291520      100114      6   55066.428497200         180    19.646    21.568     27.204    2.150       3.924           0      131072            0            1    11884710 
   55066.469697200        19.610        0.066      1001142060001251    2.9569880   29.0291450   00h11m49.68s   29d01m44.92s      2               0    1.217346e-06         423         423         411        19.524            0.009     19.609         19.610   19.619       19.618    0.162       0.160        11884677005703    2.9569220   29.0291050      100114      6   55066.473277200         180    19.597    21.681     27.208    1.950       4.074           0      131072            0            1    11884677 
   55069.459987200        19.517        0.067      1001142060001251    2.9569880   29.0291450   00h11m49.68s   29d01m44.92s      2               0    1.217346e-06         423         423         411        19.524            0.009     19.609         19.610   19.619       19.618    0.162       0.160        11880766005169    2.9569250   29.0291290      100114      6   55069.463757200         183    19.522    21.404     27.264    2.350       4.789           0      131072            0            1    11880766 
   55084.358307200        19.462        0.106      1001142060001251    2.9569880   29.0291450   00h11m49.68s   29d01m44.92s      2               0    1.217346e-06         423         423         411        19.524            0.009     19.609         19.610   19.619       19.618    0.162       0.160        11839089004197    2.9568920   29.0291280      100114      6   55084.362847200         196    19.465    20.971     27.265    2.050       4.626           0      131072            0            1    11839089 
   55089.350597200        19.719        0.098      1001142060001251    2.9569880   29.0291450   00h11m49.68s   29d01m44.92s      2               0    1.217346e-06         423         423         411        19.524            0.009     19.609         19.610   19.619       19.618    0.162       0.160        11854279004827    2.9569050   29.0290600      100114      6   55089.355347200         201    19.711    21.243     27.253    2.750       5.199           0      131072            0            1    11854279 
   55089.394887200        19.666        0.068      1001142060001251    2.9569880   29.0291450   00h11m49.68s   29d01m44.92s      2               0    1.217346e-06         423         423         411        19.524            0.009     19.609         19.610   19.619       19.618    0.162       0.160        11854251005368    2.9568730   29.0291480      100114      6   55089.399627200         201    19.666    21.536     27.271    2.150       4.171           0      131072            0            1    11854251 
   55093.335147200        19.509        0.066      1001142060001251    2.9569880   29.0291450   00h11m49.68s   29d01m44.92s      2               0    1.217346e-06         423         423         411        19.524            0.009     19.609         19.610   19.619       19.618    0.162       0.160        11854138005520    2.9569710   29.0291270      100114      6   55093.340027200         205    19.511    21.509     27.222    2.150       4.412           0      131072            0            1    11854138 
   55093.379747200        19.574        0.073      1001142060001251    2.9569880   29.0291450   00h11m49.68s   29d01m44.92s      2               0    1.217346e-06         423         423         411        19.524            0.009     19.609         19.610   19.619       19.618    0.162       0.160        11854093005634    2.9568840   29.0291210      100114      6   55093.384617200         205    19.581    21.605     27.229    2.050       4.122           0      131072            0            1    11854093 
   55095.329827200        19.481        0.067      1001142060001251    2.9569880   29.0291450   00h11m49.68s   29d01m44.92s      2               0    1.217346e-06         423         423         411        19.524            0.009     19.609         19.610   19.619       19.618    0.162       0.160        11932331005371    2.9569310   29.0291320      100114      6   55095.334757200         207    19.485    21.453     27.264    2.350       4.668           0      131072            0            1    11932331 
   55095.374507200        19.563        0.065      1001142060001251    2.9569880   29.0291450   00h11m49.68s   29d01m44.92s      2               0    1.217346e-06         423         423         411        19.524            0.009     19.609         19.610   19.619       19.618    0.162       0.160        11932347005247    2.9569560   29.0291450      100114      6   55095.379437200         207    19.569    21.473     27.259    2.350       4.795           0      131072            0            1    11932347 
   55114.378347200        19.501        0.147      1001142060001251    2.9569880   29.0291450   00h11m49.68s   29d01m44.92s      2               0    1.217346e-06         423         423         411        19.524            0.009     19.609         19.610   19.619       19.618    0.162       0.160        11806483004687    2.9569790   29.0291350      100114      6   55114.383547200         223    19.372    21.058     27.609    2.450       5.200           0      131072            0            1    11806483 
   55119.413187200        19.514        0.075      1001142060001251    2.9569880   29.0291450   00h11m49.68s   29d01m44.92s      2               0    1.217346e-06         423         423         411        19.524            0.009     19.609         19.610   19.619       19.618    0.162       0.160        11838687004551    2.9569750   29.0291340      100114      6   55119.418367200         228    19.531    21.301     27.718    2.350       4.693           0      131072            0            1    11838687 
   55119.476747200        19.580        0.132      1001142060001251    2.9569880   29.0291450   00h11m49.68s   29d01m44.92s      2               0    1.217346e-06         423         423         411        19.524            0.009     19.609         19.610   19.619       19.618    0.162       0.160        11838673003660    2.9571070   29.0290780      100114      6   55119.481927200         228    19.588    20.801     27.633    2.950       6.086           0      131072            0            1    11838673 
   55123.287437200        19.576        0.068      1001142060001251    2.9569880   29.0291450   00h11m49.68s   29d01m44.92s      2               0    1.217346e-06         423         423         411        19.524            0.009     19.609         19.610   19.619       19.618    0.162       0.160        11812963004979    2.9568760   29.0291610      100114      6   55123.292577200         232    19.587    21.571     27.754    2.350       4.617           0      131072            0            1    11812963 
   55123.336467200        19.523        0.081      1001142060001251    2.9569880   29.0291450   00h11m49.68s   29d01m44.92s      2               0    1.217346e-06         423         423         411        19.524            0.009     19.609         19.610   19.619       19.618    0.162       0.160        11812935005023    2.9568730   29.0290950      100114      6   55123.341607200         232    19.530    21.513     27.745    2.350       4.687           0      131072            0            1    11812935 
   55138.211887200        19.786        0.168      1001142060001251    2.9569880   29.0291450   00h11m49.68s   29d01m44.92s      2               0    1.217346e-06         423         423         411        19.524            0.009     19.609         19.610   19.619       19.618    0.162       0.160        11788529002654    2.9570490   29.0292930      100114      6   55138.216647200         245    19.786    20.421     27.757    2.250       2.132           0           0            0            1    11788529 
   55138.255917200        19.679        0.172      1001142060001251    2.9569880   29.0291450   00h11m49.68s   29d01m44.92s      2               0    1.217346e-06         423         423         411        19.524            0.009     19.609         19.610   19.619       19.618    0.162       0.160        11788408002591    2.9569510   29.0292520      100114      6   55138.260667200         245    19.679    20.370     27.758    2.350       4.528           0           0            0            1    11788408 
   55142.296147200        19.523        0.095      1001142060001251    2.9569880   29.0291450   00h11m49.68s   29d01m44.92s      2               0    1.217346e-06         423         423         411        19.524            0.009     19.609         19.610   19.619       19.618    0.162       0.160        11792905004296    2.9570110   29.0291900      100114      6   55142.300737200         282    19.522    21.168     27.746    2.350       4.547           0      131072            0            1    11792905 
   55142.340347200        19.531        0.097      1001142060001251    2.9569880   29.0291450   00h11m49.68s   29d01m44.92s      2               0    1.217346e-06         423         423         411        19.524            0.009     19.609         19.610   19.619       19.618    0.162       0.160        11792944004084    2.9568890   29.0290710      100114      6   55142.344937200         282    19.532    21.053     27.731    2.350       6.138           0      131072            0            1    11792944 
   55144.317337200        19.424        0.105      1001142060001251    2.9569880   29.0291450   00h11m49.68s   29d01m44.92s      2               0    1.217346e-06         423         423         411        19.524            0.009     19.609         19.610   19.619       19.618    0.162       0.160        11799803004482    2.9570350   29.0291710      100114      6   55144.321847200         250    19.432    21.261     27.728    2.150       5.136           0      131072            0            1    11799803 
   55144.361137200        19.586        0.129      1001142060001251    2.9569880   29.0291450   00h11m49.68s   29d01m44.92s      2               0    1.217346e-06         423         423         411        19.524            0.009     19.609         19.610   19.619       19.618    0.162       0.160        11799911004255    2.9569500   29.0291240      100114      6   55144.365637200         250    19.624    21.199     27.730    2.050       3.661           0      131072            0            1    11799911 
   55152.173527200        19.603        0.085      1001142060001251    2.9569880   29.0291450   00h11m49.68s   29d01m44.92s      2               0    1.217346e-06         423         423         411        19.524            0.009     19.609         19.610   19.619       19.618    0.162       0.160        11803159004609    2.9569930   29.0290870      100114      6   55152.177637200         258    19.609    21.336     27.790    2.750       4.919           0      131072            0            1    11803159 
   55152.217537200        19.540        0.082      1001142060001251    2.9569880   29.0291450   00h11m49.68s   29d01m44.92s      2               0    1.217346e-06         423         423         411        19.524            0.009     19.609         19.610   19.619       19.618    0.162       0.160        11803084004630    2.9569310   29.0291440      100114      6   55152.221637200         258    19.539    21.356     27.784    2.650       3.814           0      131072            0            1    11803084 
   55166.229767200        19.271        0.135      1001142060001251    2.9569880   29.0291450   00h11m49.68s   29d01m44.92s      2               0    1.217346e-06         423         423         411        19.524            0.009     19.609         19.610   19.619       19.618    0.162       0.160        11770064002845    2.9569540   29.0290470      100114      6   55166.232957200         271    19.259    20.552     27.778    2.250       5.710           0      131072            0            1    11770064 
   55168.184237200        19.620        0.158      1001142060001251    2.9569880   29.0291450   00h11m49.68s   29d01m44.92s      2               0    1.217346e-06         423         423         411        19.524            0.009     19.609         19.610   19.619       19.618    0.162       0.160        12344573003250    2.9567620   29.0291820      100114      6   55168.187287200         273    19.612    20.737     27.777    2.350       5.842           0      131072            0            1    12344573 
   55168.274097200        19.653        0.127      1001142060001251    2.9569880   29.0291450   00h11m49.68s   29d01m44.92s      2               0    1.217346e-06         423         423         411        19.524            0.009     19.609         19.610   19.619       19.618    0.162       0.160        12344664002993    2.9569330   29.0291040      100114      6   55168.277137200         273    19.656    20.673     27.755    2.050       4.957           0      131072            0            1    12344664 
   55183.164917200        19.746        0.199      1001142060001251    2.9569880   29.0291450   00h11m49.68s   29d01m44.92s      2               0    1.217346e-06         423         423         411        19.524            0.009     19.609         19.610   19.619       19.618    0.162       0.160        11781690004555    2.9569250   29.0291740      100114      6   55183.166757200         279    19.649    21.175     27.636    2.350       4.305           0      131072            0            1    11781690 
   55194.097327200        20.147        0.147      1001142060001251    2.9569880   29.0291450   00h11m49.68s   29d01m44.92s      2               0    1.217346e-06         423         423         411        19.524            0.009     19.609         19.610   19.619       19.618    0.162       0.160        12652253003256    2.9568850   29.0291040      100114      6   55194.098187200         302    19.242    19.782     26.867    2.350       3.435           0           0            0            1    12652253 
   55199.096657200        19.708        0.081      1001142060001251    2.9569880   29.0291450   00h11m49.68s   29d01m44.92s      2               0    1.217346e-06         423         423         411        19.524            0.009     19.609         19.610   19.619       19.618    0.162       0.160        14959062004547    2.9570150   29.0291170      100114      6   55199.097057200         307    19.698    21.360     27.777    2.450       4.959           0      131072            0            1    14959062 
   55207.154177200        19.583        0.071      1001142060001251    2.9569880   29.0291450   00h11m49.68s   29d01m44.92s      2               0    1.217346e-06         423         423         411        19.524            0.009     19.609         19.610   19.619       19.618    0.162       0.160        11745244005054    2.9569240   29.0290680      100114      6   55207.153837200         316    19.569    21.574     27.738    1.950       4.075           0      131072            0            1    11745244 
   55207.228427200        19.327        0.119      1001142060001251    2.9569880   29.0291450   00h11m49.68s   29d01m44.92s      2               0    1.217346e-06         423         423         411        19.524            0.009     19.609         19.610   19.619       19.618    0.162       0.160        11745242003847    2.9569920   29.0290800      100114      6   55207.228077200         316    19.396    21.053     27.686    2.150       4.556           0      131072            0            1    11745242 
   55209.134757200        19.653        0.091      1001142060001251    2.9569880   29.0291450   00h11m49.68s   29d01m44.92s      2               0    1.217346e-06         423         423         411        19.524            0.009     19.609         19.610   19.619       19.618    0.162       0.160        11741608004972    2.9569330   29.0290890      100114      6   55209.134227200         318    19.655    21.561     27.787    2.150       5.639           0      131072            0            1    11741608 
   55209.179387200        19.713        0.093      1001142060001251    2.9569880   29.0291450   00h11m49.68s   29d01m44.92s      2               0    1.217346e-06         423         423         411        19.524            0.009     19.609         19.610   19.619       19.618    0.162       0.160        11741584004460    2.9569070   29.0291030      100114      6   55209.178857200         318    19.695    21.186     27.736    2.650       5.494           0      131072            0            1    11741584 
   55422.309447200        19.325        0.071      1001142060001251    2.9569880   29.0291450   00h11m49.68s   29d01m44.92s      2               0    1.217346e-06         423         423         411        19.524            0.009     19.609         19.610   19.619       19.618    0.162       0.160        11149993004809    2.9569550   29.0290970      100114      6   55422.312387200         521    19.314    21.616     27.663    2.250       5.117           0      131072            0            1    11149993 
   55422.336907200        19.576        0.081      1001142060001251    2.9569880   29.0291450   00h11m49.68s   29d01m44.92s      2               0    1.217346e-06         423         423         411        19.524            0.009     19.609         19.610   19.619       19.618    0.162       0.160        11149840004644    2.9569850   29.0291210      100114      6   55422.339857200         521    19.568    21.584     27.677    2.550       5.448           0      131072            0            1    11149840 
   55422.362757200        19.534        0.071      1001142060001251    2.9569880   29.0291450   00h11m49.68s   29d01m44.92s      2               0    1.217346e-06         423         423         411        19.524            0.009     19.609         19.610   19.619       19.618    0.162       0.160        11149808005068    2.9569640   29.0291590      100114      6   55422.365697200         521    19.527    21.773     27.685    2.250       4.344           0      131072            0            1    11149808 
   55422.374317200        19.691        0.077      1001142060001251    2.9569880   29.0291450   00h11m49.68s   29d01m44.92s      2               0    1.217346e-06         423         423         411        19.524            0.009     19.609         19.610   19.619       19.618    0.162       0.160        11149932005029    2.9569550   29.0291160      100114      6   55422.377267200         521    19.689    21.678     27.688    2.450       4.354           0      131072            0            1    11149932 
   55422.386737200        19.656        0.064      1001142060001251    2.9569880   29.0291450   00h11m49.68s   29d01m44.92s      2               0    1.217346e-06         423         423         411        19.524            0.009     19.609         19.610   19.619       19.618    0.162       0.160        11149844005331    2.9569130   29.0291000      100114      6   55422.389687200         521    19.650    21.949     27.689    1.950       4.050           0      131072            0            1    11149844 
   55422.399047200        19.570        0.072      1001142060001251    2.9569880   29.0291450   00h11m49.68s   29d01m44.92s      2               0    1.217346e-06         423         423         411        19.524            0.009     19.609         19.610   19.619       19.618    0.162       0.160        11149936005034    2.9570190   29.0291650      100114      6   55422.401997200         521    19.571    21.759     27.691    2.350       4.510           0      131072            0            1    11149936 
   55422.412987200        19.618        0.078      1001142060001251    2.9569880   29.0291450   00h11m49.68s   29d01m44.92s      2               0    1.217346e-06         423         423         411        19.524            0.009     19.609         19.610   19.619       19.618    0.162       0.160        11149893004974    2.9568930   29.0290610      100114      6   55422.415937200         521    19.617    21.756     27.692    2.350       3.952           0      131072            0            1    11149893 
   55422.426747200        19.580        0.065      1001142060001251    2.9569880   29.0291450   00h11m49.68s   29d01m44.92s      2               0    1.217346e-06         423         423         411        19.524            0.009     19.609         19.610   19.619       19.618    0.162       0.160        11149865005051    2.9569780   29.0291760      100114      6   55422.429697200         521    19.576    21.736     27.692    2.350       4.702           0      131072            0            1    11149865 
   55422.439457200        19.543        0.065      1001142060001251    2.9569880   29.0291450   00h11m49.68s   29d01m44.92s      2               0    1.217346e-06         423         423         411        19.524            0.009     19.609         19.610   19.619       19.618    0.162       0.160        11149856005146    2.9569080   29.0290990      100114      6   55422.442407200         521    19.538    21.701     27.691    2.450       4.355           0      131072            0            1    11149856 
   55422.452697200        19.735        0.074      1001142060001251    2.9569880   29.0291450   00h11m49.68s   29d01m44.92s      2               0    1.217346e-06         423         423         411        19.524            0.009     19.609         19.610   19.619       19.618    0.162       0.160        11149851005078    2.9569200   29.0291550      100114      6   55422.455647200         521    19.727    21.656     27.691    2.550       3.992           0      131072            0            1    11149851 
   55422.466737200        19.654        0.069      1001142060001251    2.9569880   29.0291450   00h11m49.68s   29d01m44.92s      2               0    1.217346e-06         423         423         411        19.524            0.009     19.609         19.610   19.619       19.618    0.162       0.160        11150061004881    2.9569290   29.0291020      100114      6   55422.469687200         521    19.648    21.569     27.688    2.750       4.585           0      131072            0            1    11150061 
   55422.483747200        19.467        0.072      1001142060001251    2.9569880   29.0291450   00h11m49.68s   29d01m44.92s      2               0    1.217346e-06         423         423         411        19.524            0.009     19.609         19.610   19.619       19.618    0.162       0.160        11149979005178    2.9569330   29.0291230      100114      6   55422.486707200         521    19.460    21.720     27.684    2.350       4.191           0      131072            0            1    11149979 
   55422.498897200        19.659        0.073      1001142060001251    2.9569880   29.0291450   00h11m49.68s   29d01m44.92s      2               0    1.217346e-06         423         423         411        19.524            0.009     19.609         19.610   19.619       19.618    0.162       0.160        11149810004823    2.9569220   29.0291290      100114      6   55422.501857200         521    19.653    21.492     27.680    2.450       4.220           0      131072            0            1    11149810 
   55423.307897200        19.542        0.075      1001142060001251    2.9569880   29.0291450   00h11m49.68s   29d01m44.92s      2               0    1.217346e-06         423         423         411        19.524            0.009     19.609         19.610   19.619       19.618    0.162       0.160        11147042005006    2.9569740   29.0291310      100114      6   55423.310907200         522    19.536    21.691     27.659    2.050       4.720           0      131072            0            1    11147042 
   55423.325617200        19.583        0.071      1001142060001251    2.9569880   29.0291450   00h11m49.68s   29d01m44.92s      2               0    1.217346e-06         423         423         411        19.524            0.009     19.609         19.610   19.619       19.618    0.162       0.160        11147017005312    2.9569010   29.0291120      100114      6   55423.328627200         522    19.575    21.731     27.666    2.050       3.921           0      131072            0            1    11147017 
   55423.339857200        19.683        0.073      1001142060001251    2.9569880   29.0291450   00h11m49.68s   29d01m44.92s      2               0    1.217346e-06         423         423         411        19.524            0.009     19.609         19.610   19.619       19.618    0.162       0.160        11147166004960    2.9569820   29.0290730      100114      6   55423.342877200         522    19.674    21.672     27.670    2.250       3.783           0      131072            0            1    11147166 
   55423.353677200        19.737        0.072      1001142060001251    2.9569880   29.0291450   00h11m49.68s   29d01m44.92s      2               0    1.217346e-06         423         423         411        19.524            0.009     19.609         19.610   19.619       19.618    0.162       0.160        11147138005088    2.9569310   29.0290860      100114      6   55423.356697200         522    19.731    21.888     27.673    1.850       3.982           0      131072            0            1    11147138 
   55423.365657200        19.579        0.064      1001142060001251    2.9569880   29.0291450   00h11m49.68s   29d01m44.92s      2               0    1.217346e-06         423         423         411        19.524            0.009     19.609         19.610   19.619       19.618    0.162       0.160        11146989005346    2.9569200   29.0291370      100114      6   55423.368677200         522    19.570    21.919     27.675    1.850       3.636           0      131072            0            1    11146989 
   55423.382637200        19.684        0.070      1001142060001251    2.9569880   29.0291450   00h11m49.68s   29d01m44.92s      2               0    1.217346e-06         423         423         411        19.524            0.009     19.609         19.610   19.619       19.618    0.162       0.160        11147033005322    2.9569590   29.0291250      100114      6   55423.385657200         522    19.676    21.777     27.677    2.150       3.694           0      131072            0            1    11147033 
   55423.397187200        19.565        0.066      1001142060001251    2.9569880   29.0291450   00h11m49.68s   29d01m44.92s      2               0    1.217346e-06         423         423         411        19.524            0.009     19.609         19.610   19.619       19.618    0.162       0.160        11147208004957    2.9568720   29.0291450      100114      6   55423.400207200         522    19.561    21.861     27.678    2.050       4.165           0      131072            0            1    11147208 
   55423.412007200        19.578        0.065      1001142060001251    2.9569880   29.0291450   00h11m49.68s   29d01m44.92s      2               0    1.217346e-06         423         423         411        19.524            0.009     19.609         19.610   19.619       19.618    0.162       0.160        11147124005298    2.9569140   29.0291370      100114      6   55423.415027200         522    19.571    21.848     27.678    2.050       3.964           0      131072            0            1    11147124 
   55423.426547200        19.526        0.064      1001142060001251    2.9569880   29.0291450   00h11m49.68s   29d01m44.92s      2               0    1.217346e-06         423         423         411        19.524            0.009     19.609         19.610   19.619       19.618    0.162       0.160        11147117005419    2.9569330   29.0291400      100114      6   55423.429567200         522    19.522    21.978     27.678    1.850       3.937           0      131072            0            1    11147117 
   55423.440577200        19.557        0.063      1001142060001251    2.9569880   29.0291450   00h11m49.68s   29d01m44.92s      2               0    1.217346e-06         423         423         411        19.524            0.009     19.609         19.610   19.619       19.618    0.162       0.160        11147201004836    2.9570140   29.0292430      100114      6   55423.443597200         522    19.554    21.808     27.677    2.150       4.003           0      131072            0            1    11147201 
   55423.466517200        19.642        0.068      1001142060001251    2.9569880   29.0291450   00h11m49.68s   29d01m44.92s      2               0    1.217346e-06         423         423         411        19.524            0.009     19.609         19.610   19.619       19.618    0.162       0.160        11147175005111    2.9569420   29.0290880      100114      6   55423.469537200         522    19.636    21.797     27.673    2.150       4.305           0      131072            0            1    11147175 
   55423.482907200        19.586        0.069      1001142060001251    2.9569880   29.0291450   00h11m49.68s   29d01m44.92s      2               0    1.217346e-06         423         423         411        19.524            0.009     19.609         19.610   19.619       19.618    0.162       0.160        11147187004979    2.9570400   29.0291660      100114      6   55423.485927200         522    19.575    21.805     27.670    2.050       4.481           0      131072            0            1    11147187 
   55424.304627200        19.555        0.085      1001142060001251    2.9569880   29.0291450   00h11m49.68s   29d01m44.92s      2               0    1.217346e-06         423         423         411        19.524            0.009     19.609         19.610   19.619       19.618    0.162       0.160        11144740004895    2.9569770   29.0291120      100114      6   55424.307717200         523    19.529    21.658     27.572    1.950       3.383           0      131072            0            1    11144740 
   55424.318437200        19.536        0.071      1001142060001251    2.9569880   29.0291450   00h11m49.68s   29d01m44.92s      2               0    1.217346e-06         423         423         411        19.524            0.009     19.609         19.610   19.619       19.618    0.162       0.160        11144697004842    2.9569060   29.0291310      100114      6   55424.321517200         523    19.514    21.634     27.585    2.050       4.012           0      131072            0            1    11144697 
   55424.332167200        19.407        0.084      1001142060001251    2.9569880   29.0291450   00h11m49.68s   29d01m44.92s      2               0    1.217346e-06         423         423         411        19.524            0.009     19.609         19.610   19.619       19.618    0.162       0.160        11144728004686    2.9570220   29.0292010      100114      6   55424.335247200         523    19.416    21.575     27.596    2.250       4.446           0      131072            0            1    11144728 
   55424.348687200        19.512        0.072      1001142060001251    2.9569880   29.0291450   00h11m49.68s   29d01m44.92s      2               0    1.217346e-06         423         423         411        19.524            0.009     19.609         19.610   19.619       19.618    0.162       0.160        11144712004881    2.9570040   29.0291180      100114      6   55424.351777200         523    19.508    21.661     27.606    2.150       4.136           0      131072            0            1    11144712 
   55424.360497200        19.628        0.074      1001142060001251    2.9569880   29.0291450   00h11m49.68s   29d01m44.92s      2               0    1.217346e-06         423         423         411        19.524            0.009     19.609         19.610   19.619       19.618    0.162       0.160        11144729004682    2.9569950   29.0291270      100114      6   55424.363587200         523    19.620    21.644     27.613    2.250       4.494           0      131072            0            1    11144729 
   55424.373007200        19.552        0.070      1001142060001251    2.9569880   29.0291450   00h11m49.68s   29d01m44.92s      2               0    1.217346e-06         423         423         411        19.524            0.009     19.609         19.610   19.619       19.618    0.162       0.160        11144736005046    2.9569710   29.0291790      100114      6   55424.376097200         523    19.542    21.800     27.619    1.950       4.369           0      131072            0            1    11144736 
   55424.386287200        19.475        0.075      1001142060001251    2.9569880   29.0291450   00h11m49.68s   29d01m44.92s      2               0    1.217346e-06         423         423         411        19.524            0.009     19.609         19.610   19.619       19.618    0.162       0.160        11144739005029    2.9569660   29.0291280      100114      6   55424.389377200         523    19.475    21.770     27.624    2.050       4.350           0      131072            0            1    11144739 
   55424.413257200        19.686        0.075      1001142060001251    2.9569880   29.0291450   00h11m49.68s   29d01m44.92s      2               0    1.217346e-06         423         423         411        19.524            0.009     19.609         19.610   19.619       19.618    0.162       0.160        11144757005148    2.9569720   29.0291020      100114      6   55424.416347200         523    19.681    21.805     27.632    2.050       4.268           0      131072            0            1    11144757 
   55424.428257200        19.694        0.081      1001142060001251    2.9569880   29.0291450   00h11m49.68s   29d01m44.92s      2               0    1.217346e-06         423         423         411        19.524            0.009     19.609         19.610   19.619       19.618    0.162       0.160        11144756005142    2.9569580   29.0291550      100114      6   55424.431347200         523    19.694    21.761     27.636    2.150       4.270           0      131072            0            1    11144756 
   55424.440317200        19.609        0.068      1001142060001251    2.9569880   29.0291450   00h11m49.68s   29d01m44.92s      2               0    1.217346e-06         423         423         411        19.524            0.009     19.609         19.610   19.619       19.618    0.162       0.160        11144916005277    2.9569990   29.0291420      100114      6   55424.443407200         523    19.611    21.863     27.638    1.950       3.630           0      131072            0            1    11144916 
   55424.469517200        19.568        0.076      1001142060001251    2.9569880   29.0291450   00h11m49.68s   29d01m44.92s      2               0    1.217346e-06         423         423         411        19.524            0.009     19.609         19.610   19.619       19.618    0.162       0.160        11144704005106    2.9569250   29.0291390      100114      6   55424.472607200         523    19.568    21.753     27.639    2.150       4.163           0      131072            0            1    11144704 
   55424.484247200        19.714        0.073      1001142060001251    2.9569880   29.0291450   00h11m49.68s   29d01m44.92s      2               0    1.217346e-06         423         423         411        19.524            0.009     19.609         19.610   19.619       19.618    0.162       0.160        11144794005090    2.9569180   29.0291600      100114      6   55424.487347200         523    19.718    21.790     27.638    2.050       4.593           0      131072            0            1    11144794 
   55424.496347200        19.682        0.075      1001142060001251    2.9569880   29.0291450   00h11m49.68s   29d01m44.92s      2               0    1.217346e-06         423         423         411        19.524            0.009     19.609         19.610   19.619       19.618    0.162       0.160        11144863005186    2.9570370   29.0291420      100114      6   55424.499437200         523    19.685    21.793     27.636    1.950       4.017           0      131072            0            1    11144863 
   55424.510947200        19.636        0.136      1001142060001251    2.9569880   29.0291450   00h11m49.68s   29d01m44.92s      2               0    1.217346e-06         423         423         411        19.524            0.009     19.609         19.610   19.619       19.618    0.162       0.160        11144852003663    2.9568860   29.0291450      100114      6   55424.514047200         523    19.643    20.941     27.634    2.150       5.192           0      131072            0            1    11144852 
   55425.307457200        19.385        0.084      1001142060001251    2.9569880   29.0291450   00h11m49.68s   29d01m44.92s      2               0    1.217346e-06         423         423         411        19.524            0.009     19.609         19.610   19.619       19.618    0.162       0.160        11141871005033    2.9569130   29.0290990      100114      6   55425.310607200         524    19.392    21.764     27.568    1.850       4.273           0      131072            0            1    11141871 
   55425.337167200        19.540        0.071      1001142060001251    2.9569880   29.0291450   00h11m49.68s   29d01m44.92s      2               0    1.217346e-06         423         423         411        19.524            0.009     19.609         19.610   19.619       19.618    0.162       0.160        11141949004997    2.9570370   29.0290950      100114      6   55425.340317200         524    19.555    21.827     27.595    1.850       4.710           0      131072            0            1    11141949 
   55425.350517200        19.507        0.072      1001142060001251    2.9569880   29.0291450   00h11m49.68s   29d01m44.92s      2               0    1.217346e-06         423         423         411        19.524            0.009     19.609         19.610   19.619       19.618    0.162       0.160        11141931005031    2.9569350   29.0291180      100114      6   55425.353677200         524    19.518    21.791     27.603    1.950       4.315           0      131072            0            1    11141931 
   55425.363627200        19.534        0.075      1001142060001251    2.9569880   29.0291450   00h11m49.68s   29d01m44.92s      2               0    1.217346e-06         423         423         411        19.524            0.009     19.609         19.610   19.619       19.618    0.162       0.160        11141741005128    2.9569590   29.0290840      100114      6   55425.366777200         524    19.546    21.864     27.609    1.850       4.102           0      131072            0            1    11141741 
   55425.376027200        19.589        0.081      1001142060001251    2.9569880   29.0291450   00h11m49.68s   29d01m44.92s      2               0    1.217346e-06         423         423         411        19.524            0.009     19.609         19.610   19.619       19.618    0.162       0.160        11141721005175    2.9569400   29.0291110      100114      6   55425.379187200         524    19.597    21.941     27.614    1.750       3.741           0      131072            0            1    11141721 
   55425.388077200        19.614        0.074      1001142060001251    2.9569880   29.0291450   00h11m49.68s   29d01m44.92s      2               0    1.217346e-06         423         423         411        19.524            0.009     19.609         19.610   19.619       19.618    0.162       0.160        11141831005175    2.9568910   29.0291260      100114      6   55425.391237200         524    19.619    21.932     27.616    1.750       3.795           0      131072            0            1    11141831 
   55425.404397200        19.520        0.073      1001142060001251    2.9569880   29.0291450   00h11m49.68s   29d01m44.92s      2               0    1.217346e-06         423         423         411        19.524            0.009     19.609         19.610   19.619       19.618    0.162       0.160        11141784005344    2.9569500   29.0291140      100114      6   55425.407557200         524    19.522    21.953     27.618    1.750       3.696           0      131072            0            1    11141784 
   55425.418827200        19.545        0.077      1001142060001251    2.9569880   29.0291450   00h11m49.68s   29d01m44.92s      2               0    1.217346e-06         423         423         411        19.524            0.009     19.609         19.610   19.619       19.618    0.162       0.160        11141881005223    2.9569340   29.0291570      100114      6   55425.421987200         524    19.550    21.910     27.618    1.850       4.073           0      131072            0            1    11141881 
   55425.433137200        19.676        0.074      1001142060001251    2.9569880   29.0291450   00h11m49.68s   29d01m44.92s      2               0    1.217346e-06         423         423         411        19.524            0.009     19.609         19.610   19.619       19.618    0.162       0.160        11141759005230    2.9569250   29.0290810      100114      6   55425.436297200         524    19.684    21.967     27.616    1.750       3.564           0      131072            0            1    11141759 
   55425.447817200        19.616        0.077      1001142060001251    2.9569880   29.0291450   00h11m49.68s   29d01m44.92s      2               0    1.217346e-06         423         423         411        19.524            0.009     19.609         19.610   19.619       19.618    0.162       0.160        11141908005071    2.9570340   29.0291290      100114      6   55425.450977200         524    19.619    21.839     27.611    1.950       4.455           0      131072            0            1    11141908 
   55425.462417200        19.691        0.074      1001142060001251    2.9569880   29.0291450   00h11m49.68s   29d01m44.92s      2               0    1.217346e-06         423         423         411        19.524            0.009     19.609         19.610   19.619       19.618    0.162       0.160        11141844004721    2.9569590   29.0291140      100114      6   55425.465587200         524    19.684    21.780     27.605    2.050       3.790           0      131072            0            1    11141844 
   55425.474857200        19.431        0.084      1001142060001251    2.9569880   29.0291450   00h11m49.68s   29d01m44.92s      2               0    1.217346e-06         423         423         411        19.524            0.009     19.609         19.610   19.619       19.618    0.162       0.160        11141807004379    2.9568100   29.0291730      100114      6   55425.478027200         524    19.428    21.402     27.598    2.450       4.450           0      131072            0            1    11141807 
   55425.490117200        19.681        0.086      1001142060001251    2.9569880   29.0291450   00h11m49.68s   29d01m44.92s      2               0    1.217346e-06         423         423         411        19.524            0.009     19.609         19.610   19.619       19.618    0.162       0.160        11141887004885    2.9569260   29.0291160      100114      6   55425.493277200         524    19.667    21.711     27.588    2.050       3.749           0      131072            0            1    11141887 
   55425.508007200        19.373        0.098      1001142060001251    2.9569880   29.0291450   00h11m49.68s   29d01m44.92s      2               0    1.217346e-06         423         423         411        19.524            0.009     19.609         19.610   19.619       19.618    0.162       0.160        11141907004050    2.9570370   29.0291320      100114      6   55425.511177200         524    19.351    21.178     27.573    1.850       5.770           0      131072            0            1    11141907 
   55426.298337200        19.552        0.107      1001142060001251    2.9569880   29.0291450   00h11m49.68s   29d01m44.92s      2               0    1.217346e-06         423         423         411        19.524            0.009     19.609         19.610   19.619       19.618    0.162       0.160        11198449004156    2.9570180   29.0290890      100114      6   55426.301557200         525    19.661    21.363     27.579    1.950       4.089           0      131072            0            1    11198449 
   55426.323307200        19.495        0.096      1001142060001251    2.9569880   29.0291450   00h11m49.68s   29d01m44.92s      2               0    1.217346e-06         423         423         411        19.524            0.009     19.609         19.610   19.619       19.618    0.162       0.160        11198500004678    2.9568800   29.0290760      100114      6   55426.326537200         525    19.546    21.648     27.604    1.950       4.018           0      131072            0            1    11198500 
   55426.336037200        19.411        0.094      1001142060001251    2.9569880   29.0291450   00h11m49.68s   29d01m44.92s      2               0    1.217346e-06         423         423         411        19.524            0.009     19.609         19.610   19.619       19.618    0.162       0.160        11198463005104    2.9569360   29.0290770      100114      6   55426.339267200         525    19.382    21.828     27.612    1.850       3.765           0      131072            0            1    11198463 
   55426.350587200        19.439        0.089      1001142060001251    2.9569880   29.0291450   00h11m49.68s   29d01m44.92s      2               0    1.217346e-06         423         423         411        19.524            0.009     19.609         19.610   19.619       19.618    0.162       0.160        11198423005152    2.9569900   29.0291260      100114      6   55426.353817200         525    19.413    21.803     27.619    1.950       4.440           0      131072            0            1    11198423 
   55426.364347200        19.638        0.094      1001142060001251    2.9569880   29.0291450   00h11m49.68s   29d01m44.92s      2               0    1.217346e-06         423         423         411        19.524            0.009     19.609         19.610   19.619       19.618    0.162       0.160        11198510005312    2.9570260   29.0290650      100114      6   55426.367577200         525    19.617    21.765     27.623    2.050       4.429           0      131072            0            1    11198510 
   55426.378217200        19.419        0.095      1001142060001251    2.9569880   29.0291450   00h11m49.68s   29d01m44.92s      2               0    1.217346e-06         423         423         411        19.524            0.009     19.609         19.610   19.619       19.618    0.162       0.160        11198411005166    2.9569890   29.0291220      100114      6   55426.381447200         525    19.400    21.786     27.626    2.050       4.013           0      131072            0            1    11198411 
   55426.392757200        19.580        0.092      1001142060001251    2.9569880   29.0291450   00h11m49.68s   29d01m44.92s      2               0    1.217346e-06         423         423         411        19.524            0.009     19.609         19.610   19.619       19.618    0.162       0.160        11198443005435    2.9569270   29.0290610      100114      6   55426.395987200         525    19.556    21.837     27.626    1.950       4.319           0      131072            0            1    11198443 
   55426.406357200        19.690        0.099      1001142060001251    2.9569880   29.0291450   00h11m49.68s   29d01m44.92s      2               0    1.217346e-06         423         423         411        19.524            0.009     19.609         19.610   19.619       19.618    0.162       0.160        11198401005364    2.9568540   29.0291250      100114      6   55426.409587200         525    19.664    21.906     27.625    1.850       3.355           0      131072            0            1    11198401 
   55426.418877200        19.627        0.093      1001142060001251    2.9569880   29.0291450   00h11m49.68s   29d01m44.92s      2               0    1.217346e-06         423         423         411        19.524            0.009     19.609         19.610   19.619       19.618    0.162       0.160        11198404005239    2.9569530   29.0291410      100114      6   55426.422107200         525    19.602    21.847     27.622    1.950       4.257           0      131072            0            1    11198404 
   55426.430467200        19.618        0.102      1001142060001251    2.9569880   29.0291450   00h11m49.68s   29d01m44.92s      2               0    1.217346e-06         423         423         411        19.524            0.009     19.609         19.610   19.619       19.618    0.162       0.160        11198542004940    2.9568900   29.0290790      100114      6   55426.433697200         525    19.603    21.667     27.619    1.950       3.738           0      131072            0            1    11198542 
   55426.460817200        19.510        0.097      1001142060001251    2.9569880   29.0291450   00h11m49.68s   29d01m44.92s      2               0    1.217346e-06         423         423         411        19.524            0.009     19.609         19.610   19.619       19.618    0.162       0.160        11198420005250    2.9569750   29.0291640      100114      6   55426.464057200         525    19.466    21.878     27.602    1.850       3.821           0      131072            0            1    11198420 
   55426.473597200        19.730        0.140      1001142060001251    2.9569880   29.0291450   00h11m49.68s   29d01m44.92s      2               0    1.217346e-06         423         423         411        19.524            0.009     19.609         19.610   19.619       19.618    0.162       0.160        11198486004425    2.9570070   29.0290960      100114      6   55426.476837200         525    19.834    21.555     27.592    2.050       5.948           0      131072            0            1    11198486 
   55426.489177200        19.486        0.090      1001142060001251    2.9569880   29.0291450   00h11m49.68s   29d01m44.92s      2               0    1.217346e-06         423         423         411        19.524            0.009     19.609         19.610   19.619       19.618    0.162       0.160        11198427005017    2.9570340   29.0290920      100114      6   55426.492417200         525    19.424    21.687     27.578    2.050       4.225           0      131072            0            1    11198427 
   55428.291957200        19.720        0.097      1001142060001251    2.9569880   29.0291450   00h11m49.68s   29d01m44.92s      2               0    1.217346e-06         423         423         411        19.524            0.009     19.609         19.610   19.619       19.618    0.162       0.160        11194687004090    2.9569790   29.0291570      100114      6   55428.295317200         527    19.725    21.113     27.647    2.250       6.312           0      131072            0            1    11194687 
   55428.308157200        19.437        0.107      1001142060001251    2.9569880   29.0291450   00h11m49.68s   29d01m44.92s      2               0    1.217346e-06         423         423         411        19.524            0.009     19.609         19.610   19.619       19.618    0.162       0.160        11194616004353    2.9570000   29.0291910      100114      6   55428.311517200         527    19.444    21.311     27.656    1.950       4.567           0      131072            0            1    11194616 
   55428.321847200        19.466        0.089      1001142060001251    2.9569880   29.0291450   00h11m49.68s   29d01m44.92s      2               0    1.217346e-06         423         423         411        19.524            0.009     19.609         19.610   19.619       19.618    0.162       0.160        11194651004236    2.9569430   29.0291630      100114      6   55428.325207200         527    19.480    21.226     27.663    2.150       6.235           0      131072            0            1    11194651 
   55428.336167200        19.541        0.075      1001142060001251    2.9569880   29.0291450   00h11m49.68s   29d01m44.92s      2               0    1.217346e-06         423         423         411        19.524            0.009     19.609         19.610   19.619       19.618    0.162       0.160        11194587004543    2.9569560   29.0291080      100114      6   55428.339527200         527    19.553    21.426     27.668    1.850       4.348           0      131072            0            1    11194587 
   55428.363187200        19.763        0.083      1001142060001251    2.9569880   29.0291450   00h11m49.68s   29d01m44.92s      2               0    1.217346e-06         423         423         411        19.524            0.009     19.609         19.610   19.619       19.618    0.162       0.160        11194549004635    2.9570770   29.0291360      100114      6   55428.366547200         527    19.773    21.491     27.676    1.850       4.153           0      131072            0            1    11194549 
   55428.377497200        19.658        0.093      1001142060001251    2.9569880   29.0291450   00h11m49.68s   29d01m44.92s      2               0    1.217346e-06         423         423         411        19.524            0.009     19.609         19.610   19.619       19.618    0.162       0.160        11194527004637    2.9569040   29.0291170      100114      6   55428.380867200         527    19.672    21.509     27.678    1.950       3.529           0      131072            0            1    11194527 
   55428.389627200        19.744        0.085      1001142060001251    2.9569880   29.0291450   00h11m49.68s   29d01m44.92s      2               0    1.217346e-06         423         423         411        19.524            0.009     19.609         19.610   19.619       19.618    0.162       0.160        11194569004787    2.9570020   29.0291490      100114      6   55428.392997200         527    19.757    21.649     27.680    1.850       4.327           0      131072            0            1    11194569 
   55428.411677200        19.458        0.064      1001142060001251    2.9569880   29.0291450   00h11m49.68s   29d01m44.92s      2               0    1.217346e-06         423         423         411        19.524            0.009     19.609         19.610   19.619       19.618    0.162       0.160        11194550005087    2.9569530   29.0291290      100114      6   55428.415047200         527    19.469    21.800     27.682    1.950       3.916           0      131072            0            1    11194550 
   55428.426357200        19.633        0.070      1001142060001251    2.9569880   29.0291450   00h11m49.68s   29d01m44.92s      2               0    1.217346e-06         423         423         411        19.524            0.009     19.609         19.610   19.619       19.618    0.162       0.160        11194633005818    2.9569960   29.0291140      100114      6   55428.429717200         527    19.643    21.756     27.682    2.050       4.410           0      131072            0            1    11194633 
   55428.439377200        19.578        0.072      1001142060001251    2.9569880   29.0291450   00h11m49.68s   29d01m44.92s      2               0    1.217346e-06         423         423         411        19.524            0.009     19.609         19.610   19.619       19.618    0.162       0.160        11194508005243    2.9569370   29.0291180      100114      6   55428.442737200         527    19.588    21.870     27.682    1.850       3.698           0      131072            0            1    11194508 
   55428.453277200        19.608        0.071      1001142060001251    2.9569880   29.0291450   00h11m49.68s   29d01m44.92s      2               0    1.217346e-06         423         423         411        19.524            0.009     19.609         19.610   19.619       19.618    0.162       0.160        11194522005090    2.9569690   29.0291790      100114      6   55428.456647200         527    19.617    21.744     27.680    2.050       3.903           0      131072            0            1    11194522 
   55428.465197200        19.700        0.072      1001142060001251    2.9569880   29.0291450   00h11m49.68s   29d01m44.92s      2               0    1.217346e-06         423         423         411        19.524            0.009     19.609         19.610   19.619       19.618    0.162       0.160        11194476005048    2.9568710   29.0291530      100114      6   55428.468567200         527    19.712    21.784     27.678    1.950       3.678           0      131072            0            1    11194476 
   55428.478057200        19.613        0.079      1001142060001251    2.9569880   29.0291450   00h11m49.68s   29d01m44.92s      2               0    1.217346e-06         423         423         411        19.524            0.009     19.609         19.610   19.619       19.618    0.162       0.160        11194525005371    2.9569220   29.0291250      100114      6   55428.481427200         527    19.624    21.705     27.676    2.050       4.480           0      131072            0            1    11194525 
   55428.491407200        19.471        0.065      1001142060001251    2.9569880   29.0291450   00h11m49.68s   29d01m44.92s      2               0    1.217346e-06         423         423         411        19.524            0.009     19.609         19.610   19.619       19.618    0.162       0.160        11194711004725    2.9569520   29.0290810      100114      6   55428.494777200         527    19.480    21.549     27.673    2.050       5.216           0      131072            0            1    11194711 
   55428.510497200        19.519        0.119      1001142060001251    2.9569880   29.0291450   00h11m49.68s   29d01m44.92s      2               0    1.217346e-06         423         423         411        19.524            0.009     19.609         19.610   19.619       19.618    0.162       0.160        11194520003545    2.9570250   29.0291380      100114      6   55428.513867200         527    19.524    20.897     27.667    2.150       4.877           0      131072            0            1    11194520 
   55429.289977200        19.544        0.096      1001142060001251    2.9569880   29.0291450   00h11m49.68s   29d01m44.92s      2               0    1.217346e-06         423         423         411        19.524            0.009     19.609         19.610   19.619       19.618    0.162       0.160        11192972004013    2.9569870   29.0292170      100114      6   55429.293397200         528    19.548    21.039     27.643    2.150       3.781           0      131072            0            1    11192972 
   55429.303857200        19.727        0.098      1001142060001251    2.9569880   29.0291450   00h11m49.68s   29d01m44.92s      2               0    1.217346e-06         423         423         411        19.524            0.009     19.609         19.610   19.619       19.618    0.162       0.160        11192909004088    2.9569070   29.0290730      100114      6   55429.307277200         528    19.736    21.175     27.650    1.950       3.551           0      131072            0            1    11192909 
   55429.325947200        19.868        0.098      1001142060001251    2.9569880   29.0291450   00h11m49.68s   29d01m44.92s      2               0    1.217346e-06         423         423         411        19.524            0.009     19.609         19.610   19.619       19.618    0.162       0.160        11192969003963    2.9569180   29.0291400      100114      6   55429.329377200         528    19.874    20.817     27.659    2.850       5.171           0      131072            0            1    11192969 
   55429.338257200        19.562        0.100      1001142060001251    2.9569880   29.0291450   00h11m49.68s   29d01m44.92s      2               0    1.217346e-06         423         423         411        19.524            0.009     19.609         19.610   19.619       19.618    0.162       0.160        11192989004329    2.9570720   29.0291940      100114      6   55429.341677200         528    19.570    21.313     27.663    1.850       4.676           0      131072            0            1    11192989 
   55429.350427200        19.712        0.087      1001142060001251    2.9569880   29.0291450   00h11m49.68s   29d01m44.92s      2               0    1.217346e-06         423         423         411        19.524            0.009     19.609         19.610   19.619       19.618    0.162       0.160        11192990004130    2.9569520   29.0291200      100114      6   55429.353857200         528    19.716    21.343     27.666    1.850       3.488           0      131072            0            1    11192990 
   55429.363447200        19.396        0.076      1001142060001251    2.9569880   29.0291450   00h11m49.68s   29d01m44.92s      2               0    1.217346e-06         423         423         411        19.524            0.009     19.609         19.610   19.619       19.618    0.162       0.160        11193077004250    2.9570750   29.0292120      100114      6   55429.366877200         528    19.399    21.308     27.669    1.950       4.979           0      131072            0            1    11193077 
   55429.378167200        19.617        0.089      1001142060001251    2.9569880   29.0291450   00h11m49.68s   29d01m44.92s      2               0    1.217346e-06         423         423         411        19.524            0.009     19.609         19.610   19.619       19.618    0.162       0.160        11192950004682    2.9569370   29.0290970      100114      6   55429.381597200         528    19.620    21.391     27.671    1.850       4.050           0      131072            0            1    11192950 
   55429.392507200        19.512        0.092      1001142060001251    2.9569880   29.0291450   00h11m49.68s   29d01m44.92s      2               0    1.217346e-06         423         423         411        19.524            0.009     19.609         19.610   19.619       19.618    0.162       0.160        11192927004542    2.9569290   29.0290160      100114      6   55429.395937200         528    19.515    21.370     27.672    1.950       3.980           0      131072            0            1    11192927 
   55429.407947200        19.800        0.090      1001142060001251    2.9569880   29.0291450   00h11m49.68s   29d01m44.92s      2               0    1.217346e-06         423         423         411        19.524            0.009     19.609         19.610   19.619       19.618    0.162       0.160        11193021004529    2.9569550   29.0290980      100114      6   55429.411377200         528    19.802    21.410     27.673    1.950       4.261           0      131072            0            1    11193021 
   55429.422387200        19.834        0.086      1001142060001251    2.9569880   29.0291450   00h11m49.68s   29d01m44.92s      2               0    1.217346e-06         423         423         411        19.524            0.009     19.609         19.610   19.619       19.618    0.162       0.160        11193084004632    2.9569790   29.0291030      100114      6   55429.425817200         528    19.839    21.511     27.673    1.950       4.426           0      131072            0            1    11193084 
   55429.434587200        19.454        0.068      1001142060001251    2.9569880   29.0291450   00h11m49.68s   29d01m44.92s      2               0    1.217346e-06         423         423         411        19.524            0.009     19.609         19.610   19.619       19.618    0.162       0.160        11192920004790    2.9569960   29.0291290      100114      6   55429.438017200         528    19.460    21.599     27.673    2.050       4.172           0      131072            0            1    11192920 
   55429.447877200        19.524        0.066      1001142060001251    2.9569880   29.0291450   00h11m49.68s   29d01m44.92s      2               0    1.217346e-06         423         423         411        19.524            0.009     19.609         19.610   19.619       19.618    0.162       0.160        11193089005207    2.9569430   29.0291270      100114      6   55429.451317200         528    19.529    21.814     27.671    1.950       4.657           0      131072            0            1    11193089 
   55429.460877200        19.454        0.064      1001142060001251    2.9569880   29.0291450   00h11m49.68s   29d01m44.92s      2               0    1.217346e-06         423         423         411        19.524            0.009     19.609         19.610   19.619       19.618    0.162       0.160        11192939005281    2.9569640   29.0291880      100114      6   55429.464317200         528    19.461    21.836     27.669    1.950       4.140           0      131072            0            1    11192939 
   55429.496887200        19.659        0.076      1001142060001251    2.9569880   29.0291450   00h11m49.68s   29d01m44.92s      2               0    1.217346e-06         423         423         411        19.524            0.009     19.609         19.610   19.619       19.618    0.162       0.160        11193044004995    2.9568690   29.0290890      100114      6   55429.500327200         528    19.663    21.703     27.661    2.050       3.720           0      131072            0            1    11193044 
   55534.157547200        19.630        0.348      1001142060001251    2.9569880   29.0291450   00h11m49.68s   29d01m44.92s      2               0    1.217346e-06         423         423         411        19.524            0.009     19.609         19.610   19.619       19.618    0.162       0.160        10652245003867    2.9569200   29.0290650      100114      6   55534.160537200         634    19.753    21.279     27.403    1.950       4.431           0      131072            0            1    10652245 
   55535.281217200        19.544        0.212      1001142060001251    2.9569880   29.0291450   00h11m49.68s   29d01m44.92s      2               0    1.217346e-06         423         423         411        19.524            0.009     19.609         19.610   19.619       19.618    0.162       0.160        10697390004466    2.9568940   29.0291980      100114      6   55535.284127200         635    19.631    21.398     27.721    2.250       4.515           0      131072            0            1    10697390 
   55541.099387200        19.596        0.157      1001142060001251    2.9569880   29.0291450   00h11m49.68s   29d01m44.92s      2               0    1.217346e-06         423         423         411        19.524            0.009     19.609         19.610   19.619       19.618    0.162       0.160        10678008004457    2.9569790   29.0291300      100114      6   55541.101837200         641    19.603    21.349     27.672    2.350       4.245           0      131072            0            1    10678008 
   55541.143167200        20.251        0.220      1001142060001251    2.9569880   29.0291450   00h11m49.68s   29d01m44.92s      2               0    1.217346e-06         423         423         411        19.524            0.009     19.609         19.610   19.619       19.618    0.162       0.160        10678401002633    2.9571740   29.0291220      100114      6   55541.145617200         641    20.950    21.014     27.730    2.150       2.681           0           0            0            1    10678401 
   55542.095217200        19.492        0.141      1001142060001251    2.9569880   29.0291450   00h11m49.68s   29d01m44.92s      2               0    1.217346e-06         423         423         411        19.524            0.009     19.609         19.610   19.619       19.618    0.162       0.160        13776404003294    2.9570110   29.0291170      100114      6   55542.097587200         642    19.551    20.830     27.694    3.450       4.494           0      131072            0            1    13776404 
   55542.139567200        19.379        0.154      1001142060001251    2.9569880   29.0291450   00h11m49.68s   29d01m44.92s      2               0    1.217346e-06         423         423         411        19.524            0.009     19.609         19.610   19.619       19.618    0.162       0.160        13776431002815    2.9570900   29.0292380      100114      6   55542.141937200         642    19.378    20.383     27.528    3.650       6.898           0      131072            0            1    13776431 
   55558.213927200        19.639        0.110      1001142060001251    2.9569880   29.0291450   00h11m49.68s   29d01m44.92s      2               0    1.217346e-06         423         423         411        19.524            0.009     19.609         19.610   19.619       19.618    0.162       0.160        10709511004252    2.9570100   29.0291110      100114      6   55558.214887200         655    19.632    21.273     27.614    2.150       5.441           0      131072            0            1    10709511 
   55558.271377200        19.952        0.143      1001142060001251    2.9569880   29.0291450   00h11m49.68s   29d01m44.92s      2               0    1.217346e-06         423         423         411        19.524            0.009     19.609         19.610   19.619       19.618    0.162       0.160        10709512003625    2.9570300   29.0290580      100114      6   55558.272337200         655    19.959    20.853     27.574    2.350       4.106           0      131072            0            1    10709512 
   55579.156017200        19.543        0.159      1001142060001251    2.9569880   29.0291450   00h11m49.68s   29d01m44.92s      2               0    1.217346e-06         423         423         411        19.524            0.009     19.609         19.610   19.619       19.618    0.162       0.160         9782278003112    2.9570680   29.0289510      100114      6   55579.155057200         678    19.551    20.710     27.636    2.150       5.132           0           0            0            1     9782278 
   55584.132047200        19.744        0.088      1001142060001251    2.9569880   29.0291450   00h11m49.68s   29d01m44.92s      2               0    1.217346e-06         423         423         411        19.524            0.009     19.609         19.610   19.619       19.618    0.162       0.160         9808957004412    2.9569720   29.0291190      100114      6   55584.130637200         683    19.750    21.294     27.638    2.250       5.838           0      131072            0            1     9808957 
   55584.182437200        19.929        0.148      1001142060001251    2.9569880   29.0291450   00h11m49.68s   29d01m44.92s      2               0    1.217346e-06         423         423         411        19.524            0.009     19.609         19.610   19.619       19.618    0.162       0.160         9808947003186    2.9568860   29.0291070      100114      6   55584.181027200         683    19.939    20.677     27.585    3.250       4.815           0           0            0            1     9808947 
   55585.179607200        19.291        0.113      1001142060001251    2.9569880   29.0291450   00h11m49.68s   29d01m44.92s      2               0    1.217346e-06         423         423         411        19.524            0.009     19.609         19.610   19.619       19.618    0.162       0.160         9806296003258    2.9569550   29.0292090      100114      6   55585.178097200         684    19.294    20.616     27.572    3.250       7.798           0      131072            0            1     9806296 
   55779.256517200        19.784        0.098      1001142060001251    2.9569880   29.0291450   00h11m49.68s   29d01m44.92s      2               0    1.217346e-06         423         423         411        19.524            0.009     19.609         19.610   19.619       19.618    0.162       0.160        10316383003838    2.9569760   29.0291540      100114      6   55779.258837200         877    19.764    20.928     27.475    2.450       4.022           0      131072            0            1    10316383 
   55779.299377200        19.662        0.079      1001142060001251    2.9569880   29.0291450   00h11m49.68s   29d01m44.92s      2               0    1.217346e-06         423         423         411        19.524            0.009     19.609         19.610   19.619       19.618    0.162       0.160        10316555004721    2.9569970   29.0291590      100114      6   55779.301697200         877    19.654    21.540     27.532    1.950       3.799           0      131072            0            1    10316555 
   55780.252137200        19.767        0.103      1001142060001251    2.9569880   29.0291450   00h11m49.68s   29d01m44.92s      2               0    1.217346e-06         423         423         411        19.524            0.009     19.609         19.610   19.619       19.618    0.162       0.160        10350625003918    2.9570660   29.0291230      100114      6   55780.254537200         878    19.755    20.944     27.482    2.150       4.240           0      131072            0            1    10350625 
   55780.296807200        19.707        0.090      1001142060001251    2.9569880   29.0291450   00h11m49.68s   29d01m44.92s      2               0    1.217346e-06         423         423         411        19.524            0.009     19.609         19.610   19.619       19.618    0.162       0.160        10350740004017    2.9568090   29.0291720      100114      6   55780.299207200         878    19.706    21.337     27.537    2.150       4.255           0      131072            0            1    10350740 
   55782.250877200        19.721        0.151      1001142060001251    2.9569880   29.0291450   00h11m49.68s   29d01m44.92s      2               0    1.217346e-06         423         423         411        19.524            0.009     19.609         19.610   19.619       19.618    0.162       0.160        10353420003203    2.9571000   29.0292050      100114      6   55782.253427200         880    19.720    20.528     27.479    2.650       3.230           0      131072            0            1    10353420 
   55782.303637200        19.932        0.114      1001142060001251    2.9569880   29.0291450   00h11m49.68s   29d01m44.92s      2               0    1.217346e-06         423         423         411        19.524            0.009     19.609         19.610   19.619       19.618    0.162       0.160        10353354003931    2.9570050   29.0291280      100114      6   55782.306187200         880    19.942    20.897     27.543    2.450       6.265           0      131072            0            1    10353354 
   55783.257337200        19.895        0.164      1001142060001251    2.9569880   29.0291450   00h11m49.68s   29d01m44.92s      2               0    1.217346e-06         423         423         411        19.524            0.009     19.609         19.610   19.619       19.618    0.162       0.160        10358010002714    2.9570180   29.0290410      100114      6   55783.259957200         881    19.879    20.112     27.478    3.850       2.890           0           0            0            1    10358010 
   55783.300977200        19.717        0.127      1001142060001251    2.9569880   29.0291450   00h11m49.68s   29d01m44.92s      2               0    1.217346e-06         423         423         411        19.524            0.009     19.609         19.610   19.619       19.618    0.162       0.160        10357986003335    2.9570590   29.0291670      100114      6   55783.303597200         881    19.712    20.520     27.530    3.150       3.399           0      131072            0            1    10357986 
   55793.206157200        19.612        0.111      1001142060001251    2.9569880   29.0291450   00h11m49.68s   29d01m44.92s      2               0    1.217346e-06         423         423         411        19.524            0.009     19.609         19.610   19.619       19.618    0.162       0.160        10377768004086    2.9569140   29.0290680      100114      6   55793.209487200         891    19.600    21.095     27.460    2.450       6.547           0      131072            0            1    10377768 
   55793.250257200        19.812        0.107      1001142060001251    2.9569880   29.0291450   00h11m49.68s   29d01m44.92s      2               0    1.217346e-06         423         423         411        19.524            0.009     19.609         19.610   19.619       19.618    0.162       0.160        10377837003515    2.9568980   29.0291200      100114      6   55793.253587200         891    19.807    20.830     27.526    2.250       3.750           0      131072            0            1    10377837 
   55809.166937200        19.512        0.131      1001142060001251    2.9569880   29.0291450   00h11m49.68s   29d01m44.92s      2               0    1.217346e-06         423         423         411        19.524            0.009     19.609         19.610   19.619       19.618    0.162       0.160        10480861002874    2.9567800   29.0291160      100114      6   55809.171207200         907    19.539    20.290     27.306    3.050       6.640           0      131072            0            1    10480861 
   55821.413337200        20.093        0.192      1001142060001251    2.9569880   29.0291450   00h11m49.68s   29d01m44.92s      2               0    1.217346e-06         423         423         411        19.524            0.009     19.609         19.610   19.619       19.618    0.162       0.160        10510181003078    2.9569260   29.0291270      100114      6   55821.418127200         919    20.093    20.579     27.550    2.350       2.847           0           0            0            1    10510181 
   55822.363587200        19.454        0.112      1001142060001251    2.9569880   29.0291450   00h11m49.68s   29d01m44.92s      2               0    1.217346e-06         423         423         411        19.524            0.009     19.609         19.610   19.619       19.618    0.162       0.160        10515122003579    2.9568730   29.0292000      100114      6   55822.368417200         920    19.461    20.751     27.546    2.650       5.859           0      131072            0            1    10515122 
   55822.406567200        19.803        0.112      1001142060001251    2.9569880   29.0291450   00h11m49.68s   29d01m44.92s      2               0    1.217346e-06         423         423         411        19.524            0.009     19.609         19.610   19.619       19.618    0.162       0.160        10515141003723    2.9568720   29.0290610      100114      6   55822.411387200         920    19.809    20.969     27.544    2.050       4.537           0      131072            0            1    10515141 
   55838.116477200        19.299        0.110      1001142060001251    2.9569880   29.0291450   00h11m49.68s   29d01m44.92s      2               0    1.217346e-06         423         423         411        19.524            0.009     19.609         19.610   19.619       19.618    0.162       0.160        10569624003524    2.9570410   29.0290560      100114      6   55838.121647200         936    19.291    20.739     27.431    2.450       7.219           0      131072            0            1    10569624 
   55838.195117200        19.688        0.117      1001142060001251    2.9569880   29.0291450   00h11m49.68s   29d01m44.92s      2               0    1.217346e-06         423         423         411        19.524            0.009     19.609         19.610   19.619       19.618    0.162       0.160        10569664003955    2.9569350   29.0291280      100114      6   55838.200287200         936    19.677    20.964     27.489    2.450       4.809           0      131072            0            1    10569664 
   56203.110667200        19.588        0.119      1001142060001251    2.9569880   29.0291450   00h11m49.68s   29d01m44.92s      2               0    1.217346e-06         423         423         411        19.524            0.009     19.609         19.610   19.619       19.618    0.162       0.160        14294087003498    2.9569870   29.0291470      100114      6   56203.115837200        1300    19.611    20.672     27.606    3.250       6.750           0      131072            0            1    14294087 
   56203.138757200        19.494        0.129      1001142060001251    2.9569880   29.0291450   00h11m49.68s   29d01m44.92s      2               0    1.217346e-06         423         423         411        19.524            0.009     19.609         19.610   19.619       19.618    0.162       0.160        14294120003244    2.9569760   29.0291340      100114      6   56203.143927200        1300    19.509    20.711     27.645    2.150       4.976           0      131072            0            1    14294120 
   56203.167877200        19.653        0.142      1001142060001251    2.9569880   29.0291450   00h11m49.68s   29d01m44.92s      2               0    1.217346e-06         423         423         411        19.524            0.009     19.609         19.610   19.619       19.618    0.162       0.160        14294148003015    2.9571400   29.0291360      100114      6   56203.173047200        1300    19.659    20.789     27.671    1.950       5.036           0      131072            0            1    14294148 
   56537.326577200        19.593        0.077      1001142060001251    2.9569880   29.0291450   00h11m49.68s   29d01m44.92s      2               0    1.217346e-06         423         423         411        19.524            0.009     19.609         19.610   19.619       19.618    0.162       0.160        18124330004727    2.9570240   29.0291960      100114      6   56537.330727200        1611    19.598    21.843     27.600    1.850       4.389           0      131072            0            1    18124330 
   56537.518877200        19.789        0.106      1001142060001251    2.9569880   29.0291450   00h11m49.68s   29d01m44.92s      2               0    1.217346e-06         423         423         411        19.524            0.009     19.609         19.610   19.619       19.618    0.162       0.160        18124487003792    2.9569340   29.0290910      100114      6   56537.523037200        1611    19.800    21.118     27.575    1.850       5.418           0      131072            0            1    18124487 
   56540.454177200        19.553        0.131      1001142060001251    2.9569880   29.0291450   00h11m49.68s   29d01m44.92s      2               0    1.217346e-06         423         423         411        19.524            0.009     19.609         19.610   19.619       19.618    0.162       0.160        18197418005097    2.9570520   29.0291540      100114      6   56540.458497200        1614    19.486    21.677     27.527    1.950       4.098           0      131072            0            1    18197418 
   56545.226097200        19.616        0.102      1001142060001251    2.9569880   29.0291450   00h11m49.68s   29d01m44.92s      2               0    1.217346e-06         423         423         411        19.524            0.009     19.609         19.610   19.619       19.618    0.162       0.160        18261747004347    2.9570610   29.0291130      100114      6   56545.230637200        1619    19.478    21.274     27.302    2.050       4.043           0      131072            0            1    18261747 
   56600.264077200        19.667        0.098      1001142060001251    2.9569880   29.0291450   00h11m49.68s   29d01m44.92s      2               0    1.217346e-06         423         423         411        19.524            0.009     19.609         19.610   19.619       19.618    0.162       0.160        18183309004807    2.9569790   29.0291320      100114      6   56600.268797200        1674    19.662    21.610     27.631    2.150       4.349           0      131072            0            1    18183309 
   56606.100207200        19.425        0.396      1001142060001251    2.9569880   29.0291450   00h11m49.68s   29d01m44.92s      2               0    1.217346e-06         423         423         411        19.524            0.009     19.609         19.610   19.619       19.618    0.162       0.160        18296938002838    2.9569650   29.0291250      100114      6   56606.104677200        1680    19.404    20.316     27.210    2.250       5.101           0      131072            0            1    18296938 
   56606.160287200        19.294        0.398      1001142060001251    2.9569880   29.0291450   00h11m49.68s   29d01m44.92s      2               0    1.217346e-06         423         423         411        19.524            0.009     19.609         19.610   19.619       19.618    0.162       0.160        18296981002473    2.9569210   29.0290620      100114      6   56606.164757200        1680    19.573    20.496     27.363    2.050       3.166           0      131072            0            1    18296981 
   56606.185397200        19.485        0.382      1001142060001251    2.9569880   29.0291450   00h11m49.68s   29d01m44.92s      2               0    1.217346e-06         423         423         411        19.524            0.009     19.609         19.610   19.619       19.618    0.162       0.160        18297010004336    2.9569700   29.0291190      100114      6   56606.189857200        1680    19.105    20.900     27.262    2.150       5.591           0      131072            0            1    18297010 
