   55059.431477200        16.839        0.025      1001142060001668    2.9463860   29.0656200   00h11m47.13s   29d03m56.23s      2               0    4.279419e-07         446         446         424        16.821            0.005     16.827         16.827   16.829       16.829    0.022       0.016        11898981005571    2.9463300   29.0656160      100114      6   55059.434587200         173    16.839    21.471     27.275    2.350       2.401           0      131072            0            1    11898981 
   55059.454527200        16.825        0.025      1001142060001668    2.9463860   29.0656200   00h11m47.13s   29d03m56.23s      2               0    4.279419e-07         446         446         424        16.821            0.005     16.827         16.827   16.829       16.829    0.022       0.016        11899087006431    2.9463220   29.0656180      100114      6   55059.457637200         173    16.821    21.484     27.273    2.350       2.447           0      131072            0            1    11899087 
   55061.424747200        16.839        0.025      1001142060001668    2.9463860   29.0656200   00h11m47.13s   29d03m56.23s      2               0    4.279419e-07         446         446         424        16.821            0.005     16.827         16.827   16.829       16.829    0.022       0.016        11894878005640    2.9463180   29.0656020      100114      6   55061.427997200         175    16.831    21.590     27.247    2.350       2.476           0      131072            0            1    11894878 
   55061.462657200        16.840        0.025      1001142060001668    2.9463860   29.0656200   00h11m47.13s   29d03m56.23s      2               0    4.279419e-07         446         446         424        16.821            0.005     16.827         16.827   16.829       16.829    0.022       0.016        11894740005807    2.9463120   29.0655870      100114      6   55061.465917200         175    16.819    21.695     27.235    2.150       2.320           0      131072            0            1    11894740 
   55063.441527200        16.842        0.025      1001142060001668    2.9463860   29.0656200   00h11m47.13s   29d03m56.23s      2               0    4.279419e-07         446         446         424        16.821            0.005     16.827         16.827   16.829       16.829    0.022       0.016        11890493006796    2.9462940   29.0655570      100114      6   55063.444907200         177    16.837    21.697     27.226    2.150       2.306           0      131072            0            1    11890493 
   55063.486237200        16.857        0.025      1001142060001668    2.9463860   29.0656200   00h11m47.13s   29d03m56.23s      2               0    4.279419e-07         446         446         424        16.821            0.005     16.827         16.827   16.829       16.829    0.022       0.016        11890517005856    2.9462900   29.0655760      100114      6   55063.489627200         177    16.869    21.727     27.223    2.050       2.147           0      131072            0            1    11890517 
   55066.469697200        16.843        0.028      1001142060001668    2.9463860   29.0656200   00h11m47.13s   29d03m56.23s      2               0    4.279419e-07         446         446         424        16.821            0.005     16.827         16.827   16.829       16.829    0.022       0.016        11884677005953    2.9463240   29.0656020      100114      6   55066.473277200         180    16.831    21.681     27.209    1.950       2.108           0      131072            0            1    11884677 
   55069.459987200        16.821        0.023      1001142060001668    2.9463860   29.0656200   00h11m47.13s   29d03m56.23s      2               0    4.279419e-07         446         446         424        16.821            0.005     16.827         16.827   16.829       16.829    0.022       0.016        11880766005400    2.9462520   29.0655770      100114      6   55069.463757200         183    16.826    21.404     27.266    2.350       2.677           0      131072            0            1    11880766 
   55084.358307200        16.828        0.026      1001142060001668    2.9463860   29.0656200   00h11m47.13s   29d03m56.23s      2               0    4.279419e-07         446         446         424        16.821            0.005     16.827         16.827   16.829       16.829    0.022       0.016        11839089004380    2.9462930   29.0656030      100114      6   55084.362847200         196    16.830    20.971     27.268    2.050       2.199           0      131072            0            1    11839089 
   55084.403037200        16.824        0.030      1001142060001668    2.9463860   29.0656200   00h11m47.13s   29d03m56.23s      2               0    4.279419e-07         446         446         424        16.821            0.005     16.827         16.827   16.829       16.829    0.022       0.016        11839119002302    2.9463490   29.0656520      100114      6   55084.407577200         196    16.814    19.710     27.264    6.450       6.928           0      131072            0            1    11839119 
   55089.350597200        16.844        0.024      1001142060001668    2.9463860   29.0656200   00h11m47.13s   29d03m56.23s      2               0    4.279419e-07         446         446         424        16.821            0.005     16.827         16.827   16.829       16.829    0.022       0.016        11854279005010    2.9463180   29.0656080      100114      6   55089.355347200         201    16.837    21.243     27.254    2.750       2.834           0      131072            0            1    11854279 
   55089.394887200        16.839        0.024      1001142060001668    2.9463860   29.0656200   00h11m47.13s   29d03m56.23s      2               0    4.279419e-07         446         446         424        16.821            0.005     16.827         16.827   16.829       16.829    0.022       0.016        11854251005414    2.9463080   29.0656250      100114      6   55089.399627200         201    16.838    21.536     27.272    2.150       2.274           0      131072            0            1    11854251 
   55093.335147200        16.839        0.022      1001142060001668    2.9463860   29.0656200   00h11m47.13s   29d03m56.23s      2               0    4.279419e-07         446         446         424        16.821            0.005     16.827         16.827   16.829       16.829    0.022       0.016        11854138005727    2.9462950   29.0655790      100114      6   55093.340027200         205    16.842    21.509     27.224    2.150       2.302           0      131072            0            1    11854138 
   55093.379747200        16.824        0.022      1001142060001668    2.9463860   29.0656200   00h11m47.13s   29d03m56.23s      2               0    4.279419e-07         446         446         424        16.821            0.005     16.827         16.827   16.829       16.829    0.022       0.016        11854093005802    2.9462780   29.0655710      100114      6   55093.384617200         205    16.831    21.605     27.232    2.050       2.238           0      131072            0            1    11854093 
   55095.329827200        16.839        0.023      1001142060001668    2.9463860   29.0656200   00h11m47.13s   29d03m56.23s      2               0    4.279419e-07         446         446         424        16.821            0.005     16.827         16.827   16.829       16.829    0.022       0.016        11932331005540    2.9463660   29.0656200      100114      6   55095.334757200         207    16.843    21.453     27.264    2.350       2.539           0      131072            0            1    11932331 
   55095.374507200        16.826        0.023      1001142060001668    2.9463860   29.0656200   00h11m47.13s   29d03m56.23s      2               0    4.279419e-07         446         446         424        16.821            0.005     16.827         16.827   16.829       16.829    0.022       0.016        11932347005482    2.9463560   29.0656220      100114      6   55095.379437200         207    16.832    21.473     27.259    2.350       2.497           0      131072            0            1    11932347 
   55114.378347200        16.794        0.124      1001142060001668    2.9463860   29.0656200   00h11m47.13s   29d03m56.23s      2               0    4.279419e-07         446         446         424        16.821            0.005     16.827         16.827   16.829       16.829    0.022       0.016        11806483004885    2.9463120   29.0655970      100114      6   55114.383547200         223    16.665    21.058     27.608    2.450       2.495           0      131072            0            1    11806483 
   55114.422287200        16.834        0.127      1001142060001668    2.9463860   29.0656200   00h11m47.13s   29d03m56.23s      2               0    4.279419e-07         446         446         424        16.821            0.005     16.827         16.827   16.829       16.829    0.022       0.016        11806409002064    2.9463540   29.0656170      100114      6   55114.427497200         223    17.514    20.299     27.407    2.350       2.443           0      131072            0            1    11806409 
   55119.413187200        16.841        0.028      1001142060001668    2.9463860   29.0656200   00h11m47.13s   29d03m56.23s      2               0    4.279419e-07         446         446         424        16.821            0.005     16.827         16.827   16.829       16.829    0.022       0.016        11838687004727    2.9463530   29.0656250      100114      6   55119.418367200         228    16.858    21.301     27.723    2.350       2.539           0      131072            0            1    11838687 
   55119.476747200        16.805        0.029      1001142060001668    2.9463860   29.0656200   00h11m47.13s   29d03m56.23s      2               0    4.279419e-07         446         446         424        16.821            0.005     16.827         16.827   16.829       16.829    0.022       0.016        11838673003865    2.9463610   29.0655900      100114      6   55119.481927200         228    16.813    20.801     27.639    2.950       3.085           0      131072            0            1    11838673 
   55123.287437200        16.827        0.026      1001142060001668    2.9463860   29.0656200   00h11m47.13s   29d03m56.23s      2               0    4.279419e-07         446         446         424        16.821            0.005     16.827         16.827   16.829       16.829    0.022       0.016        11812963005142    2.9463510   29.0656040      100114      6   55123.292577200         232    16.838    21.571     27.755    2.350       2.671           0      131072            0            1    11812963 
   55123.336467200        16.828        0.026      1001142060001668    2.9463860   29.0656200   00h11m47.13s   29d03m56.23s      2               0    4.279419e-07         446         446         424        16.821            0.005     16.827         16.827   16.829       16.829    0.022       0.016        11812935005223    2.9463430   29.0656260      100114      6   55123.341607200         232    16.835    21.513     27.746    2.350       2.576           0      131072            0            1    11812935 
   55138.211887200        16.805        0.040      1001142060001668    2.9463860   29.0656200   00h11m47.13s   29d03m56.23s      2               0    4.279419e-07         446         446         424        16.821            0.005     16.827         16.827   16.829       16.829    0.022       0.016        11788529002755    2.9463350   29.0656190      100114      6   55138.216647200         245    16.805    20.421     27.758    2.250       2.432           0      131072            0            1    11788529 
   55138.255917200        16.833        0.040      1001142060001668    2.9463860   29.0656200   00h11m47.13s   29d03m56.23s      2               0    4.279419e-07         446         446         424        16.821            0.005     16.827         16.827   16.829       16.829    0.022       0.016        11788408002759    2.9463380   29.0656270      100114      6   55138.260667200         245    16.833    20.370     27.760    2.350       2.451           0      131072            0            1    11788408 
   55142.296147200        16.822        0.028      1001142060001668    2.9463860   29.0656200   00h11m47.13s   29d03m56.23s      2               0    4.279419e-07         446         446         424        16.821            0.005     16.827         16.827   16.829       16.829    0.022       0.016        11792905004522    2.9463520   29.0656160      100114      6   55142.300737200         282    16.820    21.168     27.747    2.350       2.456           0      131072            0            1    11792905 
   55142.340347200        16.836        0.028      1001142060001668    2.9463860   29.0656200   00h11m47.13s   29d03m56.23s      2               0    4.279419e-07         446         446         424        16.821            0.005     16.827         16.827   16.829       16.829    0.022       0.016        11792944004243    2.9463730   29.0656090      100114      6   55142.344937200         282    16.838    21.053     27.733    2.350       2.640           0      131072            0            1    11792944 
   55144.317337200        16.820        0.076      1001142060001668    2.9463860   29.0656200   00h11m47.13s   29d03m56.23s      2               0    4.279419e-07         446         446         424        16.821            0.005     16.827         16.827   16.829       16.829    0.022       0.016        11799803004742    2.9463400   29.0656210      100114      6   55144.321847200         250    16.828    21.261     27.728    2.150       2.473           0      131072            0            1    11799803 
   55144.361137200        16.809        0.076      1001142060001668    2.9463860   29.0656200   00h11m47.13s   29d03m56.23s      2               0    4.279419e-07         446         446         424        16.821            0.005     16.827         16.827   16.829       16.829    0.022       0.016        11799911004415    2.9463510   29.0656210      100114      6   55144.365637200         250    16.847    21.199     27.730    2.050       2.329           0      131072            0            1    11799911 
   55152.173527200        16.830        0.026      1001142060001668    2.9463860   29.0656200   00h11m47.13s   29d03m56.23s      2               0    4.279419e-07         446         446         424        16.821            0.005     16.827         16.827   16.829       16.829    0.022       0.016        11803159004604    2.9463320   29.0656550      100114      6   55152.177637200         258    16.836    21.336     27.792    2.750       2.844           0      131072            0            1    11803159 
   55152.217537200        16.826        0.026      1001142060001668    2.9463860   29.0656200   00h11m47.13s   29d03m56.23s      2               0    4.279419e-07         446         446         424        16.821            0.005     16.827         16.827   16.829       16.829    0.022       0.016        11803084004756    2.9463580   29.0656150      100114      6   55152.221637200         258    16.825    21.356     27.786    2.650       2.761           0      131072            0            1    11803084 
   55168.184237200        16.819        0.027      1001142060001668    2.9463860   29.0656200   00h11m47.13s   29d03m56.23s      2               0    4.279419e-07         446         446         424        16.821            0.005     16.827         16.827   16.829       16.829    0.022       0.016        12344573003392    2.9463610   29.0656300      100114      6   55168.187287200         273    16.811    20.737     27.778    2.350       2.567           0      131072            0            1    12344573 
   55168.274097200        16.803        0.028      1001142060001668    2.9463860   29.0656200   00h11m47.13s   29d03m56.23s      2               0    4.279419e-07         446         446         424        16.821            0.005     16.827         16.827   16.829       16.829    0.022       0.016        12344664003107    2.9463570   29.0656200      100114      6   55168.277137200         273    16.806    20.673     27.756    2.050       2.209           0      131072            0            1    12344664 
   55176.169077200        16.909        0.074      1001142060001668    2.9463860   29.0656200   00h11m47.13s   29d03m56.23s      2               0    4.279419e-07         446         446         424        16.821            0.005     16.827         16.827   16.829       16.829    0.022       0.016        11773692001941    2.9463590   29.0656200      100114      6   55176.171497200         290    17.218    19.838     26.721    2.350       2.641           0      131072            0            1    11773692 
   55183.120247200        16.819        0.184      1001142060001668    2.9463860   29.0656200   00h11m47.13s   29d03m56.23s      2               0    4.279419e-07         446         446         424        16.821            0.005     16.827         16.827   16.829       16.829    0.022       0.016        11781797002358    2.9463350   29.0656290      100114      6   55183.122077200         279    17.602    20.592     27.688    2.550       2.689           0      131072            0            1    11781797 
   55183.164917200        16.821        0.183      1001142060001668    2.9463860   29.0656200   00h11m47.13s   29d03m56.23s      2               0    4.279419e-07         446         446         424        16.821            0.005     16.827         16.827   16.829       16.829    0.022       0.016        11781690004730    2.9463600   29.0656110      100114      6   55183.166757200         279    16.724    21.175     27.637    2.350       2.287           0      131072            0            1    11781690 
   55194.097327200        16.776        0.037      1001142060001668    2.9463860   29.0656200   00h11m47.13s   29d03m56.23s      2               0    4.279419e-07         446         446         424        16.821            0.005     16.827         16.827   16.829       16.829    0.022       0.016        12652253003363    2.9463620   29.0656160      100114      6   55194.098187200         302    15.871    19.782     26.867    2.350       2.508           0      131072            0            1    12652253 
   55197.089997200        16.853        0.041      1001142060001668    2.9463860   29.0656200   00h11m47.13s   29d03m56.23s      2               0    4.279419e-07         446         446         424        16.821            0.005     16.827         16.827   16.829       16.829    0.022       0.016        11691974002204    2.9463440   29.0656290      100114      6   55197.090587200         305    16.798    19.916     27.468    2.750       2.906           0      131072            0            1    11691974 
   55199.096657200        16.818        0.030      1001142060001668    2.9463860   29.0656200   00h11m47.13s   29d03m56.23s      2               0    4.279419e-07         446         446         424        16.821            0.005     16.827         16.827   16.829       16.829    0.022       0.016        14959062004743    2.9464090   29.0656210      100114      6   55199.097057200         307    16.808    21.360     27.781    2.450       2.615           0      131072            0            1    14959062 
   55201.108777200        16.836        0.028      1001142060001668    2.9463860   29.0656200   00h11m47.13s   29d03m56.23s      2               0    4.279419e-07         446         446         424        16.821            0.005     16.827         16.827   16.829       16.829    0.022       0.016        11702553003350    2.9463650   29.0656230      100114      6   55201.108987200         310    16.633    20.391     27.235    2.750       2.803           0      131072            0            1    11702553 
   55207.154177200        16.835        0.027      1001142060001668    2.9463860   29.0656200   00h11m47.13s   29d03m56.23s      2               0    4.279419e-07         446         446         424        16.821            0.005     16.827         16.827   16.829       16.829    0.022       0.016        11745244005216    2.9463410   29.0655880      100114      6   55207.153837200         316    16.821    21.574     27.736    1.950       2.121           0      131072            0            1    11745244 
   55207.228427200        16.828        0.028      1001142060001668    2.9463860   29.0656200   00h11m47.13s   29d03m56.23s      2               0    4.279419e-07         446         446         424        16.821            0.005     16.827         16.827   16.829       16.829    0.022       0.016        11745242003922    2.9463330   29.0655950      100114      6   55207.228077200         316    16.898    21.053     27.685    2.150       2.392           0      131072            0            1    11745242 
   55209.134757200        16.818        0.061      1001142060001668    2.9463860   29.0656200   00h11m47.13s   29d03m56.23s      2               0    4.279419e-07         446         446         424        16.821            0.005     16.827         16.827   16.829       16.829    0.022       0.016        11741608005122    2.9463240   29.0655820      100114      6   55209.134227200         318    16.820    21.561     27.788    2.150       2.317           0      131072            0            1    11741608 
   55209.179387200        16.838        0.061      1001142060001668    2.9463860   29.0656200   00h11m47.13s   29d03m56.23s      2               0    4.279419e-07         446         446         424        16.821            0.005     16.827         16.827   16.829       16.829    0.022       0.016        11741584004488    2.9463840   29.0656180      100114      6   55209.178857200         318    16.819    21.186     27.738    2.650       2.925           0      131072            0            1    11741584 
   55422.309447200        16.826        0.025      1001142060001668    2.9463860   29.0656200   00h11m47.13s   29d03m56.23s      2               0    4.279419e-07         446         446         424        16.821            0.005     16.827         16.827   16.829       16.829    0.022       0.016        11149993004998    2.9463870   29.0656230      100114      6   55422.312387200         521    16.814    21.616     27.661    2.250       2.419           0      131072            0            1    11149993 
   55422.336907200        16.834        0.025      1001142060001668    2.9463860   29.0656200   00h11m47.13s   29d03m56.23s      2               0    4.279419e-07         446         446         424        16.821            0.005     16.827         16.827   16.829       16.829    0.022       0.016        11149840004846    2.9463790   29.0656270      100114      6   55422.339857200         521    16.826    21.584     27.675    2.550       2.924           0      131072            0            1    11149840 
   55422.350847200        16.829        0.025      1001142060001668    2.9463860   29.0656200   00h11m47.13s   29d03m56.23s      2               0    4.279419e-07         446         446         424        16.821            0.005     16.827         16.827   16.829       16.829    0.022       0.016        11150034005400    2.9463720   29.0656460      100114      6   55422.353787200         521    16.818    21.778     27.680    2.150       2.338           0      131072            0            1    11150034 
   55422.362757200        16.819        0.025      1001142060001668    2.9463860   29.0656200   00h11m47.13s   29d03m56.23s      2               0    4.279419e-07         446         446         424        16.821            0.005     16.827         16.827   16.829       16.829    0.022       0.016        11149808006401    2.9463720   29.0656260      100114      6   55422.365697200         521    16.812    21.773     27.684    2.250       2.476           0      131072            0            1    11149808 
   55422.374317200        16.824        0.025      1001142060001668    2.9463860   29.0656200   00h11m47.13s   29d03m56.23s      2               0    4.279419e-07         446         446         424        16.821            0.005     16.827         16.827   16.829       16.829    0.022       0.016        11149932005048    2.9463590   29.0656080      100114      6   55422.377267200         521    16.821    21.678     27.686    2.450       2.613           0      131072            0            1    11149932 
   55422.386737200        16.821        0.025      1001142060001668    2.9463860   29.0656200   00h11m47.13s   29d03m56.23s      2               0    4.279419e-07         446         446         424        16.821            0.005     16.827         16.827   16.829       16.829    0.022       0.016        11149844005592    2.9463460   29.0656090      100114      6   55422.389687200         521    16.816    21.949     27.688    1.950       2.192           0      131072            0            1    11149844 
   55422.399047200        16.823        0.025      1001142060001668    2.9463860   29.0656200   00h11m47.13s   29d03m56.23s      2               0    4.279419e-07         446         446         424        16.821            0.005     16.827         16.827   16.829       16.829    0.022       0.016        11149936005177    2.9463780   29.0656230      100114      6   55422.401997200         521    16.824    21.759     27.690    2.350       2.627           0      131072            0            1    11149936 
   55422.412987200        16.834        0.025      1001142060001668    2.9463860   29.0656200   00h11m47.13s   29d03m56.23s      2               0    4.279419e-07         446         446         424        16.821            0.005     16.827         16.827   16.829       16.829    0.022       0.016        11149893005154    2.9463720   29.0655720      100114      6   55422.415937200         521    16.833    21.756     27.691    2.350       2.593           0      131072            0            1    11149893 
   55422.426747200        16.820        0.025      1001142060001668    2.9463860   29.0656200   00h11m47.13s   29d03m56.23s      2               0    4.279419e-07         446         446         424        16.821            0.005     16.827         16.827   16.829       16.829    0.022       0.016        11149865005168    2.9463670   29.0656340      100114      6   55422.429697200         521    16.816    21.736     27.691    2.350       2.554           0      131072            0            1    11149865 
   55422.439457200        16.833        0.025      1001142060001668    2.9463860   29.0656200   00h11m47.13s   29d03m56.23s      2               0    4.279419e-07         446         446         424        16.821            0.005     16.827         16.827   16.829       16.829    0.022       0.016        11149856005283    2.9463590   29.0655930      100114      6   55422.442407200         521    16.827    21.701     27.690    2.450       2.558           0      131072            0            1    11149856 
   55422.452697200        16.826        0.025      1001142060001668    2.9463860   29.0656200   00h11m47.13s   29d03m56.23s      2               0    4.279419e-07         446         446         424        16.821            0.005     16.827         16.827   16.829       16.829    0.022       0.016        11149851005194    2.9463570   29.0656250      100114      6   55422.455647200         521    16.818    21.656     27.689    2.550       2.908           0      131072            0            1    11149851 
   55422.466737200        16.827        0.025      1001142060001668    2.9463860   29.0656200   00h11m47.13s   29d03m56.23s      2               0    4.279419e-07         446         446         424        16.821            0.005     16.827         16.827   16.829       16.829    0.022       0.016        11150061005052    2.9463470   29.0656410      100114      6   55422.469687200         521    16.822    21.569     27.687    2.750       2.660           0      131072            0            1    11150061 
   55422.483747200        16.827        0.025      1001142060001668    2.9463860   29.0656200   00h11m47.13s   29d03m56.23s      2               0    4.279419e-07         446         446         424        16.821            0.005     16.827         16.827   16.829       16.829    0.022       0.016        11149979005382    2.9463540   29.0656000      100114      6   55422.486707200         521    16.820    21.720     27.683    2.350       2.566           0      131072            0            1    11149979 
   55422.498897200        16.821        0.026      1001142060001668    2.9463860   29.0656200   00h11m47.13s   29d03m56.23s      2               0    4.279419e-07         446         446         424        16.821            0.005     16.827         16.827   16.829       16.829    0.022       0.016        11149810004791    2.9463670   29.0656100      100114      6   55422.501857200         521    16.815    21.492     27.679    2.450       2.665           0      131072            0            1    11149810 
   55423.325617200        16.815        0.024      1001142060001668    2.9463860   29.0656200   00h11m47.13s   29d03m56.23s      2               0    4.279419e-07         446         446         424        16.821            0.005     16.827         16.827   16.829       16.829    0.022       0.016        11147017005293    2.9463570   29.0656250      100114      6   55423.328627200         522    16.807    21.731     27.665    2.050       2.135           0      131072            0            1    11147017 
   55423.339857200        16.819        0.024      1001142060001668    2.9463860   29.0656200   00h11m47.13s   29d03m56.23s      2               0    4.279419e-07         446         446         424        16.821            0.005     16.827         16.827   16.829       16.829    0.022       0.016        11147166005134    2.9463880   29.0655880      100114      6   55423.342877200         522    16.810    21.672     27.669    2.250       2.384           0      131072            0            1    11147166 
   55423.353677200        16.818        0.024      1001142060001668    2.9463860   29.0656200   00h11m47.13s   29d03m56.23s      2               0    4.279419e-07         446         446         424        16.821            0.005     16.827         16.827   16.829       16.829    0.022       0.016        11147138005422    2.9463750   29.0656090      100114      6   55423.356697200         522    16.812    21.888     27.672    1.850       2.192           0      131072            0            1    11147138 
   55423.365657200        16.824        0.024      1001142060001668    2.9463860   29.0656200   00h11m47.13s   29d03m56.23s      2               0    4.279419e-07         446         446         424        16.821            0.005     16.827         16.827   16.829       16.829    0.022       0.016        11146989005531    2.9463720   29.0656390      100114      6   55423.368677200         522    16.816    21.919     27.674    1.850       2.084           0      131072            0            1    11146989 
   55423.382637200        16.814        0.024      1001142060001668    2.9463860   29.0656200   00h11m47.13s   29d03m56.23s      2               0    4.279419e-07         446         446         424        16.821            0.005     16.827         16.827   16.829       16.829    0.022       0.016        11147033005460    2.9463740   29.0655990      100114      6   55423.385657200         522    16.806    21.777     27.676    2.150       2.388           0      131072            0            1    11147033 
   55423.397187200        16.820        0.024      1001142060001668    2.9463860   29.0656200   00h11m47.13s   29d03m56.23s      2               0    4.279419e-07         446         446         424        16.821            0.005     16.827         16.827   16.829       16.829    0.022       0.016        11147208005457    2.9463350   29.0656050      100114      6   55423.400207200         522    16.816    21.861     27.677    2.050       2.182           0      131072            0            1    11147208 
   55423.412007200        16.830        0.024      1001142060001668    2.9463860   29.0656200   00h11m47.13s   29d03m56.23s      2               0    4.279419e-07         446         446         424        16.821            0.005     16.827         16.827   16.829       16.829    0.022       0.016        11147124005264    2.9463470   29.0656180      100114      6   55423.415027200         522    16.824    21.848     27.677    2.050       2.206           0      131072            0            1    11147124 
   55423.426547200        16.819        0.024      1001142060001668    2.9463860   29.0656200   00h11m47.13s   29d03m56.23s      2               0    4.279419e-07         446         446         424        16.821            0.005     16.827         16.827   16.829       16.829    0.022       0.016        11147117005574    2.9463580   29.0656030      100114      6   55423.429567200         522    16.815    21.978     27.677    1.850       2.001           0      131072            0            1    11147117 
   55423.440577200        16.822        0.024      1001142060001668    2.9463860   29.0656200   00h11m47.13s   29d03m56.23s      2               0    4.279419e-07         446         446         424        16.821            0.005     16.827         16.827   16.829       16.829    0.022       0.016        11147201005281    2.9463550   29.0656610      100114      6   55423.443597200         522    16.819    21.808     27.676    2.150       2.332           0      131072            0            1    11147201 
   55423.466517200        16.807        0.024      1001142060001668    2.9463860   29.0656200   00h11m47.13s   29d03m56.23s      2               0    4.279419e-07         446         446         424        16.821            0.005     16.827         16.827   16.829       16.829    0.022       0.016        11147175005406    2.9463500   29.0655970      100114      6   55423.469537200         522    16.801    21.797     27.672    2.150       2.382           0      131072            0            1    11147175 
   55423.482907200        16.831        0.024      1001142060001668    2.9463860   29.0656200   00h11m47.13s   29d03m56.23s      2               0    4.279419e-07         446         446         424        16.821            0.005     16.827         16.827   16.829       16.829    0.022       0.016        11147187005294    2.9463650   29.0656180      100114      6   55423.485927200         522    16.821    21.805     27.669    2.050       2.276           0      131072            0            1    11147187 
   55423.497167200        16.824        0.024      1001142060001668    2.9463860   29.0656200   00h11m47.13s   29d03m56.23s      2               0    4.279419e-07         446         446         424        16.821            0.005     16.827         16.827   16.829       16.829    0.022       0.016        11147101005254    2.9463440   29.0656220      100114      6   55423.500187200         522    16.812    21.561     27.665    2.350       2.540           0      131072            0            1    11147101 
   55424.304627200        16.809        0.033      1001142060001668    2.9463860   29.0656200   00h11m47.13s   29d03m56.23s      2               0    4.279419e-07         446         446         424        16.821            0.005     16.827         16.827   16.829       16.829    0.022       0.016        11144740005025    2.9463820   29.0656480      100114      6   55424.307717200         523    16.783    21.658     27.570    1.950       2.117           0      131072            0            1    11144740 
   55424.318437200        16.811        0.033      1001142060001668    2.9463860   29.0656200   00h11m47.13s   29d03m56.23s      2               0    4.279419e-07         446         446         424        16.821            0.005     16.827         16.827   16.829       16.829    0.022       0.016        11144697005060    2.9463790   29.0656320      100114      6   55424.321517200         523    16.789    21.634     27.583    2.050       2.207           0      131072            0            1    11144697 
   55424.332167200        16.818        0.033      1001142060001668    2.9463860   29.0656200   00h11m47.13s   29d03m56.23s      2               0    4.279419e-07         446         446         424        16.821            0.005     16.827         16.827   16.829       16.829    0.022       0.016        11144728004842    2.9463690   29.0656530      100114      6   55424.335247200         523    16.828    21.575     27.594    2.250       2.507           0      131072            0            1    11144728 
   55424.348687200        16.836        0.033      1001142060001668    2.9463860   29.0656200   00h11m47.13s   29d03m56.23s      2               0    4.279419e-07         446         446         424        16.821            0.005     16.827         16.827   16.829       16.829    0.022       0.016        11144712005134    2.9463690   29.0656330      100114      6   55424.351777200         523    16.832    21.661     27.605    2.150       2.330           0      131072            0            1    11144712 
   55424.360497200        16.814        0.033      1001142060001668    2.9463860   29.0656200   00h11m47.13s   29d03m56.23s      2               0    4.279419e-07         446         446         424        16.821            0.005     16.827         16.827   16.829       16.829    0.022       0.016        11144729005128    2.9463750   29.0656190      100114      6   55424.363587200         523    16.806    21.644     27.612    2.250       2.539           0      131072            0            1    11144729 
   55424.373007200        16.824        0.033      1001142060001668    2.9463860   29.0656200   00h11m47.13s   29d03m56.23s      2               0    4.279419e-07         446         446         424        16.821            0.005     16.827         16.827   16.829       16.829    0.022       0.016        11144736005237    2.9463810   29.0656610      100114      6   55424.376097200         523    16.815    21.800     27.617    1.950       2.164           0      131072            0            1    11144736 
   55424.386287200        16.810        0.033      1001142060001668    2.9463860   29.0656200   00h11m47.13s   29d03m56.23s      2               0    4.279419e-07         446         446         424        16.821            0.005     16.827         16.827   16.829       16.829    0.022       0.016        11144739005220    2.9463670   29.0656200      100114      6   55424.389377200         523    16.810    21.770     27.623    2.050       2.141           0      131072            0            1    11144739 
   55424.399217200        16.822        0.033      1001142060001668    2.9463860   29.0656200   00h11m47.13s   29d03m56.23s      2               0    4.279419e-07         446         446         424        16.821            0.005     16.827         16.827   16.829       16.829    0.022       0.016        11144897005391    2.9463690   29.0656070      100114      6   55424.402307200         523    16.817    21.795     27.627    2.050       2.070           0      131072            0            1    11144897 
   55424.428257200        16.831        0.033      1001142060001668    2.9463860   29.0656200   00h11m47.13s   29d03m56.23s      2               0    4.279419e-07         446         446         424        16.821            0.005     16.827         16.827   16.829       16.829    0.022       0.016        11144756005317    2.9463510   29.0656080      100114      6   55424.431347200         523    16.831    21.761     27.634    2.150       2.268           0      131072            0            1    11144756 
   55424.440317200        16.827        0.033      1001142060001668    2.9463860   29.0656200   00h11m47.13s   29d03m56.23s      2               0    4.279419e-07         446         446         424        16.821            0.005     16.827         16.827   16.829       16.829    0.022       0.016        11144916005500    2.9463460   29.0655860      100114      6   55424.443407200         523    16.830    21.863     27.636    1.950       2.231           0      131072            0            1    11144916 
   55424.456717200        16.808        0.033      1001142060001668    2.9463860   29.0656200   00h11m47.13s   29d03m56.23s      2               0    4.279419e-07         446         446         424        16.821            0.005     16.827         16.827   16.829       16.829    0.022       0.016        11144849005350    2.9463610   29.0656110      100114      6   55424.459807200         523    16.811    21.652     27.637    2.350       2.507           0      131072            0            1    11144849 
   55424.469517200        16.833        0.033      1001142060001668    2.9463860   29.0656200   00h11m47.13s   29d03m56.23s      2               0    4.279419e-07         446         446         424        16.821            0.005     16.827         16.827   16.829       16.829    0.022       0.016        11144704005367    2.9463550   29.0656390      100114      6   55424.472607200         523    16.834    21.753     27.638    2.150       2.482           0      131072            0            1    11144704 
   55424.484247200        16.825        0.033      1001142060001668    2.9463860   29.0656200   00h11m47.13s   29d03m56.23s      2               0    4.279419e-07         446         446         424        16.821            0.005     16.827         16.827   16.829       16.829    0.022       0.016        11144794005222    2.9463480   29.0656220      100114      6   55424.487347200         523    16.830    21.790     27.637    2.050       2.189           0      131072            0            1    11144794 
   55424.496347200        16.831        0.033      1001142060001668    2.9463860   29.0656200   00h11m47.13s   29d03m56.23s      2               0    4.279419e-07         446         446         424        16.821            0.005     16.827         16.827   16.829       16.829    0.022       0.016        11144863005346    2.9463490   29.0655900      100114      6   55424.499437200         523    16.834    21.793     27.635    1.950       2.164           0      131072            0            1    11144863 
   55425.307457200        16.828        0.038      1001142060001668    2.9463860   29.0656200   00h11m47.13s   29d03m56.23s      2               0    4.279419e-07         446         446         424        16.821            0.005     16.827         16.827   16.829       16.829    0.022       0.016        11141871005249    2.9463610   29.0655780      100114      6   55425.310607200         524    16.836    21.764     27.569    1.850       1.979           0      131072            0            1    11141871 
   55425.337167200        16.814        0.038      1001142060001668    2.9463860   29.0656200   00h11m47.13s   29d03m56.23s      2               0    4.279419e-07         446         446         424        16.821            0.005     16.827         16.827   16.829       16.829    0.022       0.016        11141949005174    2.9463690   29.0656210      100114      6   55425.340317200         524    16.829    21.827     27.596    1.850       2.165           0      131072            0            1    11141949 
   55425.350517200        16.829        0.038      1001142060001668    2.9463860   29.0656200   00h11m47.13s   29d03m56.23s      2               0    4.279419e-07         446         446         424        16.821            0.005     16.827         16.827   16.829       16.829    0.022       0.016        11141931005266    2.9463430   29.0656120      100114      6   55425.353677200         524    16.841    21.791     27.604    1.950       2.040           0      131072            0            1    11141931 
   55425.363627200        16.827        0.038      1001142060001668    2.9463860   29.0656200   00h11m47.13s   29d03m56.23s      2               0    4.279419e-07         446         446         424        16.821            0.005     16.827         16.827   16.829       16.829    0.022       0.016        11141741005366    2.9463580   29.0655800      100114      6   55425.366777200         524    16.839    21.864     27.610    1.850       2.163           0      131072            0            1    11141741 
   55425.376027200        16.807        0.038      1001142060001668    2.9463860   29.0656200   00h11m47.13s   29d03m56.23s      2               0    4.279419e-07         446         446         424        16.821            0.005     16.827         16.827   16.829       16.829    0.022       0.016        11141721005445    2.9463470   29.0656070      100114      6   55425.379187200         524    16.815    21.941     27.614    1.750       2.009           0      131072            0            1    11141721 
   55425.388077200        16.815        0.038      1001142060001668    2.9463860   29.0656200   00h11m47.13s   29d03m56.23s      2               0    4.279419e-07         446         446         424        16.821            0.005     16.827         16.827   16.829       16.829    0.022       0.016        11141831005412    2.9463430   29.0656030      100114      6   55425.391237200         524    16.819    21.932     27.617    1.750       1.881           0      131072            0            1    11141831 
   55425.404397200        16.824        0.038      1001142060001668    2.9463860   29.0656200   00h11m47.13s   29d03m56.23s      2               0    4.279419e-07         446         446         424        16.821            0.005     16.827         16.827   16.829       16.829    0.022       0.016        11141784005571    2.9463350   29.0655870      100114      6   55425.407557200         524    16.826    21.953     27.618    1.750       1.985           0      131072            0            1    11141784 
   55425.418827200        16.817        0.038      1001142060001668    2.9463860   29.0656200   00h11m47.13s   29d03m56.23s      2               0    4.279419e-07         446         446         424        16.821            0.005     16.827         16.827   16.829       16.829    0.022       0.016        11141881005460    2.9463440   29.0656130      100114      6   55425.421987200         524    16.823    21.910     27.618    1.850       2.090           0      131072            0            1    11141881 
   55425.433137200        16.823        0.038      1001142060001668    2.9463860   29.0656200   00h11m47.13s   29d03m56.23s      2               0    4.279419e-07         446         446         424        16.821            0.005     16.827         16.827   16.829       16.829    0.022       0.016        11141759005438    2.9463310   29.0655920      100114      6   55425.436297200         524    16.831    21.967     27.616    1.750       1.931           0      131072            0            1    11141759 
   55425.447817200        16.830        0.038      1001142060001668    2.9463860   29.0656200   00h11m47.13s   29d03m56.23s      2               0    4.279419e-07         446         446         424        16.821            0.005     16.827         16.827   16.829       16.829    0.022       0.016        11141908005324    2.9463380   29.0656280      100114      6   55425.450977200         524    16.833    21.839     27.612    1.950       2.131           0      131072            0            1    11141908 
   55425.462417200        16.824        0.038      1001142060001668    2.9463860   29.0656200   00h11m47.13s   29d03m56.23s      2               0    4.279419e-07         446         446         424        16.821            0.005     16.827         16.827   16.829       16.829    0.022       0.016        11141844005191    2.9463530   29.0655920      100114      6   55425.465587200         524    16.817    21.780     27.605    2.050       2.328           0      131072            0            1    11141844 
   55425.474857200        16.815        0.038      1001142060001668    2.9463860   29.0656200   00h11m47.13s   29d03m56.23s      2               0    4.279419e-07         446         446         424        16.821            0.005     16.827         16.827   16.829       16.829    0.022       0.016        11141807004572    2.9463590   29.0655820      100114      6   55425.478027200         524    16.811    21.402     27.599    2.450       2.709           0      131072            0            1    11141807 
   55425.490117200        16.824        0.038      1001142060001668    2.9463860   29.0656200   00h11m47.13s   29d03m56.23s      2               0    4.279419e-07         446         446         424        16.821            0.005     16.827         16.827   16.829       16.829    0.022       0.016        11141887005166    2.9463370   29.0655960      100114      6   55425.493277200         524    16.810    21.711     27.588    2.050       2.136           0      131072            0            1    11141887 
   55425.508007200        16.841        0.038      1001142060001668    2.9463860   29.0656200   00h11m47.13s   29d03m56.23s      2               0    4.279419e-07         446         446         424        16.821            0.005     16.827         16.827   16.829       16.829    0.022       0.016        11141907004198    2.9463220   29.0655620      100114      6   55425.511177200         524    16.819    21.178     27.574    1.850       1.901           0      131072            0            1    11141907 
   55426.298337200        16.822        0.068      1001142060001668    2.9463860   29.0656200   00h11m47.13s   29d03m56.23s      2               0    4.279419e-07         446         446         424        16.821            0.005     16.827         16.827   16.829       16.829    0.022       0.016        11198449004246    2.9463710   29.0656260      100114      6   55426.301557200         525    16.930    21.363     27.581    1.950       2.094           0      131072            0            1    11198449 
   55426.310667200        16.879        0.068      1001142060001668    2.9463860   29.0656200   00h11m47.13s   29d03m56.23s      2               0    4.279419e-07         446         446         424        16.821            0.005     16.827         16.827   16.829       16.829    0.022       0.016        11198465004546    2.9463840   29.0656390      100114      6   55426.313897200         525    16.912    21.440     27.595    2.150       2.345           0      131072            0            1    11198465 
   55426.323307200        16.776        0.068      1001142060001668    2.9463860   29.0656200   00h11m47.13s   29d03m56.23s      2               0    4.279419e-07         446         446         424        16.821            0.005     16.827         16.827   16.829       16.829    0.022       0.016        11198500004863    2.9463750   29.0656360      100114      6   55426.326537200         525    16.827    21.648     27.606    1.950       2.200           0      131072            0            1    11198500 
   55426.336037200        16.835        0.068      1001142060001668    2.9463860   29.0656200   00h11m47.13s   29d03m56.23s      2               0    4.279419e-07         446         446         424        16.821            0.005     16.827         16.827   16.829       16.829    0.022       0.016        11198463005241    2.9463400   29.0655820      100114      6   55426.339267200         525    16.806    21.828     27.614    1.850       1.960           0      131072            0            1    11198463 
   55426.350587200        16.808        0.068      1001142060001668    2.9463860   29.0656200   00h11m47.13s   29d03m56.23s      2               0    4.279419e-07         446         446         424        16.821            0.005     16.827         16.827   16.829       16.829    0.022       0.016        11198423005357    2.9463500   29.0656090      100114      6   55426.353817200         525    16.782    21.803     27.621    1.950       2.047           0      131072            0            1    11198423 
   55426.364347200        16.818        0.068      1001142060001668    2.9463860   29.0656200   00h11m47.13s   29d03m56.23s      2               0    4.279419e-07         446         446         424        16.821            0.005     16.827         16.827   16.829       16.829    0.022       0.016        11198510005265    2.9463460   29.0655770      100114      6   55426.367577200         525    16.796    21.765     27.626    2.050       2.340           0      131072            0            1    11198510 
   55426.378217200        16.839        0.068      1001142060001668    2.9463860   29.0656200   00h11m47.13s   29d03m56.23s      2               0    4.279419e-07         446         446         424        16.821            0.005     16.827         16.827   16.829       16.829    0.022       0.016        11198411005440    2.9463250   29.0656010      100114      6   55426.381447200         525    16.820    21.786     27.628    2.050       2.189           0      131072            0            1    11198411 
   55426.392757200        16.821        0.068      1001142060001668    2.9463860   29.0656200   00h11m47.13s   29d03m56.23s      2               0    4.279419e-07         446         446         424        16.821            0.005     16.827         16.827   16.829       16.829    0.022       0.016        11198443005374    2.9463260   29.0655480      100114      6   55426.395987200         525    16.798    21.837     27.629    1.950       2.167           0      131072            0            1    11198443 
   55426.406357200        16.834        0.068      1001142060001668    2.9463860   29.0656200   00h11m47.13s   29d03m56.23s      2               0    4.279419e-07         446         446         424        16.821            0.005     16.827         16.827   16.829       16.829    0.022       0.016        11198401005619    2.9463260   29.0655740      100114      6   55426.409587200         525    16.808    21.906     27.627    1.850       2.014           0      131072            0            1    11198401 
   55426.418877200        16.846        0.068      1001142060001668    2.9463860   29.0656200   00h11m47.13s   29d03m56.23s      2               0    4.279419e-07         446         446         424        16.821            0.005     16.827         16.827   16.829       16.829    0.022       0.016        11198404005634    2.9463460   29.0655990      100114      6   55426.422107200         525    16.821    21.847     27.624    1.950       2.161           0      131072            0            1    11198404 
   55426.430467200        16.805        0.068      1001142060001668    2.9463860   29.0656200   00h11m47.13s   29d03m56.23s      2               0    4.279419e-07         446         446         424        16.821            0.005     16.827         16.827   16.829       16.829    0.022       0.016        11198542005094    2.9463150   29.0655850      100114      6   55426.433697200         525    16.790    21.667     27.620    1.950       2.299           0      131072            0            1    11198542 
   55426.460817200        16.850        0.068      1001142060001668    2.9463860   29.0656200   00h11m47.13s   29d03m56.23s      2               0    4.279419e-07         446         446         424        16.821            0.005     16.827         16.827   16.829       16.829    0.022       0.016        11198420005447    2.9463380   29.0655980      100114      6   55426.464057200         525    16.806    21.878     27.604    1.850       2.072           0      131072            0            1    11198420 
   55426.473597200        16.881        0.068      1001142060001668    2.9463860   29.0656200   00h11m47.13s   29d03m56.23s      2               0    4.279419e-07         446         446         424        16.821            0.005     16.827         16.827   16.829       16.829    0.022       0.016        11198486004530    2.9463530   29.0655980      100114      6   55426.476837200         525    16.985    21.555     27.594    2.050       2.128           0      131072            0            1    11198486 
   55426.489177200        16.830        0.068      1001142060001668    2.9463860   29.0656200   00h11m47.13s   29d03m56.23s      2               0    4.279419e-07         446         446         424        16.821            0.005     16.827         16.827   16.829       16.829    0.022       0.016        11198427005059    2.9463290   29.0656000      100114      6   55426.492417200         525    16.769    21.687     27.581    2.050       2.311           0      131072            0            1    11198427 
   55428.291957200        16.816        0.024      1001142060001668    2.9463860   29.0656200   00h11m47.13s   29d03m56.23s      2               0    4.279419e-07         446         446         424        16.821            0.005     16.827         16.827   16.829       16.829    0.022       0.016        11194687004309    2.9463700   29.0656130      100114      6   55428.295317200         527    16.821    21.113     27.646    2.250       2.259           0      131072            0            1    11194687 
   55428.308157200        16.826        0.023      1001142060001668    2.9463860   29.0656200   00h11m47.13s   29d03m56.23s      2               0    4.279419e-07         446         446         424        16.821            0.005     16.827         16.827   16.829       16.829    0.022       0.016        11194616004527    2.9463600   29.0656170      100114      6   55428.311517200         527    16.834    21.311     27.656    1.950       2.113           0      131072            0            1    11194616 
   55428.321847200        16.813        0.024      1001142060001668    2.9463860   29.0656200   00h11m47.13s   29d03m56.23s      2               0    4.279419e-07         446         446         424        16.821            0.005     16.827         16.827   16.829       16.829    0.022       0.016        11194651004421    2.9463540   29.0656100      100114      6   55428.325207200         527    16.827    21.226     27.663    2.150       2.316           0      131072            0            1    11194651 
   55428.336167200        16.809        0.023      1001142060001668    2.9463860   29.0656200   00h11m47.13s   29d03m56.23s      2               0    4.279419e-07         446         446         424        16.821            0.005     16.827         16.827   16.829       16.829    0.022       0.016        11194587004713    2.9463560   29.0656100      100114      6   55428.339527200         527    16.820    21.426     27.668    1.850       2.107           0      131072            0            1    11194587 
   55428.349097200        16.822        0.023      1001142060001668    2.9463860   29.0656200   00h11m47.13s   29d03m56.23s      2               0    4.279419e-07         446         446         424        16.821            0.005     16.827         16.827   16.829       16.829    0.022       0.016        11194665004549    2.9463650   29.0656230      100114      6   55428.352457200         527    16.834    21.329     27.672    2.050       2.137           0      131072            0            1    11194665 
   55428.363187200        16.821        0.023      1001142060001668    2.9463860   29.0656200   00h11m47.13s   29d03m56.23s      2               0    4.279419e-07         446         446         424        16.821            0.005     16.827         16.827   16.829       16.829    0.022       0.016        11194549004807    2.9463400   29.0655960      100114      6   55428.366547200         527    16.831    21.491     27.676    1.850       2.067           0      131072            0            1    11194549 
   55428.377497200        16.836        0.023      1001142060001668    2.9463860   29.0656200   00h11m47.13s   29d03m56.23s      2               0    4.279419e-07         446         446         424        16.821            0.005     16.827         16.827   16.829       16.829    0.022       0.016        11194527004764    2.9463470   29.0655860      100114      6   55428.380867200         527    16.849    21.509     27.678    1.950       2.111           0      131072            0            1    11194527 
   55428.411677200        16.821        0.023      1001142060001668    2.9463860   29.0656200   00h11m47.13s   29d03m56.23s      2               0    4.279419e-07         446         446         424        16.821            0.005     16.827         16.827   16.829       16.829    0.022       0.016        11194550005303    2.9463470   29.0655810      100114      6   55428.415047200         527    16.831    21.800     27.682    1.950       2.339           0      131072            0            1    11194550 
   55428.426357200        16.828        0.023      1001142060001668    2.9463860   29.0656200   00h11m47.13s   29d03m56.23s      2               0    4.279419e-07         446         446         424        16.821            0.005     16.827         16.827   16.829       16.829    0.022       0.016        11194633005354    2.9463260   29.0655580      100114      6   55428.429717200         527    16.838    21.756     27.682    2.050       2.212           0      131072            0            1    11194633 
   55428.439377200        16.818        0.023      1001142060001668    2.9463860   29.0656200   00h11m47.13s   29d03m56.23s      2               0    4.279419e-07         446         446         424        16.821            0.005     16.827         16.827   16.829       16.829    0.022       0.016        11194508005483    2.9463290   29.0656120      100114      6   55428.442737200         527    16.828    21.870     27.681    1.850       2.046           0      131072            0            1    11194508 
   55428.453277200        16.828        0.023      1001142060001668    2.9463860   29.0656200   00h11m47.13s   29d03m56.23s      2               0    4.279419e-07         446         446         424        16.821            0.005     16.827         16.827   16.829       16.829    0.022       0.016        11194522005370    2.9463480   29.0656000      100114      6   55428.456647200         527    16.837    21.744     27.680    2.050       2.213           0      131072            0            1    11194522 
   55428.465197200        16.831        0.023      1001142060001668    2.9463860   29.0656200   00h11m47.13s   29d03m56.23s      2               0    4.279419e-07         446         446         424        16.821            0.005     16.827         16.827   16.829       16.829    0.022       0.016        11194476005286    2.9463230   29.0655980      100114      6   55428.468567200         527    16.843    21.784     27.678    1.950       2.098           0      131072            0            1    11194476 
   55428.478057200        16.830        0.023      1001142060001668    2.9463860   29.0656200   00h11m47.13s   29d03m56.23s      2               0    4.279419e-07         446         446         424        16.821            0.005     16.827         16.827   16.829       16.829    0.022       0.016        11194525005139    2.9463340   29.0655730      100114      6   55428.481427200         527    16.841    21.705     27.676    2.050       2.349           0      131072            0            1    11194525 
   55428.491407200        16.829        0.023      1001142060001668    2.9463860   29.0656200   00h11m47.13s   29d03m56.23s      2               0    4.279419e-07         446         446         424        16.821            0.005     16.827         16.827   16.829       16.829    0.022       0.016        11194711004938    2.9463290   29.0655690      100114      6   55428.494777200         527    16.838    21.549     27.673    2.050       2.260           0      131072            0            1    11194711 
   55428.510497200        16.837        0.024      1001142060001668    2.9463860   29.0656200   00h11m47.13s   29d03m56.23s      2               0    4.279419e-07         446         446         424        16.821            0.005     16.827         16.827   16.829       16.829    0.022       0.016        11194520003710    2.9463260   29.0655990      100114      6   55428.513867200         527    16.843    20.897     27.667    2.150       2.427           0      131072            0            1    11194520 
   55429.289977200        16.834        0.024      1001142060001668    2.9463860   29.0656200   00h11m47.13s   29d03m56.23s      2               0    4.279419e-07         446         446         424        16.821            0.005     16.827         16.827   16.829       16.829    0.022       0.016        11192972004034    2.9463590   29.0656470      100114      6   55429.293397200         528    16.838    21.039     27.643    2.150       2.182           0      131072            0            1    11192972 
   55429.303857200        16.824        0.023      1001142060001668    2.9463860   29.0656200   00h11m47.13s   29d03m56.23s      2               0    4.279419e-07         446         446         424        16.821            0.005     16.827         16.827   16.829       16.829    0.022       0.016        11192909004283    2.9463330   29.0655930      100114      6   55429.307277200         528    16.833    21.175     27.650    1.950       2.151           0      131072            0            1    11192909 
   55429.325947200        16.803        0.024      1001142060001668    2.9463860   29.0656200   00h11m47.13s   29d03m56.23s      2               0    4.279419e-07         446         446         424        16.821            0.005     16.827         16.827   16.829       16.829    0.022       0.016        11192969004160    2.9462990   29.0656030      100114      6   55429.329377200         528    16.808    20.817     27.660    2.850       2.961           0      131072            0            1    11192969 
   55429.338257200        16.834        0.023      1001142060001668    2.9463860   29.0656200   00h11m47.13s   29d03m56.23s      2               0    4.279419e-07         446         446         424        16.821            0.005     16.827         16.827   16.829       16.829    0.022       0.016        11192989004499    2.9463560   29.0656030      100114      6   55429.341677200         528    16.841    21.313     27.663    1.850       2.047           0      131072            0            1    11192989 
   55429.350427200        16.840        0.023      1001142060001668    2.9463860   29.0656200   00h11m47.13s   29d03m56.23s      2               0    4.279419e-07         446         446         424        16.821            0.005     16.827         16.827   16.829       16.829    0.022       0.016        11192990004402    2.9463270   29.0655820      100114      6   55429.353857200         528    16.844    21.343     27.666    1.850       2.067           0      131072            0            1    11192990 
   55429.363447200        16.833        0.023      1001142060001668    2.9463860   29.0656200   00h11m47.13s   29d03m56.23s      2               0    4.279419e-07         446         446         424        16.821            0.005     16.827         16.827   16.829       16.829    0.022       0.016        11193077004433    2.9463250   29.0656080      100114      6   55429.366877200         528    16.836    21.308     27.669    1.950       2.014           0      131072            0            1    11193077 
   55429.378167200        16.814        0.023      1001142060001668    2.9463860   29.0656200   00h11m47.13s   29d03m56.23s      2               0    4.279419e-07         446         446         424        16.821            0.005     16.827         16.827   16.829       16.829    0.022       0.016        11192950004650    2.9463250   29.0655660      100114      6   55429.381597200         528    16.818    21.391     27.671    1.850       2.224           0      131072            0            1    11192950 
   55429.392507200        16.835        0.023      1001142060001668    2.9463860   29.0656200   00h11m47.13s   29d03m56.23s      2               0    4.279419e-07         446         446         424        16.821            0.005     16.827         16.827   16.829       16.829    0.022       0.016        11192927004764    2.9463050   29.0655570      100114      6   55429.395937200         528    16.838    21.370     27.672    1.950       2.339           0      131072            0            1    11192927 
   55429.407947200        16.807        0.023      1001142060001668    2.9463860   29.0656200   00h11m47.13s   29d03m56.23s      2               0    4.279419e-07         446         446         424        16.821            0.005     16.827         16.827   16.829       16.829    0.022       0.016        11193021004741    2.9462960   29.0655600      100114      6   55429.411377200         528    16.809    21.410     27.673    1.950       2.329           0      131072            0            1    11193021 
   55429.422387200        16.811        0.023      1001142060001668    2.9463860   29.0656200   00h11m47.13s   29d03m56.23s      2               0    4.279419e-07         446         446         424        16.821            0.005     16.827         16.827   16.829       16.829    0.022       0.016        11193084004806    2.9463060   29.0655790      100114      6   55429.425817200         528    16.815    21.511     27.674    1.950       1.883           0      131072            0            1    11193084 
   55429.434587200        16.819        0.023      1001142060001668    2.9463860   29.0656200   00h11m47.13s   29d03m56.23s      2               0    4.279419e-07         446         446         424        16.821            0.005     16.827         16.827   16.829       16.829    0.022       0.016        11192920005057    2.9463140   29.0655630      100114      6   55429.438017200         528    16.825    21.599     27.673    2.050       2.207           0      131072            0            1    11192920 
   55429.447877200        16.832        0.023      1001142060001668    2.9463860   29.0656200   00h11m47.13s   29d03m56.23s      2               0    4.279419e-07         446         446         424        16.821            0.005     16.827         16.827   16.829       16.829    0.022       0.016        11193089005462    2.9463120   29.0655720      100114      6   55429.451317200         528    16.837    21.814     27.671    1.950       2.112           0      131072            0            1    11193089 
   55429.481797200        16.820        0.023      1001142060001668    2.9463860   29.0656200   00h11m47.13s   29d03m56.23s      2               0    4.279419e-07         446         446         424        16.821            0.005     16.827         16.827   16.829       16.829    0.022       0.016        11192958004978    2.9463390   29.0656110      100114      6   55429.485227200         528    16.823    21.467     27.665    2.350       2.514           0      131072            0            1    11192958 
   55429.496887200        16.827        0.023      1001142060001668    2.9463860   29.0656200   00h11m47.13s   29d03m56.23s      2               0    4.279419e-07         446         446         424        16.821            0.005     16.827         16.827   16.829       16.829    0.022       0.016        11193044005230    2.9462980   29.0655780      100114      6   55429.500327200         528    16.831    21.703     27.661    2.050       2.211           0      131072            0            1    11193044 
   55534.112357200        16.829        0.331      1001142060001668    2.9463860   29.0656200   00h11m47.13s   29d03m56.23s      2               0    4.279419e-07         446         446         424        16.821            0.005     16.827         16.827   16.829       16.829    0.022       0.016        10652254001657    2.9463730   29.0656150      100114      6   55534.115357200         634    18.515    20.894     27.485    1.850       2.074           0      131072            0            1    10652254 
   55534.157547200        16.854        0.327      1001142060001668    2.9463860   29.0656200   00h11m47.13s   29d03m56.23s      2               0    4.279419e-07         446         446         424        16.821            0.005     16.827         16.827   16.829       16.829    0.022       0.016        10652245004078    2.9463800   29.0656370      100114      6   55534.160537200         634    16.977    21.279     27.415    1.950       2.013           0      131072            0            1    10652245 
   55535.197867200        16.905        0.193      1001142060001668    2.9463860   29.0656200   00h11m47.13s   29d03m56.23s      2               0    4.279419e-07         446         446         424        16.821            0.005     16.827         16.827   16.829       16.829    0.022       0.016        10697474002212    2.9463690   29.0656140      100114      6   55535.200787200         635    18.173    21.142     27.784    2.150       2.348           0      131072            0            1    10697474 
   55535.281217200        16.861        0.191      1001142060001668    2.9463860   29.0656200   00h11m47.13s   29d03m56.23s      2               0    4.279419e-07         446         446         424        16.821            0.005     16.827         16.827   16.829       16.829    0.022       0.016        10697390004610    2.9463430   29.0656180      100114      6   55535.284127200         635    16.948    21.398     27.726    2.250       2.370           0      131072            0            1    10697390 
   55541.099387200        16.836        0.142      1001142060001668    2.9463860   29.0656200   00h11m47.13s   29d03m56.23s      2               0    4.279419e-07         446         446         424        16.821            0.005     16.827         16.827   16.829       16.829    0.022       0.016        10678008004583    2.9463550   29.0656110      100114      6   55541.101837200         641    16.843    21.349     27.679    2.350       2.580           0      131072            0            1    10678008 
   55541.143167200        16.850        0.143      1001142060001668    2.9463860   29.0656200   00h11m47.13s   29d03m56.23s      2               0    4.279419e-07         446         446         424        16.821            0.005     16.827         16.827   16.829       16.829    0.022       0.016        10678401002698    2.9463280   29.0656030      100114      6   55541.145617200         641    17.549    21.014     27.737    2.150       2.370           0      131072            0            1    10678401 
   55542.095217200        16.850        0.100      1001142060001668    2.9463860   29.0656200   00h11m47.13s   29d03m56.23s      2               0    4.279419e-07         446         446         424        16.821            0.005     16.827         16.827   16.829       16.829    0.022       0.016        13776404003383    2.9464050   29.0656220      100114      6   55542.097587200         642    16.910    20.830     27.693    3.450       3.665           0      131072            0            1    13776404 
   55542.139567200        16.879        0.100      1001142060001668    2.9463860   29.0656200   00h11m47.13s   29d03m56.23s      2               0    4.279419e-07         446         446         424        16.821            0.005     16.827         16.827   16.829       16.829    0.022       0.016        13776431002984    2.9464140   29.0656300      100114      6   55542.141937200         642    16.879    20.383     27.527    3.650       3.875           0      131072            0            1    13776431 
   55558.213927200        16.851        0.033      1001142060001668    2.9463860   29.0656200   00h11m47.13s   29d03m56.23s      2               0    4.279419e-07         446         446         424        16.821            0.005     16.827         16.827   16.829       16.829    0.022       0.016        10709511004386    2.9463540   29.0656170      100114      6   55558.214887200         655    16.843    21.273     27.613    2.150       2.346           0      131072            0            1    10709511 
   55558.271377200        16.854        0.034      1001142060001668    2.9463860   29.0656200   00h11m47.13s   29d03m56.23s      2               0    4.279419e-07         446         446         424        16.821            0.005     16.827         16.827   16.829       16.829    0.022       0.016        10709512003715    2.9463380   29.0656080      100114      6   55558.272337200         655    16.862    20.853     27.573    2.350       2.617           0      131072            0            1    10709512 
   55576.094157200        16.912        0.094      1001142060001668    2.9463860   29.0656200   00h11m47.13s   29d03m56.23s      2               0    4.279419e-07         446         446         424        16.821            0.005     16.827         16.827   16.829       16.829    0.022       0.016        12841904001946    2.9463580   29.0656160      100114      6   55576.093467200         674    16.699    19.438     27.190    3.750       4.215           0      131072            0            1    12841904 
   55576.150007200        16.897        0.096      1001142060001668    2.9463860   29.0656200   00h11m47.13s   29d03m56.23s      2               0    4.279419e-07         446         446         424        16.821            0.005     16.827         16.827   16.829       16.829    0.022       0.016        12842064001631    2.9463810   29.0656040      100114      6   55576.149317200         674    16.793    19.206     27.279    4.850       6.262           0      131072            0            1    12842064 
   55577.102247200        16.779        0.063      1001142060001668    2.9463860   29.0656200   00h11m47.13s   29d03m56.23s      2               0    4.279419e-07         446         446         424        16.821            0.005     16.827         16.827   16.829       16.829    0.022       0.016         9789652002701    2.9463430   29.0655930      100114      6   55577.101467200         675    16.828    20.358     27.529    2.450       2.668           0      131072            0            1     9789652 
   55577.146087200        16.847        0.063      1001142060001668    2.9463860   29.0656200   00h11m47.13s   29d03m56.23s      2               0    4.279419e-07         446         446         424        16.821            0.005     16.827         16.827   16.829       16.829    0.022       0.016         9789569002534    2.9463410   29.0655850      100114      6   55577.145307200         675    16.802    20.137     27.470    2.850       3.130           0      131072            0            1     9789569 
   55578.109887200        16.748        0.104      1001142060001668    2.9463860   29.0656200   00h11m47.13s   29d03m56.23s      2               0    4.279419e-07         446         446         424        16.821            0.005     16.827         16.827   16.829       16.829    0.022       0.016         9785815001455    2.9463010   29.0655780      100114      6   55578.109017200         676    17.382    19.684     27.348    2.050       2.469           0      131072            0            1     9785815 
   55578.153077200        16.844        0.104      1001142060001668    2.9463860   29.0656200   00h11m47.13s   29d03m56.23s      2               0    4.279419e-07         446         446         424        16.821            0.005     16.827         16.827   16.829       16.829    0.022       0.016         9786013001483    2.9463270   29.0656300      100114      6   55578.152207200         676    17.456    19.707     27.369    2.050       2.352           0      131072            0            1     9786013 
   55579.112827200        16.848        0.024      1001142060001668    2.9463860   29.0656200   00h11m47.13s   29d03m56.23s      2               0    4.279419e-07         446         446         424        16.821            0.005     16.827         16.827   16.829       16.829    0.022       0.016         9782441003459    2.9463230   29.0656100      100114      6   55579.111867200         678    16.852    20.749     27.654    2.350       2.521           0      131072            0            1     9782441 
   55579.156017200        16.822        0.025      1001142060001668    2.9463860   29.0656200   00h11m47.13s   29d03m56.23s      2               0    4.279419e-07         446         446         424        16.821            0.005     16.827         16.827   16.829       16.829    0.022       0.016         9782278003216    2.9463150   29.0655720      100114      6   55579.155057200         678    16.830    20.710     27.636    2.150       2.277           0      131072            0            1     9782278 
   55584.132047200        16.806        0.033      1001142060001668    2.9463860   29.0656200   00h11m47.13s   29d03m56.23s      2               0    4.279419e-07         446         446         424        16.821            0.005     16.827         16.827   16.829       16.829    0.022       0.016         9808957004558    2.9463660   29.0656150      100114      6   55584.130637200         683    16.812    21.294     27.636    2.250       2.314           0      131072            0            1     9808957 
   55584.182437200        16.819        0.034      1001142060001668    2.9463860   29.0656200   00h11m47.13s   29d03m56.23s      2               0    4.279419e-07         446         446         424        16.821            0.005     16.827         16.827   16.829       16.829    0.022       0.016         9808947003317    2.9463870   29.0656190      100114      6   55584.181027200         683    16.829    20.677     27.583    3.250       3.586           0      131072            0            1     9808947 
   55585.136547200        16.844        0.029      1001142060001668    2.9463860   29.0656200   00h11m47.13s   29d03m56.23s      2               0    4.279419e-07         446         446         424        16.821            0.005     16.827         16.827   16.829       16.829    0.022       0.016         9806324003825    2.9463700   29.0656160      100114      6   55585.135047200         684    16.823    20.857     27.602    3.050       3.269           0      131072            0            1     9806324 
   55585.179607200        16.823        0.029      1001142060001668    2.9463860   29.0656200   00h11m47.13s   29d03m56.23s      2               0    4.279419e-07         446         446         424        16.821            0.005     16.827         16.827   16.829       16.829    0.022       0.016         9806296003372    2.9463830   29.0656200      100114      6   55585.178097200         684    16.826    20.616     27.572    3.250       3.550           0      131072            0            1     9806296 
   55779.256517200        16.812        0.029      1001142060001668    2.9463860   29.0656200   00h11m47.13s   29d03m56.23s      2               0    4.279419e-07         446         446         424        16.821            0.005     16.827         16.827   16.829       16.829    0.022       0.016        10316383004036    2.9463710   29.0656160      100114      6   55779.258837200         877    16.792    20.928     27.476    2.450       2.647           0      131072            0            1    10316383 
   55779.299377200        16.827        0.029      1001142060001668    2.9463860   29.0656200   00h11m47.13s   29d03m56.23s      2               0    4.279419e-07         446         446         424        16.821            0.005     16.827         16.827   16.829       16.829    0.022       0.016        10316555004925    2.9463600   29.0656250      100114      6   55779.301697200         877    16.818    21.540     27.533    1.950       2.077           0      131072            0            1    10316555 
   55780.252137200        16.823        0.025      1001142060001668    2.9463860   29.0656200   00h11m47.13s   29d03m56.23s      2               0    4.279419e-07         446         446         424        16.821            0.005     16.827         16.827   16.829       16.829    0.022       0.016        10350625004043    2.9463500   29.0655970      100114      6   55780.254537200         878    16.811    20.944     27.483    2.150       2.304           0      131072            0            1    10350625 
   55780.296807200        16.830        0.025      1001142060001668    2.9463860   29.0656200   00h11m47.13s   29d03m56.23s      2               0    4.279419e-07         446         446         424        16.821            0.005     16.827         16.827   16.829       16.829    0.022       0.016        10350740004531    2.9463570   29.0656220      100114      6   55780.299207200         878    16.828    21.337     27.537    2.150       2.297           0      131072            0            1    10350740 
   55782.250877200        16.836        0.025      1001142060001668    2.9463860   29.0656200   00h11m47.13s   29d03m56.23s      2               0    4.279419e-07         446         446         424        16.821            0.005     16.827         16.827   16.829       16.829    0.022       0.016        10353420003290    2.9463650   29.0656090      100114      6   55782.253427200         880    16.835    20.528     27.479    2.650       2.730           0      131072            0            1    10353420 
   55782.303637200        16.834        0.024      1001142060001668    2.9463860   29.0656200   00h11m47.13s   29d03m56.23s      2               0    4.279419e-07         446         446         424        16.821            0.005     16.827         16.827   16.829       16.829    0.022       0.016        10353354004061    2.9463670   29.0656140      100114      6   55782.306187200         880    16.845    20.897     27.544    2.450       2.545           0      131072            0            1    10353354 
   55783.257337200        16.819        0.028      1001142060001668    2.9463860   29.0656200   00h11m47.13s   29d03m56.23s      2               0    4.279419e-07         446         446         424        16.821            0.005     16.827         16.827   16.829       16.829    0.022       0.016        10358010002784    2.9464000   29.0656380      100114      6   55783.259957200         881    16.803    20.112     27.478    3.850       3.753           0      131072            0            1    10358010 
   55783.300977200        16.834        0.027      1001142060001668    2.9463860   29.0656200   00h11m47.13s   29d03m56.23s      2               0    4.279419e-07         446         446         424        16.821            0.005     16.827         16.827   16.829       16.829    0.022       0.016        10357986003345    2.9463850   29.0656300      100114      6   55783.303597200         881    16.830    20.520     27.529    3.150       3.123           0      131072            0            1    10357986 
   55793.206157200        16.840        0.031      1001142060001668    2.9463860   29.0656200   00h11m47.13s   29d03m56.23s      2               0    4.279419e-07         446         446         424        16.821            0.005     16.827         16.827   16.829       16.829    0.022       0.016        10377768004266    2.9463430   29.0655980      100114      6   55793.209487200         891    16.828    21.095     27.460    2.450       2.676           0      131072            0            1    10377768 
   55793.250257200        16.850        0.032      1001142060001668    2.9463860   29.0656200   00h11m47.13s   29d03m56.23s      2               0    4.279419e-07         446         446         424        16.821            0.005     16.827         16.827   16.829       16.829    0.022       0.016        10377837003765    2.9462960   29.0655780      100114      6   55793.253587200         891    16.844    20.830     27.526    2.250       2.357           0      131072            0            1    10377837 
   55794.261357200        16.831        0.059      1001142060001668    2.9463860   29.0656200   00h11m47.13s   29d03m56.23s      2               0    4.279419e-07         446         446         424        16.821            0.005     16.827         16.827   16.829       16.829    0.022       0.016        10379376004521    2.9463760   29.0656170      100114      6   55794.264757200         892    16.793    21.243     27.506    2.150       2.339           0      131072            0            1    10379376 
   55809.166937200        16.845        0.052      1001142060001668    2.9463860   29.0656200   00h11m47.13s   29d03m56.23s      2               0    4.279419e-07         446         446         424        16.821            0.005     16.827         16.827   16.829       16.829    0.022       0.016        10480861002957    2.9463500   29.0656210      100114      6   55809.171207200         907    16.872    20.290     27.305    3.050       3.106           0      131072            0            1    10480861 
   55821.413337200        16.845        0.026      1001142060001668    2.9463860   29.0656200   00h11m47.13s   29d03m56.23s      2               0    4.279419e-07         446         446         424        16.821            0.005     16.827         16.827   16.829       16.829    0.022       0.016        10510181003193    2.9463660   29.0656200      100114      6   55821.418127200         919    16.845    20.579     27.549    2.350       2.509           0      131072            0            1    10510181 
   55821.457057200        16.856        0.027      1001142060001668    2.9463860   29.0656200   00h11m47.13s   29d03m56.23s      2               0    4.279419e-07         446         446         424        16.821            0.005     16.827         16.827   16.829       16.829    0.022       0.016        10510059003102    2.9463610   29.0656240      100114      6   55821.461857200         919    16.851    20.477     27.539    2.450       2.723           0      131072            0            1    10510059 
   55822.363587200        16.831        0.026      1001142060001668    2.9463860   29.0656200   00h11m47.13s   29d03m56.23s      2               0    4.279419e-07         446         446         424        16.821            0.005     16.827         16.827   16.829       16.829    0.022       0.016        10515122003755    2.9463940   29.0656280      100114      6   55822.368417200         920    16.838    20.751     27.545    2.650       2.759           0      131072            0            1    10515122 
   55822.406567200        16.826        0.026      1001142060001668    2.9463860   29.0656200   00h11m47.13s   29d03m56.23s      2               0    4.279419e-07         446         446         424        16.821            0.005     16.827         16.827   16.829       16.829    0.022       0.016        10515141003922    2.9463530   29.0656210      100114      6   55822.411387200         920    16.832    20.969     27.544    2.050       2.223           0      131072            0            1    10515141 
   55838.116477200        16.840        0.028      1001142060001668    2.9463860   29.0656200   00h11m47.13s   29d03m56.23s      2               0    4.279419e-07         446         446         424        16.821            0.005     16.827         16.827   16.829       16.829    0.022       0.016        10569624003663    2.9463800   29.0656140      100114      6   55838.121647200         936    16.832    20.739     27.430    2.450       2.454           0      131072            0            1    10569624 
   55838.195117200        16.832        0.027      1001142060001668    2.9463860   29.0656200   00h11m47.13s   29d03m56.23s      2               0    4.279419e-07         446         446         424        16.821            0.005     16.827         16.827   16.829       16.829    0.022       0.016        10569664003993    2.9463930   29.0656230      100114      6   55838.200287200         936    16.821    20.964     27.487    2.450       2.606           0      131072            0            1    10569664 
   56203.110667200        16.848        0.025      1001142060001668    2.9463860   29.0656200   00h11m47.13s   29d03m56.23s      2               0    4.279419e-07         446         446         424        16.821            0.005     16.827         16.827   16.829       16.829    0.022       0.016        14294087003670    2.9463770   29.0656130      100114      6   56203.115837200        1300    16.871    20.672     27.605    3.250       3.293           0      131072            0            1    14294087 
   56203.138757200        16.834        0.026      1001142060001668    2.9463860   29.0656200   00h11m47.13s   29d03m56.23s      2               0    4.279419e-07         446         446         424        16.821            0.005     16.827         16.827   16.829       16.829    0.022       0.016        14294120003371    2.9463440   29.0656100      100114      6   56203.143927200        1300    16.849    20.711     27.644    2.150       2.242           0      131072            0            1    14294120 
   56203.167877200        16.830        0.026      1001142060001668    2.9463860   29.0656200   00h11m47.13s   29d03m56.23s      2               0    4.279419e-07         446         446         424        16.821            0.005     16.827         16.827   16.829       16.829    0.022       0.016        14294148003395    2.9463580   29.0656130      100114      6   56203.173047200        1300    16.835    20.789     27.670    1.950       2.020           0      131072            0            1    14294148 
   56537.326577200        16.834        0.024      1001142060001668    2.9463860   29.0656200   00h11m47.13s   29d03m56.23s      2               0    4.279419e-07         446         446         424        16.821            0.005     16.827         16.827   16.829       16.829    0.022       0.016        18124330005369    2.9463880   29.0656040      100114      6   56537.330727200        1611    16.839    21.843     27.600    1.850       1.959           0      131072            0            1    18124330 
   56537.518877200        16.829        0.025      1001142060001668    2.9463860   29.0656200   00h11m47.13s   29d03m56.23s      2               0    4.279419e-07         446         446         424        16.821            0.005     16.827         16.827   16.829       16.829    0.022       0.016        18124487003935    2.9463810   29.0656060      100114      6   56537.523037200        1611    16.839    21.118     27.576    1.850       2.138           0      131072            0            1    18124487 
   56540.454177200        16.800        0.101      1001142060001668    2.9463860   29.0656200   00h11m47.13s   29d03m56.23s      2               0    4.279419e-07         446         446         424        16.821            0.005     16.827         16.827   16.829       16.829    0.022       0.016        18197418005232    2.9463880   29.0656060      100114      6   56540.458497200        1614    16.733    21.677     27.525    1.950       2.019           0      131072            0            1    18197418 
   56545.226097200        16.821        0.063      1001142060001668    2.9463860   29.0656200   00h11m47.13s   29d03m56.23s      2               0    4.279419e-07         446         446         424        16.821            0.005     16.827         16.827   16.829       16.829    0.022       0.016        18261747004485    2.9464030   29.0656000      100114      6   56545.230637200        1619    16.684    21.274     27.303    2.050       2.216           0      131072            0            1    18261747 
   56600.264077200        16.827        0.041      1001142060001668    2.9463860   29.0656200   00h11m47.13s   29d03m56.23s      2               0    4.279419e-07         446         446         424        16.821            0.005     16.827         16.827   16.829       16.829    0.022       0.016        18183309004958    2.9463870   29.0656010      100114      6   56600.268797200        1674    16.822    21.610     27.629    2.150       2.311           0      131072            0            1    18183309 
   56600.387007200        16.813        0.046      1001142060001668    2.9463860   29.0656200   00h11m47.13s   29d03m56.23s      2               0    4.279419e-07         446         446         424        16.821            0.005     16.827         16.827   16.829       16.829    0.022       0.016        18183411002123    2.9463850   29.0655990      100114      6   56600.391717200        1674    17.663    20.625     27.516    3.350       3.780           0      131072            0            1    18183411 
   56606.100207200        16.822        0.375      1001142060001668    2.9463860   29.0656200   00h11m47.13s   29d03m56.23s      2               0    4.279419e-07         446         446         424        16.821            0.005     16.827         16.827   16.829       16.829    0.022       0.016        18296938002931    2.9463670   29.0655970      100114      6   56606.104677200        1680    16.801    20.316     27.207    2.250       2.356           0      131072            0            1    18296938 
   56606.160287200        16.848        0.375      1001142060001668    2.9463860   29.0656200   00h11m47.13s   29d03m56.23s      2               0    4.279419e-07         446         446         424        16.821            0.005     16.827         16.827   16.829       16.829    0.022       0.016        18296981002592    2.9463680   29.0656080      100114      6   56606.164757200        1680    17.126    20.496     27.367    2.050       2.238           0      131072            0            1    18296981 
   56606.185397200        16.810        0.375      1001142060001668    2.9463860   29.0656200   00h11m47.13s   29d03m56.23s      2               0    4.279419e-07         446         446         424        16.821            0.005     16.827         16.827   16.829       16.829    0.022       0.016        18297010004554    2.9463870   29.0656040      100114      6   56606.189857200        1680    16.430    20.900     27.266    2.150       2.350           0      131072            0            1    18297010 
