   55059.454527200        18.999        0.052      1001142060002655    2.8058410   29.1427770   00h11m13.40s   29d08m34.00s      2               0    1.382468e-06         416         210         199        18.752            0.006     18.885         18.884   18.893       18.887    0.140       0.134        11899087006219    2.8057440   29.1427000      100114      6   55059.457637200         173    18.995    21.484     27.274    2.350       7.238           0      131073            0            1    11899087 
   55061.424747200        18.983        0.052      1001142060002655    2.8058410   29.1427770   00h11m13.40s   29d08m34.00s      2               0    1.382468e-06         416         210         199        18.752            0.006     18.885         18.884   18.893       18.887    0.140       0.134        11894878006162    2.8057700   29.1427720      100114      6   55061.427997200         175    18.975    21.590     27.245    2.350       7.685           0      131073            0            1    11894878 
   55061.462657200        18.815        0.050      1001142060002655    2.8058410   29.1427770   00h11m13.40s   29d08m34.00s      2               0    1.382468e-06         416         210         199        18.752            0.006     18.885         18.884   18.893       18.887    0.140       0.134        11894740006266    2.8057660   29.1427300      100114      6   55061.465917200         175    18.794    21.695     27.234    2.150       7.830           0      131073            0            1    11894740 
   55063.441527200        18.884        0.047      1001142060002655    2.8058410   29.1427770   00h11m13.40s   29d08m34.00s      2               0    1.382468e-06         416         210         199        18.752            0.006     18.885         18.884   18.893       18.887    0.140       0.134        11890493006567    2.8057740   29.1427290      100114      6   55063.444907200         177    18.879    21.697     27.225    2.150       6.618           0      131073            0            1    11890493 
   55063.486237200        18.914        0.049      1001142060002655    2.8058410   29.1427770   00h11m13.40s   29d08m34.00s      2               0    1.382468e-06         416         210         199        18.752            0.006     18.885         18.884   18.893       18.887    0.140       0.134        11890517006492    2.8057550   29.1427420      100114      6   55063.489627200         177    18.926    21.727     27.222    2.050       7.350           0      131073            0            1    11890517 
   55066.424917200        18.878        0.055      1001142060002655    2.8058410   29.1427770   00h11m13.40s   29d08m34.00s      2               0    1.382468e-06         416         210         199        18.752            0.006     18.885         18.884   18.893       18.887    0.140       0.134        11884710005761    2.8057680   29.1427280      100114      6   55066.428497200         180    18.874    21.568     27.205    2.150       7.303           0      131073            0            1    11884710 
   55066.469697200        18.845        0.052      1001142060002655    2.8058410   29.1427770   00h11m13.40s   29d08m34.00s      2               0    1.382468e-06         416         210         199        18.752            0.006     18.885         18.884   18.893       18.887    0.140       0.134        11884677006260    2.8058140   29.1427260      100114      6   55066.473277200         180    18.833    21.681     27.210    1.950       7.312           0      131073            0            1    11884677 
   55069.459987200        18.800        0.053      1001142060002655    2.8058410   29.1427770   00h11m13.40s   29d08m34.00s      2               0    1.382468e-06         416         210         199        18.752            0.006     18.885         18.884   18.893       18.887    0.140       0.134        11880766005883    2.8056870   29.1427690      100114      6   55069.463757200         183    18.805    21.404     27.266    2.350       7.545           0      131073            0            1    11880766 
   55084.358307200        19.183        0.072      1001142060002655    2.8058410   29.1427770   00h11m13.40s   29d08m34.00s      2               0    1.382468e-06         416         210         199        18.752            0.006     18.885         18.884   18.893       18.887    0.140       0.134        11839089004814    2.8057700   29.1427660      100114      6   55084.362847200         196    19.186    20.971     27.268    2.050       4.575           0      131072            0            1    11839089 
   55089.394887200        18.891        0.051      1001142060002655    2.8058410   29.1427770   00h11m13.40s   29d08m34.00s      2               0    1.382468e-06         416         210         199        18.752            0.006     18.885         18.884   18.893       18.887    0.140       0.134        11854251006070    2.8057430   29.1427050      100114      6   55089.399627200         201    18.891    21.536     27.268    2.150       6.783           0      131073            0            1    11854251 
   55093.379747200        18.917        0.050      1001142060002655    2.8058410   29.1427770   00h11m13.40s   29d08m34.00s      2               0    1.382468e-06         416         210         199        18.752            0.006     18.885         18.884   18.893       18.887    0.140       0.134        11854093006377    2.8057610   29.1426680      100114      6   55093.384617200         205    18.924    21.605     27.231    2.050       7.252           0      131073            0            1    11854093 
   55095.329827200        18.833        0.050      1001142060002655    2.8058410   29.1427770   00h11m13.40s   29d08m34.00s      2               0    1.382468e-06         416         210         199        18.752            0.006     18.885         18.884   18.893       18.887    0.140       0.134        11932331006110    2.8058790   29.1428450      100114      6   55095.334757200         207    18.837    21.453     27.263    2.350       6.508           0      131073            0            1    11932331 
   55095.374507200        18.887        0.051      1001142060002655    2.8058410   29.1427770   00h11m13.40s   29d08m34.00s      2               0    1.382468e-06         416         210         199        18.752            0.006     18.885         18.884   18.893       18.887    0.140       0.134        11932347006025    2.8058430   29.1427810      100114      6   55095.379437200         207    18.893    21.473     27.258    2.350       7.364           0      131073            0            1    11932347 
   55114.378347200        18.821        0.134      1001142060002655    2.8058410   29.1427770   00h11m13.40s   29d08m34.00s      2               0    1.382468e-06         416         210         199        18.752            0.006     18.885         18.884   18.893       18.887    0.140       0.134        11806483005414    2.8057310   29.1426270      100114      6   55114.383547200         223    18.691    21.058     27.621    2.450       8.318           0      131073            0            1    11806483 
   55114.422287200        19.237        0.254      1001142060002655    2.8058410   29.1427770   00h11m13.40s   29d08m34.00s      2               0    1.382468e-06         416         210         199        18.752            0.006     18.885         18.884   18.893       18.887    0.140       0.134        11806409002231    2.8055570   29.1426470      100114      6   55114.427497200         223    19.918    20.299     27.421    2.350       2.294           0           0            0            1    11806409 
   55119.413187200        18.875        0.077      1001142060002655    2.8058410   29.1427770   00h11m13.40s   29d08m34.00s      2               0    1.382468e-06         416         210         199        18.752            0.006     18.885         18.884   18.893       18.887    0.140       0.134        11838687004735    2.8058010   29.1427710      100114      6   55119.418367200         228    18.892    21.301     27.715    2.350       6.726           0      131073            0            1    11838687 
   55119.476747200        18.890        0.080      1001142060002655    2.8058410   29.1427770   00h11m13.40s   29d08m34.00s      2               0    1.382468e-06         416         210         199        18.752            0.006     18.885         18.884   18.893       18.887    0.140       0.134        11838673004279    2.8059450   29.1429280      100114      6   55119.481927200         228    18.898    20.801     27.632    2.950       9.278           0      131073            0            1    11838673 
   55123.287437200        18.889        0.058      1001142060002655    2.8058410   29.1427770   00h11m13.40s   29d08m34.00s      2               0    1.382468e-06         416         210         199        18.752            0.006     18.885         18.884   18.893       18.887    0.140       0.134        11812963005719    2.8057380   29.1427200      100114      6   55123.292577200         232    18.900    21.571     27.757    2.350       6.869           0      131073            0            1    11812963 
   55123.336467200        18.812        0.061      1001142060002655    2.8058410   29.1427770   00h11m13.40s   29d08m34.00s      2               0    1.382468e-06         416         210         199        18.752            0.006     18.885         18.884   18.893       18.887    0.140       0.134        11812935005755    2.8057720   29.1427880      100114      6   55123.341607200         232    18.818    21.513     27.748    2.350       7.408           0      131073            0            1    11812935 
   55138.211887200        19.016        0.132      1001142060002655    2.8058410   29.1427770   00h11m13.40s   29d08m34.00s      2               0    1.382468e-06         416         210         199        18.752            0.006     18.885         18.884   18.893       18.887    0.140       0.134        11788529003069    2.8057570   29.1429990      100114      6   55138.216647200         245    19.016    20.421     27.769    2.250       5.275           0      131072            0            1    11788529 
   55138.255917200        18.846        0.113      1001142060002655    2.8058410   29.1427770   00h11m13.40s   29d08m34.00s      2               0    1.382468e-06         416         210         199        18.752            0.006     18.885         18.884   18.893       18.887    0.140       0.134        11788408003051    2.8057780   29.1427410      100114      6   55138.260667200         245    18.846    20.370     27.770    2.350       6.962           0      131072            0            1    11788408 
   55142.340347200        18.985        0.065      1001142060002655    2.8058410   29.1427770   00h11m13.40s   29d08m34.00s      2               0    1.382468e-06         416         210         199        18.752            0.006     18.885         18.884   18.893       18.887    0.140       0.134        11792944004654    2.8058370   29.1428330      100114      6   55142.344937200         282    18.986    21.053     27.748    2.350       6.455           0      131072            0            1    11792944 
   55144.317337200        18.830        0.093      1001142060002655    2.8058410   29.1427770   00h11m13.40s   29d08m34.00s      2               0    1.382468e-06         416         210         199        18.752            0.006     18.885         18.884   18.893       18.887    0.140       0.134        11799803005185    2.8058360   29.1427110      100114      6   55144.321847200         250    18.839    21.261     27.741    2.150       7.556           0      131072            0            1    11799803 
   55144.361137200        18.760        0.105      1001142060002655    2.8058410   29.1427770   00h11m13.40s   29d08m34.00s      2               0    1.382468e-06         416         210         199        18.752            0.006     18.885         18.884   18.893       18.887    0.140       0.134        11799911004755    2.8059980   29.1427850      100114      6   55144.365637200         250    18.798    21.199     27.744    2.050       9.071           0      131073            0            1    11799911 
   55152.173527200        18.888        0.061      1001142060002655    2.8058410   29.1427770   00h11m13.40s   29d08m34.00s      2               0    1.382468e-06         416         210         199        18.752            0.006     18.885         18.884   18.893       18.887    0.140       0.134        11803159005170    2.8058000   29.1427730      100114      6   55152.177637200         258    18.895    21.336     27.795    2.750       8.219           0      131073            0            1    11803159 
   55152.217537200        18.705        0.062      1001142060002655    2.8058410   29.1427770   00h11m13.40s   29d08m34.00s      2               0    1.382468e-06         416         210         199        18.752            0.006     18.885         18.884   18.893       18.887    0.140       0.134        11803084005209    2.8058250   29.1426600      100114      6   55152.221637200         258    18.704    21.356     27.789    2.650       8.411           0      131073            0            1    11803084 
   55166.229767200        18.916        0.121      1001142060002655    2.8058410   29.1427770   00h11m13.40s   29d08m34.00s      2               0    1.382468e-06         416         210         199        18.752            0.006     18.885         18.884   18.893       18.887    0.140       0.134        11770064003248    2.8058140   29.1428070      100114      6   55166.232957200         271    18.904    20.552     27.783    2.250       5.818           0      131072            0            1    11770064 
   55168.184237200        18.917        0.094      1001142060002655    2.8058410   29.1427770   00h11m13.40s   29d08m34.00s      2               0    1.382468e-06         416         210         199        18.752            0.006     18.885         18.884   18.893       18.887    0.140       0.134        12344573003730    2.8058040   29.1426790      100114      6   55168.187287200         273    18.910    20.737     27.782    2.350       6.996           0      131072            0            1    12344573 
   55168.274097200        19.026        0.122      1001142060002655    2.8058410   29.1427770   00h11m13.40s   29d08m34.00s      2               0    1.382468e-06         416         210         199        18.752            0.006     18.885         18.884   18.893       18.887    0.140       0.134        12344664003416    2.8057970   29.1427940      100114      6   55168.277137200         273    19.029    20.673     27.761    2.050       7.423           0      131072            0            1    12344664 
   55194.097327200        19.016        0.106      1001142060002655    2.8058410   29.1427770   00h11m13.40s   29d08m34.00s      2               0    1.382468e-06         416         210         199        18.752            0.006     18.885         18.884   18.893       18.887    0.140       0.134        12652253003690    2.8057740   29.1426620      100114      6   55194.098187200         302    18.112    19.782     26.867    2.350       8.157           0      131072            0            1    12652253 
   55201.108777200        19.005        0.089      1001142060002655    2.8058410   29.1427770   00h11m13.40s   29d08m34.00s      2               0    1.382468e-06         416         210         199        18.752            0.006     18.885         18.884   18.893       18.887    0.140       0.134        11702553003971    2.8059490   29.1429920      100114      6   55201.108987200         310    18.802    20.391     27.238    2.750       8.312           0      131072            0            1    11702553 
   55207.154177200        18.913        0.054      1001142060002655    2.8058410   29.1427770   00h11m13.40s   29d08m34.00s      2               0    1.382468e-06         416         210         199        18.752            0.006     18.885         18.884   18.893       18.887    0.140       0.134        11745244005403    2.8057690   29.1426590      100114      6   55207.153837200         316    18.899    21.574     27.746    1.950       6.635           0      131072            0            1    11745244 
   55207.228427200        18.936        0.081      1001142060002655    2.8058410   29.1427770   00h11m13.40s   29d08m34.00s      2               0    1.382468e-06         416         210         199        18.752            0.006     18.885         18.884   18.893       18.887    0.140       0.134        11745242004381    2.8057840   29.1427350      100114      6   55207.228077200         316    19.006    21.053     27.695    2.150       6.565           0      131072            0            1    11745242 
   55209.134757200        18.976        0.078      1001142060002655    2.8058410   29.1427770   00h11m13.40s   29d08m34.00s      2               0    1.382468e-06         416         210         199        18.752            0.006     18.885         18.884   18.893       18.887    0.140       0.134        11741608005658    2.8058050   29.1426620      100114      6   55209.134227200         318    18.978    21.561     27.789    2.150       6.718           0      131073            0            1    11741608 
   55209.179387200        18.782        0.079      1001142060002655    2.8058410   29.1427770   00h11m13.40s   29d08m34.00s      2               0    1.382468e-06         416         210         199        18.752            0.006     18.885         18.884   18.893       18.887    0.140       0.134        11741584004939    2.8058530   29.1427970      100114      6   55209.178857200         318    18.764    21.186     27.739    2.650       7.863           0      131073            0            1    11741584 
   55422.309447200        18.916        0.055      1001142060002655    2.8058410   29.1427770   00h11m13.40s   29d08m34.00s      2               0    1.382468e-06         416         210         199        18.752            0.006     18.885         18.884   18.893       18.887    0.140       0.134        11149993005130    2.8058500   29.1428380      100114      6   55422.312387200         521    18.904    21.616     27.667    2.250       6.886           0      131073            0            1    11149993 
   55422.336907200        18.728        0.052      1001142060002655    2.8058410   29.1427770   00h11m13.40s   29d08m34.00s      2               0    1.382468e-06         416         210         199        18.752            0.006     18.885         18.884   18.893       18.887    0.140       0.134        11149840005298    2.8058080   29.1428240      100114      6   55422.339857200         521    18.720    21.584     27.681    2.550       6.627           0      131073            0            1    11149840 
   55422.350847200        18.780        0.052      1001142060002655    2.8058410   29.1427770   00h11m13.40s   29d08m34.00s      2               0    1.382468e-06         416         210         199        18.752            0.006     18.885         18.884   18.893       18.887    0.140       0.134        11150034005864    2.8058180   29.1427950      100114      6   55422.353787200         521    18.769    21.778     27.686    2.150       6.730           0      131073            0            1    11150034 
   55422.362757200        18.811        0.052      1001142060002655    2.8058410   29.1427770   00h11m13.40s   29d08m34.00s      2               0    1.382468e-06         416         210         199        18.752            0.006     18.885         18.884   18.893       18.887    0.140       0.134        11149808005845    2.8057760   29.1427470      100114      6   55422.365697200         521    18.804    21.773     27.689    2.250       8.712           0      131073            0            1    11149808 
   55422.374317200        18.760        0.057      1001142060002655    2.8058410   29.1427770   00h11m13.40s   29d08m34.00s      2               0    1.382468e-06         416         210         199        18.752            0.006     18.885         18.884   18.893       18.887    0.140       0.134        11149932005603    2.8057530   29.1426980      100114      6   55422.377267200         521    18.758    21.678     27.692    2.450       8.873           0      131073            0            1    11149932 
   55422.386737200        18.797        0.051      1001142060002655    2.8058410   29.1427770   00h11m13.40s   29d08m34.00s      2               0    1.382468e-06         416         210         199        18.752            0.006     18.885         18.884   18.893       18.887    0.140       0.134        11149844005637    2.8058220   29.1427220      100114      6   55422.389687200         521    18.792    21.949     27.694    1.950       6.726           0      131073            0            1    11149844 
   55422.399047200        18.890        0.049      1001142060002655    2.8058410   29.1427770   00h11m13.40s   29d08m34.00s      2               0    1.382468e-06         416         210         199        18.752            0.006     18.885         18.884   18.893       18.887    0.140       0.134        11149936005300    2.8058140   29.1427990      100114      6   55422.401997200         521    18.890    21.759     27.695    2.350       6.510           0      131073            0            1    11149936 
   55422.412987200        18.869        0.052      1001142060002655    2.8058410   29.1427770   00h11m13.40s   29d08m34.00s      2               0    1.382468e-06         416         210         199        18.752            0.006     18.885         18.884   18.893       18.887    0.140       0.134        11149893005669    2.8058460   29.1428580      100114      6   55422.415937200         521    18.867    21.756     27.696    2.350       8.701           0      131073            0            1    11149893 
   55422.426747200        18.883        0.054      1001142060002655    2.8058410   29.1427770   00h11m13.40s   29d08m34.00s      2               0    1.382468e-06         416         210         199        18.752            0.006     18.885         18.884   18.893       18.887    0.140       0.134        11149865005760    2.8058020   29.1428140      100114      6   55422.429697200         521    18.879    21.736     27.696    2.350       6.635           0      131073            0            1    11149865 
   55422.439457200        18.704        0.048      1001142060002655    2.8058410   29.1427770   00h11m13.40s   29d08m34.00s      2               0    1.382468e-06         416         210         199        18.752            0.006     18.885         18.884   18.893       18.887    0.140       0.134        11149856005871    2.8057620   29.1427860      100114      6   55422.442407200         521    18.699    21.701     27.696    2.450       8.557           0      131073            0            1    11149856 
   55422.466737200        18.952        0.055      1001142060002655    2.8058410   29.1427770   00h11m13.40s   29d08m34.00s      2               0    1.382468e-06         416         210         199        18.752            0.006     18.885         18.884   18.893       18.887    0.140       0.134        11150061005457    2.8057870   29.1427580      100114      6   55422.469687200         521    18.946    21.569     27.692    2.750       6.588           0      131073            0            1    11150061 
   55422.483747200        18.925        0.054      1001142060002655    2.8058410   29.1427770   00h11m13.40s   29d08m34.00s      2               0    1.382468e-06         416         210         199        18.752            0.006     18.885         18.884   18.893       18.887    0.140       0.134        11149979005822    2.8057980   29.1427400      100114      6   55422.486707200         521    18.917    21.720     27.689    2.350       6.680           0      131073            0            1    11149979 
   55422.498897200        18.964        0.056      1001142060002655    2.8058410   29.1427770   00h11m13.40s   29d08m34.00s      2               0    1.382468e-06         416         210         199        18.752            0.006     18.885         18.884   18.893       18.887    0.140       0.134        11149810005230    2.8058610   29.1428330      100114      6   55422.501857200         521    18.958    21.492     27.684    2.450       5.935           0      131073            0            1    11149810 
   55423.307897200        18.780        0.051      1001142060002655    2.8058410   29.1427770   00h11m13.40s   29d08m34.00s      2               0    1.382468e-06         416         210         199        18.752            0.006     18.885         18.884   18.893       18.887    0.140       0.134        11147042005445    2.8058270   29.1428030      100114      6   55423.310907200         522    18.773    21.691     27.665    2.050       7.483           0      131073            0            1    11147042 
   55423.325617200        18.816        0.052      1001142060002655    2.8058410   29.1427770   00h11m13.40s   29d08m34.00s      2               0    1.382468e-06         416         210         199        18.752            0.006     18.885         18.884   18.893       18.887    0.140       0.134        11147017005863    2.8058290   29.1426790      100114      6   55423.328627200         522    18.807    21.731     27.672    2.050       6.513           0      131073            0            1    11147017 
   55423.339857200        18.815        0.056      1001142060002655    2.8058410   29.1427770   00h11m13.40s   29d08m34.00s      2               0    1.382468e-06         416         210         199        18.752            0.006     18.885         18.884   18.893       18.887    0.140       0.134        11147166005638    2.8058340   29.1428150      100114      6   55423.342877200         522    18.806    21.672     27.676    2.250       7.694           0      131073            0            1    11147166 
   55423.353677200        18.703        0.052      1001142060002655    2.8058410   29.1427770   00h11m13.40s   29d08m34.00s      2               0    1.382468e-06         416         210         199        18.752            0.006     18.885         18.884   18.893       18.887    0.140       0.134        11147138005925    2.8058610   29.1427640      100114      6   55423.356697200         522    18.696    21.888     27.680    1.850       6.755           0      131073            0            1    11147138 
   55423.365657200        18.971        0.050      1001142060002655    2.8058410   29.1427770   00h11m13.40s   29d08m34.00s      2               0    1.382468e-06         416         210         199        18.752            0.006     18.885         18.884   18.893       18.887    0.140       0.134        11146989005047    2.8057980   29.1426740      100114      6   55423.368677200         522    18.962    21.919     27.682    1.850       6.322           0      131073            0            1    11146989 
   55423.382637200        18.818        0.050      1001142060002655    2.8058410   29.1427770   00h11m13.40s   29d08m34.00s      2               0    1.382468e-06         416         210         199        18.752            0.006     18.885         18.884   18.893       18.887    0.140       0.134        11147033005553    2.8057960   29.1426060      100114      6   55423.385657200         522    18.811    21.777     27.684    2.150       6.950           0      131072            0            1    11147033 
   55423.397187200        18.852        0.053      1001142060002655    2.8058410   29.1427770   00h11m13.40s   29d08m34.00s      2               0    1.382468e-06         416         210         199        18.752            0.006     18.885         18.884   18.893       18.887    0.140       0.134        11147208005999    2.8057580   29.1427870      100114      6   55423.400207200         522    18.848    21.861     27.684    2.050       7.570           0      131073            0            1    11147208 
   55423.412007200        18.623        0.051      1001142060002655    2.8058410   29.1427770   00h11m13.40s   29d08m34.00s      2               0    1.382468e-06         416         210         199        18.752            0.006     18.885         18.884   18.893       18.887    0.140       0.134        11147124005568    2.8058050   29.1427190      100114      6   55423.415027200         522    18.616    21.848     27.685    2.050       7.196           0      131073            0            1    11147124 
   55423.426547200        18.776        0.047      1001142060002655    2.8058410   29.1427770   00h11m13.40s   29d08m34.00s      2               0    1.382468e-06         416         210         199        18.752            0.006     18.885         18.884   18.893       18.887    0.140       0.134        11147117005995    2.8057880   29.1427500      100114      6   55423.429567200         522    18.772    21.978     27.684    1.850       7.579           0      131073            0            1    11147117 
   55423.440577200        18.854        0.048      1001142060002655    2.8058410   29.1427770   00h11m13.40s   29d08m34.00s      2               0    1.382468e-06         416         210         199        18.752            0.006     18.885         18.884   18.893       18.887    0.140       0.134        11147201005862    2.8057950   29.1427800      100114      6   55423.443597200         522    18.851    21.808     27.683    2.150       7.233           0      131073            0            1    11147201 
   55423.466517200        18.836        0.051      1001142060002655    2.8058410   29.1427770   00h11m13.40s   29d08m34.00s      2               0    1.382468e-06         416         210         199        18.752            0.006     18.885         18.884   18.893       18.887    0.140       0.134        11147175005888    2.8057950   29.1427390      100114      6   55423.469537200         522    18.830    21.797     27.680    2.150       7.159           0      131073            0            1    11147175 
   55423.482907200        18.772        0.051      1001142060002655    2.8058410   29.1427770   00h11m13.40s   29d08m34.00s      2               0    1.382468e-06         416         210         199        18.752            0.006     18.885         18.884   18.893       18.887    0.140       0.134        11147187005800    2.8058120   29.1428200      100114      6   55423.485927200         522    18.762    21.805     27.676    2.050       7.397           0      131073            0            1    11147187 
   55423.497167200        18.845        0.053      1001142060002655    2.8058410   29.1427770   00h11m13.40s   29d08m34.00s      2               0    1.382468e-06         416         210         199        18.752            0.006     18.885         18.884   18.893       18.887    0.140       0.134        11147101005644    2.8057580   29.1427200      100114      6   55423.500187200         522    18.833    21.561     27.673    2.350       8.907           0      131073            0            1    11147101 
   55424.304627200        18.692        0.062      1001142060002655    2.8058410   29.1427770   00h11m13.40s   29d08m34.00s      2               0    1.382468e-06         416         210         199        18.752            0.006     18.885         18.884   18.893       18.887    0.140       0.134        11144740005554    2.8058710   29.1427490      100114      6   55424.307717200         523    18.666    21.658     27.574    1.950       8.298           0      131073            0            1    11144740 
   55424.318437200        18.717        0.057      1001142060002655    2.8058410   29.1427770   00h11m13.40s   29d08m34.00s      2               0    1.382468e-06         416         210         199        18.752            0.006     18.885         18.884   18.893       18.887    0.140       0.134        11144697005521    2.8058330   29.1429150      100114      6   55424.321517200         523    18.695    21.634     27.587    2.050       8.136           0      131073            0            1    11144697 
   55424.332167200        18.889        0.063      1001142060002655    2.8058410   29.1427770   00h11m13.40s   29d08m34.00s      2               0    1.382468e-06         416         210         199        18.752            0.006     18.885         18.884   18.893       18.887    0.140       0.134        11144728005160    2.8058320   29.1428320      100114      6   55424.335247200         523    18.899    21.575     27.597    2.250       8.119           0      131073            0            1    11144728 
   55424.348687200        18.970        0.062      1001142060002655    2.8058410   29.1427770   00h11m13.40s   29d08m34.00s      2               0    1.382468e-06         416         210         199        18.752            0.006     18.885         18.884   18.893       18.887    0.140       0.134        11144712004585    2.8057940   29.1427290      100114      6   55424.351777200         523    18.967    21.661     27.608    2.150       7.393           0      131072            0            1    11144712 
   55424.360497200        18.707        0.058      1001142060002655    2.8058410   29.1427770   00h11m13.40s   29d08m34.00s      2               0    1.382468e-06         416         210         199        18.752            0.006     18.885         18.884   18.893       18.887    0.140       0.134        11144729005667    2.8057980   29.1428050      100114      6   55424.363587200         523    18.698    21.644     27.615    2.250       7.196           0      131073            0            1    11144729 
   55424.373007200        18.789        0.059      1001142060002655    2.8058410   29.1427770   00h11m13.40s   29d08m34.00s      2               0    1.382468e-06         416         210         199        18.752            0.006     18.885         18.884   18.893       18.887    0.140       0.134        11144736005289    2.8058030   29.1427380      100114      6   55424.376097200         523    18.779    21.800     27.621    1.950       7.983           0      131073            0            1    11144736 
   55424.386287200        18.847        0.056      1001142060002655    2.8058410   29.1427770   00h11m13.40s   29d08m34.00s      2               0    1.382468e-06         416         210         199        18.752            0.006     18.885         18.884   18.893       18.887    0.140       0.134        11144739004773    2.8058060   29.1428000      100114      6   55424.389377200         523    18.846    21.770     27.626    2.050       8.023           0      131073            0            1    11144739 
   55424.399217200        18.788        0.054      1001142060002655    2.8058410   29.1427770   00h11m13.40s   29d08m34.00s      2               0    1.382468e-06         416         210         199        18.752            0.006     18.885         18.884   18.893       18.887    0.140       0.134        11144897005314    2.8057780   29.1426980      100114      6   55424.402307200         523    18.783    21.795     27.630    2.050       7.678           0      131073            0            1    11144897 
   55424.413257200        18.845        0.060      1001142060002655    2.8058410   29.1427770   00h11m13.40s   29d08m34.00s      2               0    1.382468e-06         416         210         199        18.752            0.006     18.885         18.884   18.893       18.887    0.140       0.134        11144757005928    2.8057950   29.1427940      100114      6   55424.416347200         523    18.839    21.805     27.634    2.050       7.852           0      131073            0            1    11144757 
   55424.428257200        18.878        0.058      1001142060002655    2.8058410   29.1427770   00h11m13.40s   29d08m34.00s      2               0    1.382468e-06         416         210         199        18.752            0.006     18.885         18.884   18.893       18.887    0.140       0.134        11144756005920    2.8058240   29.1427740      100114      6   55424.431347200         523    18.878    21.761     27.637    2.150       6.458           0      131072            0            1    11144756 
   55424.440317200        18.855        0.056      1001142060002655    2.8058410   29.1427770   00h11m13.40s   29d08m34.00s      2               0    1.382468e-06         416         210         199        18.752            0.006     18.885         18.884   18.893       18.887    0.140       0.134        11144916006068    2.8057430   29.1427540      100114      6   55424.443407200         523    18.857    21.863     27.639    1.950       5.553           0      131072            0            1    11144916 
   55424.456717200        18.788        0.059      1001142060002655    2.8058410   29.1427770   00h11m13.40s   29d08m34.00s      2               0    1.382468e-06         416         210         199        18.752            0.006     18.885         18.884   18.893       18.887    0.140       0.134        11144849005921    2.8058340   29.1428040      100114      6   55424.459807200         523    18.791    21.652     27.640    2.350       6.984           0      131073            0            1    11144849 
   55424.469517200        18.849        0.053      1001142060002655    2.8058410   29.1427770   00h11m13.40s   29d08m34.00s      2               0    1.382468e-06         416         210         199        18.752            0.006     18.885         18.884   18.893       18.887    0.140       0.134        11144704005920    2.8058440   29.1428730      100114      6   55424.472607200         523    18.850    21.753     27.641    2.150       6.784           0      131073            0            1    11144704 
   55424.484247200        18.786        0.053      1001142060002655    2.8058410   29.1427770   00h11m13.40s   29d08m34.00s      2               0    1.382468e-06         416         210         199        18.752            0.006     18.885         18.884   18.893       18.887    0.140       0.134        11144794005864    2.8057850   29.1428130      100114      6   55424.487347200         523    18.790    21.790     27.640    2.050       7.028           0      131073            0            1    11144794 
   55424.496347200        18.747        0.057      1001142060002655    2.8058410   29.1427770   00h11m13.40s   29d08m34.00s      2               0    1.382468e-06         416         210         199        18.752            0.006     18.885         18.884   18.893       18.887    0.140       0.134        11144863005436    2.8058350   29.1427790      100114      6   55424.499437200         523    18.749    21.793     27.639    1.950       6.245           0      131073            0            1    11144863 
   55424.510947200        19.075        0.099      1001142060002655    2.8058410   29.1427770   00h11m13.40s   29d08m34.00s      2               0    1.382468e-06         416         210         199        18.752            0.006     18.885         18.884   18.893       18.887    0.140       0.134        11144852004227    2.8058840   29.1426860      100114      6   55424.514047200         523    19.083    20.941     27.636    2.150       7.479           0      131072            0            1    11144852 
   55425.307457200        18.884        0.064      1001142060002655    2.8058410   29.1427770   00h11m13.40s   29d08m34.00s      2               0    1.382468e-06         416         210         199        18.752            0.006     18.885         18.884   18.893       18.887    0.140       0.134        11141871005739    2.8058270   29.1427840      100114      6   55425.310607200         524    18.892    21.764     27.579    1.850       5.671           0      131073            0            1    11141871 
   55425.337167200        18.824        0.062      1001142060002655    2.8058410   29.1427770   00h11m13.40s   29d08m34.00s      2               0    1.382468e-06         416         210         199        18.752            0.006     18.885         18.884   18.893       18.887    0.140       0.134        11141949005686    2.8058260   29.1427720      100114      6   55425.340317200         524    18.838    21.827     27.606    1.850       6.655           0      131073            0            1    11141949 
   55425.350517200        18.774        0.065      1001142060002655    2.8058410   29.1427770   00h11m13.40s   29d08m34.00s      2               0    1.382468e-06         416         210         199        18.752            0.006     18.885         18.884   18.893       18.887    0.140       0.134        11141931005829    2.8058460   29.1428230      100114      6   55425.353677200         524    18.785    21.791     27.614    1.950       6.789           0      131072            0            1    11141931 
   55425.363627200        18.826        0.059      1001142060002655    2.8058410   29.1427770   00h11m13.40s   29d08m34.00s      2               0    1.382468e-06         416         210         199        18.752            0.006     18.885         18.884   18.893       18.887    0.140       0.134        11141741005889    2.8058150   29.1428720      100114      6   55425.366777200         524    18.837    21.864     27.620    1.850       7.188           0      131073            0            1    11141741 
   55425.376027200        18.946        0.061      1001142060002655    2.8058410   29.1427770   00h11m13.40s   29d08m34.00s      2               0    1.382468e-06         416         210         199        18.752            0.006     18.885         18.884   18.893       18.887    0.140       0.134        11141721005965    2.8058250   29.1427090      100114      6   55425.379187200         524    18.954    21.941     27.625    1.750       7.989           0      131072            0            1    11141721 
   55425.388077200        18.908        0.060      1001142060002655    2.8058410   29.1427770   00h11m13.40s   29d08m34.00s      2               0    1.382468e-06         416         210         199        18.752            0.006     18.885         18.884   18.893       18.887    0.140       0.134        11141831005926    2.8057680   29.1427570      100114      6   55425.391237200         524    18.912    21.932     27.627    1.750       7.054           0      131072            0            1    11141831 
   55425.404397200        18.767        0.056      1001142060002655    2.8058410   29.1427770   00h11m13.40s   29d08m34.00s      2               0    1.382468e-06         416         210         199        18.752            0.006     18.885         18.884   18.893       18.887    0.140       0.134        11141784006046    2.8057730   29.1426340      100114      6   55425.407557200         524    18.769    21.953     27.629    1.750       6.958           0      131073            0            1    11141784 
   55425.418827200        18.781        0.060      1001142060002655    2.8058410   29.1427770   00h11m13.40s   29d08m34.00s      2               0    1.382468e-06         416         210         199        18.752            0.006     18.885         18.884   18.893       18.887    0.140       0.134        11141881006028    2.8057960   29.1427660      100114      6   55425.421987200         524    18.786    21.910     27.628    1.850       6.981           0      131073            0            1    11141881 
   55425.433137200        18.855        0.058      1001142060002655    2.8058410   29.1427770   00h11m13.40s   29d08m34.00s      2               0    1.382468e-06         416         210         199        18.752            0.006     18.885         18.884   18.893       18.887    0.140       0.134        11141759005936    2.8057620   29.1427360      100114      6   55425.436297200         524    18.864    21.967     27.626    1.750       7.295           0      131073            0            1    11141759 
   55425.447817200        18.918        0.058      1001142060002655    2.8058410   29.1427770   00h11m13.40s   29d08m34.00s      2               0    1.382468e-06         416         210         199        18.752            0.006     18.885         18.884   18.893       18.887    0.140       0.134        11141908005878    2.8057630   29.1427720      100114      6   55425.450977200         524    18.921    21.839     27.622    1.950       6.109           0      131072            0            1    11141908 
   55425.474857200        18.770        0.071      1001142060002655    2.8058410   29.1427770   00h11m13.40s   29d08m34.00s      2               0    1.382468e-06         416         210         199        18.752            0.006     18.885         18.884   18.893       18.887    0.140       0.134        11141807004987    2.8057620   29.1427350      100114      6   55425.478027200         524    18.766    21.402     27.609    2.450       8.146           0      131073            0            1    11141807 
   55425.490117200        18.893        0.061      1001142060002655    2.8058410   29.1427770   00h11m13.40s   29d08m34.00s      2               0    1.382468e-06         416         210         199        18.752            0.006     18.885         18.884   18.893       18.887    0.140       0.134        11141887005682    2.8057940   29.1427800      100114      6   55425.493277200         524    18.878    21.711     27.599    2.050       6.878           0      131072            0            1    11141887 
   55425.508007200        18.978        0.073      1001142060002655    2.8058410   29.1427770   00h11m13.40s   29d08m34.00s      2               0    1.382468e-06         416         210         199        18.752            0.006     18.885         18.884   18.893       18.887    0.140       0.134        11141907004652    2.8057780   29.1426570      100114      6   55425.511177200         524    18.955    21.178     27.584    1.850       6.576           0      131072            0            1    11141907 
   55426.298337200        18.724        0.094      1001142060002655    2.8058410   29.1427770   00h11m13.40s   29d08m34.00s      2               0    1.382468e-06         416         210         199        18.752            0.006     18.885         18.884   18.893       18.887    0.140       0.134        11198449004653    2.8058520   29.1428680      100114      6   55426.301557200         525    18.833    21.363     27.589    1.950       9.507           0      131072            0            1    11198449 
   55426.310667200        18.967        0.094      1001142060002655    2.8058410   29.1427770   00h11m13.40s   29d08m34.00s      2               0    1.382468e-06         416         210         199        18.752            0.006     18.885         18.884   18.893       18.887    0.140       0.134        11198465004971    2.8058740   29.1428210      100114      6   55426.313897200         525    19.001    21.440     27.603    2.150       7.982           0      131072            0            1    11198465 
   55426.323307200        18.904        0.085      1001142060002655    2.8058410   29.1427770   00h11m13.40s   29d08m34.00s      2               0    1.382468e-06         416         210         199        18.752            0.006     18.885         18.884   18.893       18.887    0.140       0.134        11198500005244    2.8058040   29.1427000      100114      6   55426.326537200         525    18.956    21.648     27.614    1.950       6.484           0      131072            0            1    11198500 
   55426.336037200        18.799        0.085      1001142060002655    2.8058410   29.1427770   00h11m13.40s   29d08m34.00s      2               0    1.382468e-06         416         210         199        18.752            0.006     18.885         18.884   18.893       18.887    0.140       0.134        11198463005392    2.8058540   29.1427640      100114      6   55426.339267200         525    18.770    21.828     27.623    1.850       7.991           0      131073            0            1    11198463 
   55426.350587200        18.908        0.083      1001142060002655    2.8058410   29.1427770   00h11m13.40s   29d08m34.00s      2               0    1.382468e-06         416         210         199        18.752            0.006     18.885         18.884   18.893       18.887    0.140       0.134        11198423004854    2.8058010   29.1427070      100114      6   55426.353817200         525    18.882    21.803     27.630    1.950       7.392           0      131073            0            1    11198423 
   55426.364347200        18.804        0.084      1001142060002655    2.8058410   29.1427770   00h11m13.40s   29d08m34.00s      2               0    1.382468e-06         416         210         199        18.752            0.006     18.885         18.884   18.893       18.887    0.140       0.134        11198510004765    2.8058150   29.1426870      100114      6   55426.367577200         525    18.782    21.765     27.634    2.050       7.531           0      131072            0            1    11198510 
   55426.378217200        18.954        0.082      1001142060002655    2.8058410   29.1427770   00h11m13.40s   29d08m34.00s      2               0    1.382468e-06         416         210         199        18.752            0.006     18.885         18.884   18.893       18.887    0.140       0.134        11198411005310    2.8058080   29.1427310      100114      6   55426.381447200         525    18.935    21.786     27.637    2.050       6.131           0      131072            0            1    11198411 
   55426.406357200        18.749        0.083      1001142060002655    2.8058410   29.1427770   00h11m13.40s   29d08m34.00s      2               0    1.382468e-06         416         210         199        18.752            0.006     18.885         18.884   18.893       18.887    0.140       0.134        11198401006172    2.8057670   29.1427060      100114      6   55426.409587200         525    18.722    21.906     27.635    1.850       6.717           0      131073            0            1    11198401 
   55426.418877200        18.715        0.080      1001142060002655    2.8058410   29.1427770   00h11m13.40s   29d08m34.00s      2               0    1.382468e-06         416         210         199        18.752            0.006     18.885         18.884   18.893       18.887    0.140       0.134        11198404006254    2.8057630   29.1428020      100114      6   55426.422107200         525    18.690    21.847     27.632    1.950       7.363           0      131073            0            1    11198404 
   55426.430467200        18.766        0.086      1001142060002655    2.8058410   29.1427770   00h11m13.40s   29d08m34.00s      2               0    1.382468e-06         416         210         199        18.752            0.006     18.885         18.884   18.893       18.887    0.140       0.134        11198542005652    2.8057250   29.1427790      100114      6   55426.433697200         525    18.751    21.667     27.629    1.950       7.984           0      131073            0            1    11198542 
   55426.460817200        18.843        0.083      1001142060002655    2.8058410   29.1427770   00h11m13.40s   29d08m34.00s      2               0    1.382468e-06         416         210         199        18.752            0.006     18.885         18.884   18.893       18.887    0.140       0.134        11198420006057    2.8057360   29.1427560      100114      6   55426.464057200         525    18.799    21.878     27.612    1.850       7.969           0      131073            0            1    11198420 
   55426.473597200        18.974        0.089      1001142060002655    2.8058410   29.1427770   00h11m13.40s   29d08m34.00s      2               0    1.382468e-06         416         210         199        18.752            0.006     18.885         18.884   18.893       18.887    0.140       0.134        11198486005085    2.8057610   29.1427470      100114      6   55426.476837200         525    19.078    21.555     27.603    2.050       6.318           0      131072            0            1    11198486 
   55426.489177200        18.899        0.081      1001142060002655    2.8058410   29.1427770   00h11m13.40s   29d08m34.00s      2               0    1.382468e-06         416         210         199        18.752            0.006     18.885         18.884   18.893       18.887    0.140       0.134        11198427004704    2.8057530   29.1427380      100114      6   55426.492417200         525    18.837    21.687     27.589    2.050       6.701           0      131072            0            1    11198427 
   55428.291957200        18.869        0.079      1001142060002655    2.8058410   29.1427770   00h11m13.40s   29d08m34.00s      2               0    1.382468e-06         416         210         199        18.752            0.006     18.885         18.884   18.893       18.887    0.140       0.134        11194687004810    2.8058390   29.1426530      100114      6   55428.295317200         527    18.874    21.113     27.657    2.250       8.297           0      131073            0            1    11194687 
   55428.308157200        18.972        0.073      1001142060002655    2.8058410   29.1427770   00h11m13.40s   29d08m34.00s      2               0    1.382468e-06         416         210         199        18.752            0.006     18.885         18.884   18.893       18.887    0.140       0.134        11194616004954    2.8058420   29.1428250      100114      6   55428.311517200         527    18.979    21.311     27.666    1.950       7.868           0      131072            0            1    11194616 
   55428.321847200        18.832        0.073      1001142060002655    2.8058410   29.1427770   00h11m13.40s   29d08m34.00s      2               0    1.382468e-06         416         210         199        18.752            0.006     18.885         18.884   18.893       18.887    0.140       0.134        11194651004016    2.8059150   29.1427570      100114      6   55428.325207200         527    18.846    21.226     27.672    2.150       7.930           0      131072            0            1    11194651 
   55428.336167200        18.642        0.061      1001142060002655    2.8058410   29.1427770   00h11m13.40s   29d08m34.00s      2               0    1.382468e-06         416         210         199        18.752            0.006     18.885         18.884   18.893       18.887    0.140       0.134        11194587005204    2.8058570   29.1428410      100114      6   55428.339527200         527    18.653    21.426     27.678    1.850       9.398           0      131073            0            1    11194587 
   55428.349097200        19.000        0.062      1001142060002655    2.8058410   29.1427770   00h11m13.40s   29d08m34.00s      2               0    1.382468e-06         416         210         199        18.752            0.006     18.885         18.884   18.893       18.887    0.140       0.134        11194665004605    2.8058390   29.1427790      100114      6   55428.352457200         527    19.012    21.329     27.682    2.050       6.246           0      131072            0            1    11194665 
   55428.363187200        18.806        0.060      1001142060002655    2.8058410   29.1427770   00h11m13.40s   29d08m34.00s      2               0    1.382468e-06         416         210         199        18.752            0.006     18.885         18.884   18.893       18.887    0.140       0.134        11194549005302    2.8058350   29.1427710      100114      6   55428.366547200         527    18.817    21.491     27.685    1.850       7.590           0      131073            0            1    11194549 
   55428.377497200        18.863        0.055      1001142060002655    2.8058410   29.1427770   00h11m13.40s   29d08m34.00s      2               0    1.382468e-06         416         210         199        18.752            0.006     18.885         18.884   18.893       18.887    0.140       0.134        11194527005303    2.8057590   29.1426250      100114      6   55428.380867200         527    18.876    21.509     27.688    1.950       6.698           0      131072            0            1    11194527 
   55428.389627200        18.836        0.062      1001142060002655    2.8058410   29.1427770   00h11m13.40s   29d08m34.00s      2               0    1.382468e-06         416         210         199        18.752            0.006     18.885         18.884   18.893       18.887    0.140       0.134        11194569004971    2.8058570   29.1427430      100114      6   55428.392997200         527    18.849    21.649     27.690    1.850       7.574           0      131073            0            1    11194569 
   55428.411677200        18.788        0.055      1001142060002655    2.8058410   29.1427770   00h11m13.40s   29d08m34.00s      2               0    1.382468e-06         416         210         199        18.752            0.006     18.885         18.884   18.893       18.887    0.140       0.134        11194550005884    2.8057740   29.1427740      100114      6   55428.415047200         527    18.798    21.800     27.691    1.950       7.083           0      131073            0            1    11194550 
   55428.426357200        18.951        0.059      1001142060002655    2.8058410   29.1427770   00h11m13.40s   29d08m34.00s      2               0    1.382468e-06         416         210         199        18.752            0.006     18.885         18.884   18.893       18.887    0.140       0.134        11194633005856    2.8057830   29.1426980      100114      6   55428.429717200         527    18.961    21.756     27.691    2.050       6.200           0      131073            0            1    11194633 
   55428.453277200        18.799        0.055      1001142060002655    2.8058410   29.1427770   00h11m13.40s   29d08m34.00s      2               0    1.382468e-06         416         210         199        18.752            0.006     18.885         18.884   18.893       18.887    0.140       0.134        11194522005859    2.8057920   29.1426890      100114      6   55428.456647200         527    18.808    21.744     27.690    2.050       7.072           0      131072            0            1    11194522 
   55428.465197200        18.827        0.057      1001142060002655    2.8058410   29.1427770   00h11m13.40s   29d08m34.00s      2               0    1.382468e-06         416         210         199        18.752            0.006     18.885         18.884   18.893       18.887    0.140       0.134        11194476004798    2.8057910   29.1427600      100114      6   55428.468567200         527    18.839    21.784     27.688    1.950       7.753           0      131073            0            1    11194476 
   55428.478057200        18.827        0.058      1001142060002655    2.8058410   29.1427770   00h11m13.40s   29d08m34.00s      2               0    1.382468e-06         416         210         199        18.752            0.006     18.885         18.884   18.893       18.887    0.140       0.134        11194525004687    2.8057750   29.1426900      100114      6   55428.481427200         527    18.837    21.705     27.686    2.050       6.497           0      131072            0            1    11194525 
   55428.491407200        18.699        0.060      1001142060002655    2.8058410   29.1427770   00h11m13.40s   29d08m34.00s      2               0    1.382468e-06         416         210         199        18.752            0.006     18.885         18.884   18.893       18.887    0.140       0.134        11194711005436    2.8058200   29.1426420      100114      6   55428.494777200         527    18.707    21.549     27.683    2.050       8.661           0      131073            0            1    11194711 
   55428.510497200        18.878        0.091      1001142060002655    2.8058410   29.1427770   00h11m13.40s   29d08m34.00s      2               0    1.382468e-06         416         210         199        18.752            0.006     18.885         18.884   18.893       18.887    0.140       0.134        11194520004024    2.8058830   29.1428280      100114      6   55428.513867200         527    18.884    20.897     27.677    2.150       7.559           0      131072            0            1    11194520 
   55429.289977200        18.976        0.078      1001142060002655    2.8058410   29.1427770   00h11m13.40s   29d08m34.00s      2               0    1.382468e-06         416         210         199        18.752            0.006     18.885         18.884   18.893       18.887    0.140       0.134        11192972003773    2.8058780   29.1428560      100114      6   55429.293397200         528    18.980    21.039     27.653    2.150       7.050           0      131072            0            1    11192972 
   55429.303857200        19.032        0.080      1001142060002655    2.8058410   29.1427770   00h11m13.40s   29d08m34.00s      2               0    1.382468e-06         416         210         199        18.752            0.006     18.885         18.884   18.893       18.887    0.140       0.134        11192909004697    2.8058370   29.1428250      100114      6   55429.307277200         528    19.041    21.175     27.661    1.950       7.118           0      131072            0            1    11192909 
   55429.325947200        19.176        0.075      1001142060002655    2.8058410   29.1427770   00h11m13.40s   29d08m34.00s      2               0    1.382468e-06         416         210         199        18.752            0.006     18.885         18.884   18.893       18.887    0.140       0.134        11192969004574    2.8057390   29.1427710      100114      6   55429.329377200         528    19.182    20.817     27.670    2.850       6.067           0      131072            0            1    11192969 
   55429.338257200        18.985        0.075      1001142060002655    2.8058410   29.1427770   00h11m13.40s   29d08m34.00s      2               0    1.382468e-06         416         210         199        18.752            0.006     18.885         18.884   18.893       18.887    0.140       0.134        11192989004929    2.8058220   29.1427800      100114      6   55429.341677200         528    18.993    21.313     27.674    1.850       6.177           0      131072            0            1    11192989 
   55429.350427200        18.934        0.076      1001142060002655    2.8058410   29.1427770   00h11m13.40s   29d08m34.00s      2               0    1.382468e-06         416         210         199        18.752            0.006     18.885         18.884   18.893       18.887    0.140       0.134        11192990004504    2.8057950   29.1427890      100114      6   55429.353857200         528    18.938    21.343     27.677    1.850       6.030           0      131072            0            1    11192990 
   55429.363447200        18.773        0.061      1001142060002655    2.8058410   29.1427770   00h11m13.40s   29d08m34.00s      2               0    1.382468e-06         416         210         199        18.752            0.006     18.885         18.884   18.893       18.887    0.140       0.134        11193077004871    2.8058720   29.1428590      100114      6   55429.366877200         528    18.776    21.308     27.679    1.950       7.386           0      131073            0            1    11193077 
   55429.378167200        18.853        0.069      1001142060002655    2.8058410   29.1427770   00h11m13.40s   29d08m34.00s      2               0    1.382468e-06         416         210         199        18.752            0.006     18.885         18.884   18.893       18.887    0.140       0.134        11192950005053    2.8058410   29.1427730      100114      6   55429.381597200         528    18.857    21.391     27.682    1.850       5.902           0      131072            0            1    11192950 
   55429.392507200        18.879        0.060      1001142060002655    2.8058410   29.1427770   00h11m13.40s   29d08m34.00s      2               0    1.382468e-06         416         210         199        18.752            0.006     18.885         18.884   18.893       18.887    0.140       0.134        11192927004284    2.8058090   29.1427050      100114      6   55429.395937200         528    18.882    21.370     27.683    1.950       7.388           0      131072            0            1    11192927 
   55429.407947200        19.049        0.071      1001142060002655    2.8058410   29.1427770   00h11m13.40s   29d08m34.00s      2               0    1.382468e-06         416         210         199        18.752            0.006     18.885         18.884   18.893       18.887    0.140       0.134        11193021005224    2.8057700   29.1427620      100114      6   55429.411377200         528    19.051    21.410     27.684    1.950       5.411           0      131072            0            1    11193021 
   55429.422387200        18.855        0.055      1001142060002655    2.8058410   29.1427770   00h11m13.40s   29d08m34.00s      2               0    1.382468e-06         416         210         199        18.752            0.006     18.885         18.884   18.893       18.887    0.140       0.134        11193084004808    2.8058270   29.1427220      100114      6   55429.425817200         528    18.860    21.511     27.684    1.950       8.558           0      131073            0            1    11193084 
   55429.434587200        18.767        0.059      1001142060002655    2.8058410   29.1427770   00h11m13.40s   29d08m34.00s      2               0    1.382468e-06         416         210         199        18.752            0.006     18.885         18.884   18.893       18.887    0.140       0.134        11192920005504    2.8057650   29.1426260      100114      6   55429.438017200         528    18.772    21.599     27.683    2.050       6.192           0      131072            0            1    11192920 
   55429.447877200        18.683        0.051      1001142060002655    2.8058410   29.1427770   00h11m13.40s   29d08m34.00s      2               0    1.382468e-06         416         210         199        18.752            0.006     18.885         18.884   18.893       18.887    0.140       0.134        11193089005977    2.8058190   29.1426860      100114      6   55429.451317200         528    18.689    21.814     27.682    1.950       6.982           0      131073            0            1    11193089 
   55429.460877200        18.740        0.056      1001142060002655    2.8058410   29.1427770   00h11m13.40s   29d08m34.00s      2               0    1.382468e-06         416         210         199        18.752            0.006     18.885         18.884   18.893       18.887    0.140       0.134        11192939004960    2.8058330   29.1428110      100114      6   55429.464317200         528    18.747    21.836     27.680    1.950       7.319           0      131072            0            1    11192939 
   55429.496887200        18.806        0.055      1001142060002655    2.8058410   29.1427770   00h11m13.40s   29d08m34.00s      2               0    1.382468e-06         416         210         199        18.752            0.006     18.885         18.884   18.893       18.887    0.140       0.134        11193044005253    2.8058090   29.1428600      100114      6   55429.500327200         528    18.811    21.703     27.671    2.050       7.150           0      131073            0            1    11193044 
   55534.157547200        18.802        0.335      1001142060002655    2.8058410   29.1427770   00h11m13.40s   29d08m34.00s      2               0    1.382468e-06         416         210         199        18.752            0.006     18.885         18.884   18.893       18.887    0.140       0.134        10652245004473    2.8058260   29.1427350      100114      6   55534.160537200         634    18.925    21.279     27.393    1.950       7.652           0      131072            0            1    10652245 
   55535.281217200        18.864        0.200      1001142060002655    2.8058410   29.1427770   00h11m13.40s   29d08m34.00s      2               0    1.382468e-06         416         210         199        18.752            0.006     18.885         18.884   18.893       18.887    0.140       0.134        10697390004185    2.8057990   29.1427790      100114      6   55535.284127200         635    18.951    21.398     27.724    2.250       7.874           0      131072            0            1    10697390 
   55541.099387200        18.770        0.154      1001142060002655    2.8058410   29.1427770   00h11m13.40s   29d08m34.00s      2               0    1.382468e-06         416         210         199        18.752            0.006     18.885         18.884   18.893       18.887    0.140       0.134        10678008004159    2.8058390   29.1427430      100114      6   55541.101837200         641    18.777    21.349     27.686    2.350       9.655           0      131073            0            1    10678008 
   55541.143167200        18.889        0.183      1001142060002655    2.8058410   29.1427770   00h11m13.40s   29d08m34.00s      2               0    1.382468e-06         416         210         199        18.752            0.006     18.885         18.884   18.893       18.887    0.140       0.134        10678401002994    2.8057430   29.1427490      100114      6   55541.145617200         641    19.588    21.014     27.744    2.150       6.611           0      131072            0            1    10678401 
   55542.139567200        18.876        0.143      1001142060002655    2.8058410   29.1427770   00h11m13.40s   29d08m34.00s      2               0    1.382468e-06         416         210         199        18.752            0.006     18.885         18.884   18.893       18.887    0.140       0.134        13776431003263    2.8058580   29.1429130      100114      6   55542.141937200         642    18.875    20.383     27.539    3.650       8.878           0      131073            0            1    13776431 
   55558.213927200        18.828        0.068      1001142060002655    2.8058410   29.1427770   00h11m13.40s   29d08m34.00s      2               0    1.382468e-06         416         210         199        18.752            0.006     18.885         18.884   18.893       18.887    0.140       0.134        10709511004804    2.8058190   29.1427690      100114      6   55558.214887200         655    18.821    21.273     27.622    2.150       6.926           0      131072            0            1    10709511 
   55558.271377200        18.914        0.101      1001142060002655    2.8058410   29.1427770   00h11m13.40s   29d08m34.00s      2               0    1.382468e-06         416         210         199        18.752            0.006     18.885         18.884   18.893       18.887    0.140       0.134        10709512004163    2.8058340   29.1426580      100114      6   55558.272337200         655    18.922    20.853     27.582    2.350       5.120           0      131072            0            1    10709512 
   55577.102247200        18.940        0.153      1001142060002655    2.8058410   29.1427770   00h11m13.40s   29d08m34.00s      2               0    1.382468e-06         416         210         199        18.752            0.006     18.885         18.884   18.893       18.887    0.140       0.134         9789652002965    2.8057650   29.1427110      100114      6   55577.101467200         675    18.989    20.358     27.535    2.450       5.786           0           0            0            1     9789652 
   55579.112827200        18.957        0.084      1001142060002655    2.8058410   29.1427770   00h11m13.40s   29d08m34.00s      2               0    1.382468e-06         416         210         199        18.752            0.006     18.885         18.884   18.893       18.887    0.140       0.134         9782441003839    2.8058190   29.1427550      100114      6   55579.111867200         678    18.960    20.749     27.662    2.350       7.796           0      131073            0            1     9782441 
   55579.156017200        19.156        0.115      1001142060002655    2.8058410   29.1427770   00h11m13.40s   29d08m34.00s      2               0    1.382468e-06         416         210         199        18.752            0.006     18.885         18.884   18.893       18.887    0.140       0.134         9782278003573    2.8057080   29.1427430      100114      6   55579.155057200         678    19.164    20.710     27.644    2.150       5.814           0      131072            0            1     9782278 
   55584.132047200        18.834        0.065      1001142060002655    2.8058410   29.1427770   00h11m13.40s   29d08m34.00s      2               0    1.382468e-06         416         210         199        18.752            0.006     18.885         18.884   18.893       18.887    0.140       0.134         9808957004742    2.8058670   29.1427780      100114      6   55584.130637200         683    18.840    21.294     27.648    2.250       7.507           0      131072            0            1     9808957 
   55584.182437200        18.951        0.085      1001142060002655    2.8058410   29.1427770   00h11m13.40s   29d08m34.00s      2               0    1.382468e-06         416         210         199        18.752            0.006     18.885         18.884   18.893       18.887    0.140       0.134         9808947003652    2.8059810   29.1427400      100114      6   55584.181027200         683    18.961    20.677     27.595    3.250       9.451           0      131073            0            1     9808947 
   55585.136547200        19.085        0.076      1001142060002655    2.8058410   29.1427770   00h11m13.40s   29d08m34.00s      2               0    1.382468e-06         416         210         199        18.752            0.006     18.885         18.884   18.893       18.887    0.140       0.134         9806324004202    2.8058550   29.1427790      100114      6   55585.135047200         684    19.063    20.857     27.612    3.050       9.074           0      131073            0            1     9806324 
   55585.179607200        18.971        0.098      1001142060002655    2.8058410   29.1427770   00h11m13.40s   29d08m34.00s      2               0    1.382468e-06         416         210         199        18.752            0.006     18.885         18.884   18.893       18.887    0.140       0.134         9806296003700    2.8058620   29.1425370      100114      6   55585.178097200         684    18.974    20.616     27.583    3.250       9.508           0      131073            0            1     9806296 
   55779.256517200        19.113        0.080      1001142060002655    2.8058410   29.1427770   00h11m13.40s   29d08m34.00s      2               0    1.382468e-06         416         210         199        18.752            0.006     18.885         18.884   18.893       18.887    0.140       0.134        10316383004425    2.8058650   29.1427600      100114      6   55779.258837200         877    19.092    20.928     27.484    2.450       9.056           0      131073            0            1    10316383 
   55780.252137200        18.607        0.073      1001142060002655    2.8058410   29.1427770   00h11m13.40s   29d08m34.00s      2               0    1.382468e-06         416         210         199        18.752            0.006     18.885         18.884   18.893       18.887    0.140       0.134        10350625004466    2.8058010   29.1427570      100114      6   55780.254537200         878    18.595    20.944     27.495    2.150       8.863           0      131072            0            1    10350625 
   55780.296807200        18.827        0.075      1001142060002655    2.8058410   29.1427770   00h11m13.40s   29d08m34.00s      2               0    1.382468e-06         416         210         199        18.752            0.006     18.885         18.884   18.893       18.887    0.140       0.134        10350740004966    2.8058740   29.1427570      100114      6   55780.299207200         878    18.826    21.337     27.549    2.150       7.319           0      131073            0            1    10350740 
   55782.250877200        19.347        0.112      1001142060002655    2.8058410   29.1427770   00h11m13.40s   29d08m34.00s      2               0    1.382468e-06         416         210         199        18.752            0.006     18.885         18.884   18.893       18.887    0.140       0.134        10353420003645    2.8057810   29.1428020      100114      6   55782.253427200         880    19.346    20.528     27.489    2.650       6.422           0      131072            0            1    10353420 
   55782.303637200        18.755        0.072      1001142060002655    2.8058410   29.1427770   00h11m13.40s   29d08m34.00s      2               0    1.382468e-06         416         210         199        18.752            0.006     18.885         18.884   18.893       18.887    0.140       0.134        10353354003615    2.8059110   29.1427860      100114      6   55782.306187200         880    18.766    20.897     27.554    2.450       8.136           0      131072            0            1    10353354 
   55783.257337200        18.807        0.096      1001142060002655    2.8058410   29.1427770   00h11m13.40s   29d08m34.00s      2               0    1.382468e-06         416         210         199        18.752            0.006     18.885         18.884   18.893       18.887    0.140       0.134        10358010003138    2.8058690   29.1429960      100114      6   55783.259957200         881    18.790    20.112     27.487    3.850       9.151           0      131072            0            1    10358010 
   55783.300977200        19.014        0.090      1001142060002655    2.8058410   29.1427770   00h11m13.40s   29d08m34.00s      2               0    1.382468e-06         416         210         199        18.752            0.006     18.885         18.884   18.893       18.887    0.140       0.134        10357986003810    2.8058840   29.1427220      100114      6   55783.303597200         881    19.010    20.520     27.539    3.150       8.266           0      131073            0            1    10357986 
   55793.206157200        18.721        0.074      1001142060002655    2.8058410   29.1427770   00h11m13.40s   29d08m34.00s      2               0    1.382468e-06         416         210         199        18.752            0.006     18.885         18.884   18.893       18.887    0.140       0.134        10377768004634    2.8057790   29.1427640      100114      6   55793.209487200         891    18.710    21.095     27.466    2.450       7.466           0      131072            0            1    10377768 
   55793.250257200        18.796        0.089      1001142060002655    2.8058410   29.1427770   00h11m13.40s   29d08m34.00s      2               0    1.382468e-06         416         210         199        18.752            0.006     18.885         18.884   18.893       18.887    0.140       0.134        10377837004129    2.8058660   29.1426500      100114      6   55793.253587200         891    18.790    20.830     27.532    2.250       7.649           0      131072            0            1    10377837 
   55794.261357200        19.009        0.085      1001142060002655    2.8058410   29.1427770   00h11m13.40s   29d08m34.00s      2               0    1.382468e-06         416         210         199        18.752            0.006     18.885         18.884   18.893       18.887    0.140       0.134        10379376004941    2.8057640   29.1427200      100114      6   55794.264757200         892    18.971    21.243     27.518    2.150       6.819           0      131072            0            1    10379376 
   55809.166937200        18.787        0.120      1001142060002655    2.8058410   29.1427770   00h11m13.40s   29d08m34.00s      2               0    1.382468e-06         416         210         199        18.752            0.006     18.885         18.884   18.893       18.887    0.140       0.134        10480861003248    2.8059450   29.1427670      100114      6   55809.171207200         907    18.814    20.290     27.319    3.050       6.890           0      131072            0            1    10480861 
   55821.413337200        18.850        0.093      1001142060002655    2.8058410   29.1427770   00h11m13.40s   29d08m34.00s      2               0    1.382468e-06         416         210         199        18.752            0.006     18.885         18.884   18.893       18.887    0.140       0.134        10510181003486    2.8058480   29.1428140      100114      6   55821.418127200         919    18.850    20.579     27.553    2.350       8.191           0      131072            0            1    10510181 
   55821.457057200        18.708        0.111      1001142060002655    2.8058410   29.1427770   00h11m13.40s   29d08m34.00s      2               0    1.382468e-06         416         210         199        18.752            0.006     18.885         18.884   18.893       18.887    0.140       0.134        10510059003371    2.8056880   29.1424700      100114      6   55821.461857200         919    18.704    20.477     27.542    2.450       8.150           0      131072            0            1    10510059 
   55822.363587200        19.085        0.090      1001142060002655    2.8058410   29.1427770   00h11m13.40s   29d08m34.00s      2               0    1.382468e-06         416         210         199        18.752            0.006     18.885         18.884   18.893       18.887    0.140       0.134        10515122004120    2.8057940   29.1425910      100114      6   55822.368417200         920    19.091    20.751     27.548    2.650       5.913           0      131072            0            1    10515122 
   55822.406567200        18.862        0.088      1001142060002655    2.8058410   29.1427770   00h11m13.40s   29d08m34.00s      2               0    1.382468e-06         416         210         199        18.752            0.006     18.885         18.884   18.893       18.887    0.140       0.134        10515141004298    2.8058110   29.1426980      100114      6   55822.411387200         920    18.868    20.969     27.547    2.050       6.556           0      131072            0            1    10515141 
   55838.116477200        18.912        0.080      1001142060002655    2.8058410   29.1427770   00h11m13.40s   29d08m34.00s      2               0    1.382468e-06         416         210         199        18.752            0.006     18.885         18.884   18.893       18.887    0.140       0.134        10569624004048    2.8059170   29.1428650      100114      6   55838.121647200         936    18.903    20.739     27.437    2.450       6.781           0      131072            0            1    10569624 
   55838.195117200        18.981        0.075      1001142060002655    2.8058410   29.1427770   00h11m13.40s   29d08m34.00s      2               0    1.382468e-06         416         210         199        18.752            0.006     18.885         18.884   18.893       18.887    0.140       0.134        10569664004430    2.8059400   29.1426830      100114      6   55838.200287200         936    18.970    20.964     27.495    2.450       6.390           0      131072            0            1    10569664 
   56203.110667200        19.166        0.089      1001142060002655    2.8058410   29.1427770   00h11m13.40s   29d08m34.00s      2               0    1.382468e-06         416         210         199        18.752            0.006     18.885         18.884   18.893       18.887    0.140       0.134        14294087003973    2.8059410   29.1429400      100114      6   56203.115837200        1300    19.189    20.672     27.616    3.250       6.853           0      131072            0            1    14294087 
   56203.138757200        18.877        0.109      1001142060002655    2.8058410   29.1427770   00h11m13.40s   29d08m34.00s      2               0    1.382468e-06         416         210         199        18.752            0.006     18.885         18.884   18.893       18.887    0.140       0.134        14294120003005    2.8057160   29.1426300      100114      6   56203.143927200        1300    18.892    20.711     27.655    2.150       7.323           0      131072            0            1    14294120 
   56203.167877200        18.959        0.098      1001142060002655    2.8058410   29.1427770   00h11m13.40s   29d08m34.00s      2               0    1.382468e-06         416         210         199        18.752            0.006     18.885         18.884   18.893       18.887    0.140       0.134        14294148003712    2.8057500   29.1427530      100114      6   56203.173047200        1300    18.964    20.789     27.680    1.950       7.208           0      131072            0            1    14294148 
   56537.326577200        18.914        0.053      1001142060002655    2.8058410   29.1427770   00h11m13.40s   29d08m34.00s      2               0    1.382468e-06         416         210         199        18.752            0.006     18.885         18.884   18.893       18.887    0.140       0.134        18124330005830    2.8058870   29.1427700      100114      6   56537.330727200        1611    18.918    21.843     27.610    1.850       6.155           0      131072            0            1    18124330 
   56537.518877200        18.924        0.081      1001142060002655    2.8058410   29.1427770   00h11m13.40s   29d08m34.00s      2               0    1.382468e-06         416         210         199        18.752            0.006     18.885         18.884   18.893       18.887    0.140       0.134        18124487004001    2.8059050   29.1427820      100114      6   56537.523037200        1611    18.935    21.118     27.586    1.850       7.734           0      131072            0            1    18124487 
   56540.454177200        18.672        0.113      1001142060002655    2.8058410   29.1427770   00h11m13.40s   29d08m34.00s      2               0    1.382468e-06         416         210         199        18.752            0.006     18.885         18.884   18.893       18.887    0.140       0.134        18197418005235    2.8058910   29.1427800      100114      6   56540.458497200        1614    18.606    21.677     27.527    1.950       6.968           0      131072            0            1    18197418 
   56600.264077200        18.868        0.067      1001142060002655    2.8058410   29.1427770   00h11m13.40s   29d08m34.00s      2               0    1.382468e-06         416         210         199        18.752            0.006     18.885         18.884   18.893       18.887    0.140       0.134        18183309005443    2.8058870   29.1427320      100114      6   56600.268797200        1674    18.862    21.610     27.635    2.150       6.838           0      131072            0            1    18183309 
   56606.100207200        19.319        0.396      1001142060002655    2.8058410   29.1427770   00h11m13.40s   29d08m34.00s      2               0    1.382468e-06         416         210         199        18.752            0.006     18.885         18.884   18.893       18.887    0.140       0.134        18296938003202    2.8057010   29.1424540      100114      6   56606.104677200        1680    19.297    20.316     27.223    2.250       6.824           0      131072            0            1    18296938 
   56606.160287200        18.818        0.396      1001142060002655    2.8058410   29.1427770   00h11m13.40s   29d08m34.00s      2               0    1.382468e-06         416         210         199        18.752            0.006     18.885         18.884   18.893       18.887    0.140       0.134        18296981002832    2.8056830   29.1425240      100114      6   56606.164757200        1680    19.096    20.496     27.379    2.050       5.490           0      131072            0            1    18296981 
   56606.185397200        18.987        0.379      1001142060002655    2.8058410   29.1427770   00h11m13.40s   29d08m34.00s      2               0    1.382468e-06         416         210         199        18.752            0.006     18.885         18.884   18.893       18.887    0.140       0.134        18297010005016    2.8058870   29.1427370      100114      6   56606.189857200        1680    18.607    20.900     27.278    2.150       8.460           0      131072            0            1    18297010 
