   55059.431477200        19.299        0.063      1001142060002196    2.7926700   29.1066600   00h11m10.24s   29d06m23.98s      2               0    1.227788e-06         424         421         409        19.072            0.009     19.279         19.277   19.295       19.294    0.162       0.163        11898981005721    2.7926130   29.1066670      100114      6   55059.434587200         173    19.298    21.471     27.274    2.350       6.358           0      131072            0            1    11898981 
   55059.454527200        19.266        0.061      1001142060002196    2.7926700   29.1066600   00h11m10.24s   29d06m23.98s      2               0    1.227788e-06         424         421         409        19.072            0.009     19.279         19.277   19.295       19.294    0.162       0.163        11899087006005    2.7926240   29.1065570      100114      6   55059.457637200         173    19.262    21.484     27.272    2.350       4.250           0      131072            0            1    11899087 
   55061.424747200        19.230        0.057      1001142060002196    2.7926700   29.1066600   00h11m10.24s   29d06m23.98s      2               0    1.227788e-06         424         421         409        19.072            0.009     19.279         19.277   19.295       19.294    0.162       0.163        11894878005949    2.7926200   29.1066770      100114      6   55061.427997200         175    19.222    21.590     27.244    2.350       5.993           0      131072            0            1    11894878 
   55061.462657200        19.079        0.059      1001142060002196    2.7926700   29.1066600   00h11m10.24s   29d06m23.98s      2               0    1.227788e-06         424         421         409        19.072            0.009     19.279         19.277   19.295       19.294    0.162       0.163        11894740006042    2.7925750   29.1066130      100114      6   55061.465917200         175    19.057    21.695     27.232    2.150       5.747           0      131072            0            1    11894740 
   55063.441527200        19.170        0.061      1001142060002196    2.7926700   29.1066600   00h11m10.24s   29d06m23.98s      2               0    1.227788e-06         424         421         409        19.072            0.009     19.279         19.277   19.295       19.294    0.162       0.163        11890493006340    2.7925850   29.1065730      100114      6   55063.444907200         177    19.166    21.697     27.224    2.150       5.087           0      131072            0            1    11890493 
   55063.486237200        19.301        0.059      1001142060002196    2.7926700   29.1066600   00h11m10.24s   29d06m23.98s      2               0    1.227788e-06         424         421         409        19.072            0.009     19.279         19.277   19.295       19.294    0.162       0.163        11890517006273    2.7925930   29.1066590      100114      6   55063.489627200         177    19.313    21.727     27.220    2.050       5.878           0      131072            0            1    11890517 
   55066.424917200        19.575        0.068      1001142060002196    2.7926700   29.1066600   00h11m10.24s   29d06m23.98s      2               0    1.227788e-06         424         421         409        19.072            0.009     19.279         19.277   19.295       19.294    0.162       0.163        11884710005838    2.7925740   29.1066820      100114      6   55066.428497200         180    19.570    21.568     27.203    2.150       3.621           0      131072            0            1    11884710 
   55066.469697200        19.349        0.065      1001142060002196    2.7926700   29.1066600   00h11m10.24s   29d06m23.98s      2               0    1.227788e-06         424         421         409        19.072            0.009     19.279         19.277   19.295       19.294    0.162       0.163        11884677006156    2.7926270   29.1066100      100114      6   55066.473277200         180    19.336    21.681     27.208    1.950       4.444           0      131072            0            1    11884677 
   55069.414127200        19.355        0.071      1001142060002196    2.7926700   29.1066600   00h11m10.24s   29d06m23.98s      2               0    1.227788e-06         424         421         409        19.072            0.009     19.279         19.277   19.295       19.294    0.162       0.163        11880809005820    2.7926210   29.1066020      100114      6   55069.417897200         183    19.354    21.568     27.264    2.050       5.269           0      131072            0            1    11880809 
   55069.459987200        19.096        0.064      1001142060002196    2.7926700   29.1066600   00h11m10.24s   29d06m23.98s      2               0    1.227788e-06         424         421         409        19.072            0.009     19.279         19.277   19.295       19.294    0.162       0.163        11880766005615    2.7925980   29.1065780      100114      6   55069.463757200         183    19.101    21.404     27.266    2.350       5.284           0      131072            0            1    11880766 
   55084.358307200        19.375        0.090      1001142060002196    2.7926700   29.1066600   00h11m10.24s   29d06m23.98s      2               0    1.227788e-06         424         421         409        19.072            0.009     19.279         19.277   19.295       19.294    0.162       0.163        11839089004661    2.7926070   29.1067120      100114      6   55084.362847200         196    19.378    20.971     27.269    2.050       5.140           0      131072            0            1    11839089 
   55084.403037200        19.799        0.161      1001142060002196    2.7926700   29.1066600   00h11m10.24s   29d06m23.98s      2               0    1.227788e-06         424         421         409        19.072            0.009     19.279         19.277   19.295       19.294    0.162       0.163        11839119002321    2.7924440   29.1064070      100114      6   55084.407577200         196    19.788    19.710     27.266    6.450       4.604           0           0            0            1    11839119 
   55089.350597200        19.114        0.071      1001142060002196    2.7926700   29.1066600   00h11m10.24s   29d06m23.98s      2               0    1.227788e-06         424         421         409        19.072            0.009     19.279         19.277   19.295       19.294    0.162       0.163        11854279005249    2.7926170   29.1066510      100114      6   55089.355347200         201    19.106    21.243     27.253    2.750       6.030           0      131072            0            1    11854279 
   55089.394887200        19.338        0.066      1001142060002196    2.7926700   29.1066600   00h11m10.24s   29d06m23.98s      2               0    1.227788e-06         424         421         409        19.072            0.009     19.279         19.277   19.295       19.294    0.162       0.163        11854251005714    2.7925160   29.1066140      100114      6   55089.399627200         201    19.338    21.536     27.270    2.150       5.273           0      131072            0            1    11854251 
   55093.335147200        19.111        0.065      1001142060002196    2.7926700   29.1066600   00h11m10.24s   29d06m23.98s      2               0    1.227788e-06         424         421         409        19.072            0.009     19.279         19.277   19.295       19.294    0.162       0.163        11854138006055    2.7925310   29.1066000      100114      6   55093.340027200         205    19.114    21.509     27.223    2.150       5.245           0      131072            0            1    11854138 
   55093.379747200        19.215        0.062      1001142060002196    2.7926700   29.1066600   00h11m10.24s   29d06m23.98s      2               0    1.227788e-06         424         421         409        19.072            0.009     19.279         19.277   19.295       19.294    0.162       0.163        11854093006172    2.7926180   29.1065800      100114      6   55093.384617200         205    19.222    21.605     27.230    2.050       4.841           0      131072            0            1    11854093 
   55095.374507200        19.253        0.064      1001142060002196    2.7926700   29.1066600   00h11m10.24s   29d06m23.98s      2               0    1.227788e-06         424         421         409        19.072            0.009     19.279         19.277   19.295       19.294    0.162       0.163        11932347005637    2.7927240   29.1067000      100114      6   55095.379437200         207    19.259    21.473     27.258    2.350       4.088           0      131072            0            1    11932347 
   55114.378347200        19.106        0.143      1001142060002196    2.7926700   29.1066600   00h11m10.24s   29d06m23.98s      2               0    1.227788e-06         424         421         409        19.072            0.009     19.279         19.277   19.295       19.294    0.162       0.163        11806483005200    2.7926510   29.1066150      100114      6   55114.383547200         223    18.977    21.058     27.619    2.450       4.591           0      131072            0            1    11806483 
   55119.413187200        19.214        0.086      1001142060002196    2.7926700   29.1066600   00h11m10.24s   29d06m23.98s      2               0    1.227788e-06         424         421         409        19.072            0.009     19.279         19.277   19.295       19.294    0.162       0.163        11838687004928    2.7926570   29.1066690      100114      6   55119.418367200         228    19.231    21.301     27.715    2.350       5.260           0      131072            0            1    11838687 
   55123.287437200        19.198        0.061      1001142060002196    2.7926700   29.1066600   00h11m10.24s   29d06m23.98s      2               0    1.227788e-06         424         421         409        19.072            0.009     19.279         19.277   19.295       19.294    0.162       0.163        11812963005482    2.7926460   29.1066300      100114      6   55123.292577200         232    19.208    21.571     27.756    2.350       5.731           0      131072            0            1    11812963 
   55123.336467200        19.104        0.068      1001142060002196    2.7926700   29.1066600   00h11m10.24s   29d06m23.98s      2               0    1.227788e-06         424         421         409        19.072            0.009     19.279         19.277   19.295       19.294    0.162       0.163        11812935005380    2.7926600   29.1065990      100114      6   55123.341607200         232    19.111    21.513     27.748    2.350       4.618           0      131072            0            1    11812935 
   55138.211887200        19.654        0.156      1001142060002196    2.7926700   29.1066600   00h11m10.24s   29d06m23.98s      2               0    1.227788e-06         424         421         409        19.072            0.009     19.279         19.277   19.295       19.294    0.162       0.163        11788529002928    2.7926310   29.1065380      100114      6   55138.216647200         245    19.654    20.421     27.771    2.250       4.464           0           0            0            1    11788529 
   55138.255917200        19.945        0.221      1001142060002196    2.7926700   29.1066600   00h11m10.24s   29d06m23.98s      2               0    1.227788e-06         424         421         409        19.072            0.009     19.279         19.277   19.295       19.294    0.162       0.163        11788408002938    2.7927060   29.1067190      100114      6   55138.260667200         245    19.945    20.370     27.773    2.350       1.505           0           0            0            1    11788408 
   55142.296147200        19.070        0.076      1001142060002196    2.7926700   29.1066600   00h11m10.24s   29d06m23.98s      2               0    1.227788e-06         424         421         409        19.072            0.009     19.279         19.277   19.295       19.294    0.162       0.163        11792905004661    2.7927080   29.1067030      100114      6   55142.300737200         282    19.069    21.168     27.763    2.350       6.324           0      131072            0            1    11792905 
   55142.340347200        19.565        0.095      1001142060002196    2.7926700   29.1066600   00h11m10.24s   29d06m23.98s      2               0    1.227788e-06         424         421         409        19.072            0.009     19.279         19.277   19.295       19.294    0.162       0.163        11792944004486    2.7927270   29.1066720      100114      6   55142.344937200         282    19.567    21.053     27.749    2.350       4.113           0      131072            0            1    11792944 
   55144.317337200        19.144        0.106      1001142060002196    2.7926700   29.1066600   00h11m10.24s   29d06m23.98s      2               0    1.227788e-06         424         421         409        19.072            0.009     19.279         19.277   19.295       19.294    0.162       0.163        11799803005004    2.7926760   29.1065820      100114      6   55144.321847200         250    19.152    21.261     27.742    2.150       5.126           0      131072            0            1    11799803 
   55144.361137200        19.416        0.117      1001142060002196    2.7926700   29.1066600   00h11m10.24s   29d06m23.98s      2               0    1.227788e-06         424         421         409        19.072            0.009     19.279         19.277   19.295       19.294    0.162       0.163        11799911004652    2.7926210   29.1065990      100114      6   55144.365637200         250    19.454    21.199     27.745    2.050       3.648           0      131072            0            1    11799911 
   55152.173527200        19.311        0.074      1001142060002196    2.7926700   29.1066600   00h11m10.24s   29d06m23.98s      2               0    1.227788e-06         424         421         409        19.072            0.009     19.279         19.277   19.295       19.294    0.162       0.163        11803159005033    2.7925190   29.1066660      100114      6   55152.177637200         258    19.317    21.336     27.792    2.750       4.986           0      131072            0            1    11803159 
   55152.217537200        19.415        0.072      1001142060002196    2.7926700   29.1066600   00h11m10.24s   29d06m23.98s      2               0    1.227788e-06         424         421         409        19.072            0.009     19.279         19.277   19.295       19.294    0.162       0.163        11803084005001    2.7925600   29.1066310      100114      6   55152.221637200         258    19.414    21.356     27.786    2.650       5.623           0      131072            0            1    11803084 
   55166.229767200        19.333        0.130      1001142060002196    2.7926700   29.1066600   00h11m10.24s   29d06m23.98s      2               0    1.227788e-06         424         421         409        19.072            0.009     19.279         19.277   19.295       19.294    0.162       0.163        11770064003156    2.7926990   29.1064570      100114      6   55166.232957200         271    19.321    20.552     27.783    2.250       5.085           0           0            0            1    11770064 
   55168.184237200        19.581        0.119      1001142060002196    2.7926700   29.1066600   00h11m10.24s   29d06m23.98s      2               0    1.227788e-06         424         421         409        19.072            0.009     19.279         19.277   19.295       19.294    0.162       0.163        12344573003405    2.7926760   29.1066610      100114      6   55168.187287200         273    19.573    20.737     27.781    2.350       6.410           0      131072            0            1    12344573 
   55168.274097200        18.965        0.125      1001142060002196    2.7926700   29.1066600   00h11m10.24s   29d06m23.98s      2               0    1.227788e-06         424         421         409        19.072            0.009     19.279         19.277   19.295       19.294    0.162       0.163        12344664003310    2.7927040   29.1066370      100114      6   55168.277137200         273    18.969    20.673     27.759    2.050       5.020           0      131072            0            1    12344664 
   55183.164917200        19.197        0.196      1001142060002196    2.7926700   29.1066600   00h11m10.24s   29d06m23.98s      2               0    1.227788e-06         424         421         409        19.072            0.009     19.279         19.277   19.295       19.294    0.162       0.163        11781690005048    2.7926460   29.1066950      100114      6   55183.166757200         279    19.100    21.175     27.640    2.350       6.041           0      131072            0            1    11781690 
   55194.097327200        19.488        0.132      1001142060002196    2.7926700   29.1066600   00h11m10.24s   29d06m23.98s      2               0    1.227788e-06         424         421         409        19.072            0.009     19.279         19.277   19.295       19.294    0.162       0.163        12652253003570    2.7927070   29.1067210      100114      6   55194.098187200         302    18.584    19.782     26.867    2.350       4.039           0      131072            0            1    12652253 
   55199.096657200        19.204        0.072      1001142060002196    2.7926700   29.1066600   00h11m10.24s   29d06m23.98s      2               0    1.227788e-06         424         421         409        19.072            0.009     19.279         19.277   19.295       19.294    0.162       0.163        14959062005015    2.7926270   29.1066120      100114      6   55199.097057200         307    19.194    21.360     27.781    2.450       4.322           0      131072            0            1    14959062 
   55201.108777200        19.149        0.100      1001142060002196    2.7926700   29.1066600   00h11m10.24s   29d06m23.98s      2               0    1.227788e-06         424         421         409        19.072            0.009     19.279         19.277   19.295       19.294    0.162       0.163        11702553003833    2.7926740   29.1064540      100114      6   55201.108987200         310    18.946    20.391     27.236    2.750       7.907           0      131072            0            1    11702553 
   55207.154177200        19.129        0.070      1001142060002196    2.7926700   29.1066600   00h11m10.24s   29d06m23.98s      2               0    1.227788e-06         424         421         409        19.072            0.009     19.279         19.277   19.295       19.294    0.162       0.163        11745244005459    2.7926630   29.1066410      100114      6   55207.153837200         316    19.115    21.574     27.744    1.950       4.300           0      131072            0            1    11745244 
   55207.228427200        19.220        0.091      1001142060002196    2.7926700   29.1066600   00h11m10.24s   29d06m23.98s      2               0    1.227788e-06         424         421         409        19.072            0.009     19.279         19.277   19.295       19.294    0.162       0.163        11745242004101    2.7927760   29.1065690      100114      6   55207.228077200         316    19.290    21.053     27.693    2.150       6.903           0      131072            0            1    11745242 
   55209.134757200        19.203        0.087      1001142060002196    2.7926700   29.1066600   00h11m10.24s   29d06m23.98s      2               0    1.227788e-06         424         421         409        19.072            0.009     19.279         19.277   19.295       19.294    0.162       0.163        11741608005222    2.7926210   29.1065810      100114      6   55209.134227200         318    19.205    21.561     27.790    2.150       5.005           0      131073            0            1    11741608 
   55209.179387200        19.125        0.101      1001142060002196    2.7926700   29.1066600   00h11m10.24s   29d06m23.98s      2               0    1.227788e-06         424         421         409        19.072            0.009     19.279         19.277   19.295       19.294    0.162       0.163        11741584004591    2.7926480   29.1066070      100114      6   55209.178857200         318    19.107    21.186     27.739    2.650       6.927           0      131072            0            1    11741584 
   55422.309447200        19.198        0.072      1001142060002196    2.7926700   29.1066600   00h11m10.24s   29d06m23.98s      2               0    1.227788e-06         424         421         409        19.072            0.009     19.279         19.277   19.295       19.294    0.162       0.163        11149993005366    2.7925960   29.1066430      100114      6   55422.312387200         521    19.187    21.616     27.666    2.250       5.918           0      131072            0            1    11149993 
   55422.336907200        19.330        0.064      1001142060002196    2.7926700   29.1066600   00h11m10.24s   29d06m23.98s      2               0    1.227788e-06         424         421         409        19.072            0.009     19.279         19.277   19.295       19.294    0.162       0.163        11149840005174    2.7926850   29.1066210      100114      6   55422.339857200         521    19.322    21.584     27.680    2.550       6.405           0      131072            0            1    11149840 
   55422.350847200        19.179        0.068      1001142060002196    2.7926700   29.1066600   00h11m10.24s   29d06m23.98s      2               0    1.227788e-06         424         421         409        19.072            0.009     19.279         19.277   19.295       19.294    0.162       0.163        11150034005713    2.7926980   29.1066860      100114      6   55422.353787200         521    19.167    21.778     27.685    2.150       5.158           0      131072            0            1    11150034 
   55422.362757200        19.210        0.059      1001142060002196    2.7926700   29.1066600   00h11m10.24s   29d06m23.98s      2               0    1.227788e-06         424         421         409        19.072            0.009     19.279         19.277   19.295       19.294    0.162       0.163        11149808005558    2.7926110   29.1065450      100114      6   55422.365697200         521    19.203    21.773     27.688    2.250       5.134           0      131072            0            1    11149808 
   55422.374317200        19.238        0.067      1001142060002196    2.7926700   29.1066600   00h11m10.24s   29d06m23.98s      2               0    1.227788e-06         424         421         409        19.072            0.009     19.279         19.277   19.295       19.294    0.162       0.163        11149932005368    2.7925750   29.1066860      100114      6   55422.377267200         521    19.235    21.678     27.691    2.450       4.799           0      131072            0            1    11149932 
   55422.386737200        19.424        0.064      1001142060002196    2.7926700   29.1066600   00h11m10.24s   29d06m23.98s      2               0    1.227788e-06         424         421         409        19.072            0.009     19.279         19.277   19.295       19.294    0.162       0.163        11149844005895    2.7926300   29.1066680      100114      6   55422.389687200         521    19.418    21.949     27.693    1.950       4.773           0      131072            0            1    11149844 
   55422.399047200        19.208        0.063      1001142060002196    2.7926700   29.1066600   00h11m10.24s   29d06m23.98s      2               0    1.227788e-06         424         421         409        19.072            0.009     19.279         19.277   19.295       19.294    0.162       0.163        11149936005368    2.7926360   29.1066850      100114      6   55422.401997200         521    19.209    21.759     27.694    2.350       4.705           0      131072            0            1    11149936 
   55422.426747200        19.235        0.059      1001142060002196    2.7926700   29.1066600   00h11m10.24s   29d06m23.98s      2               0    1.227788e-06         424         421         409        19.072            0.009     19.279         19.277   19.295       19.294    0.162       0.163        11149865005547    2.7926200   29.1067140      100114      6   55422.429697200         521    19.231    21.736     27.695    2.350       4.757           0      131072            0            1    11149865 
   55422.439457200        19.326        0.058      1001142060002196    2.7926700   29.1066600   00h11m10.24s   29d06m23.98s      2               0    1.227788e-06         424         421         409        19.072            0.009     19.279         19.277   19.295       19.294    0.162       0.163        11149856005457    2.7926030   29.1065770      100114      6   55422.442407200         521    19.320    21.701     27.695    2.450       4.106           0      131072            0            1    11149856 
   55422.466737200        19.372        0.071      1001142060002196    2.7926700   29.1066600   00h11m10.24s   29d06m23.98s      2               0    1.227788e-06         424         421         409        19.072            0.009     19.279         19.277   19.295       19.294    0.162       0.163        11150061005419    2.7926500   29.1066580      100114      6   55422.469687200         521    19.367    21.569     27.691    2.750       5.290           0      131072            0            1    11150061 
   55422.483747200        19.336        0.066      1001142060002196    2.7926700   29.1066600   00h11m10.24s   29d06m23.98s      2               0    1.227788e-06         424         421         409        19.072            0.009     19.279         19.277   19.295       19.294    0.162       0.163        11149979005669    2.7926150   29.1065910      100114      6   55422.486707200         521    19.328    21.720     27.688    2.350       6.397           0      131072            0            1    11149979 
   55422.498897200        19.340        0.067      1001142060002196    2.7926700   29.1066600   00h11m10.24s   29d06m23.98s      2               0    1.227788e-06         424         421         409        19.072            0.009     19.279         19.277   19.295       19.294    0.162       0.163        11149810004888    2.7926390   29.1066730      100114      6   55422.501857200         521    19.334    21.492     27.683    2.450       4.224           0      131072            0            1    11149810 
   55423.307897200        19.249        0.078      1001142060002196    2.7926700   29.1066600   00h11m10.24s   29d06m23.98s      2               0    1.227788e-06         424         421         409        19.072            0.009     19.279         19.277   19.295       19.294    0.162       0.163        11147042005513    2.7926660   29.1066340      100114      6   55423.310907200         522    19.242    21.691     27.664    2.050       5.405           0      131072            0            1    11147042 
   55423.325617200        19.353        0.071      1001142060002196    2.7926700   29.1066600   00h11m10.24s   29d06m23.98s      2               0    1.227788e-06         424         421         409        19.072            0.009     19.279         19.277   19.295       19.294    0.162       0.163        11147017005539    2.7926390   29.1066070      100114      6   55423.328627200         522    19.345    21.731     27.671    2.050       3.956           0      131072            0            1    11147017 
   55423.339857200        19.251        0.060      1001142060002196    2.7926700   29.1066600   00h11m10.24s   29d06m23.98s      2               0    1.227788e-06         424         421         409        19.072            0.009     19.279         19.277   19.295       19.294    0.162       0.163        11147166005301    2.7926620   29.1066070      100114      6   55423.342877200         522    19.242    21.672     27.675    2.250       5.079           0      131072            0            1    11147166 
   55423.353677200        19.203        0.066      1001142060002196    2.7926700   29.1066600   00h11m10.24s   29d06m23.98s      2               0    1.227788e-06         424         421         409        19.072            0.009     19.279         19.277   19.295       19.294    0.162       0.163        11147138005538    2.7927410   29.1066690      100114      6   55423.356697200         522    19.197    21.888     27.678    1.850       4.345           0      131072            0            1    11147138 
   55423.365657200        19.197        0.067      1001142060002196    2.7926700   29.1066600   00h11m10.24s   29d06m23.98s      2               0    1.227788e-06         424         421         409        19.072            0.009     19.279         19.277   19.295       19.294    0.162       0.163        11146989005892    2.7926470   29.1066820      100114      6   55423.368677200         522    19.188    21.919     27.680    1.850       4.797           0      131072            0            1    11146989 
   55423.382637200        19.193        0.064      1001142060002196    2.7926700   29.1066600   00h11m10.24s   29d06m23.98s      2               0    1.227788e-06         424         421         409        19.072            0.009     19.279         19.277   19.295       19.294    0.162       0.163        11147033005873    2.7926810   29.1066200      100114      6   55423.385657200         522    19.186    21.777     27.682    2.150       6.372           0      131074            0            1    11147033 
   55423.397187200        19.321        0.061      1001142060002196    2.7926700   29.1066600   00h11m10.24s   29d06m23.98s      2               0    1.227788e-06         424         421         409        19.072            0.009     19.279         19.277   19.295       19.294    0.162       0.163        11147208005829    2.7926550   29.1065830      100114      6   55423.400207200         522    19.318    21.861     27.683    2.050       5.248           0      131072            0            1    11147208 
   55423.412007200        19.218        0.060      1001142060002196    2.7926700   29.1066600   00h11m10.24s   29d06m23.98s      2               0    1.227788e-06         424         421         409        19.072            0.009     19.279         19.277   19.295       19.294    0.162       0.163        11147124005801    2.7925650   29.1066170      100114      6   55423.415027200         522    19.211    21.848     27.683    2.050       5.139           0      131072            0            1    11147124 
   55423.426547200        19.360        0.062      1001142060002196    2.7926700   29.1066600   00h11m10.24s   29d06m23.98s      2               0    1.227788e-06         424         421         409        19.072            0.009     19.279         19.277   19.295       19.294    0.162       0.163        11147117005959    2.7926480   29.1065300      100114      6   55423.429567200         522    19.356    21.978     27.683    1.850       4.214           0      131072            0            1    11147117 
   55423.440577200        19.250        0.059      1001142060002196    2.7926700   29.1066600   00h11m10.24s   29d06m23.98s      2               0    1.227788e-06         424         421         409        19.072            0.009     19.279         19.277   19.295       19.294    0.162       0.163        11147201005641    2.7926420   29.1067050      100114      6   55423.443597200         522    19.246    21.808     27.682    2.150       5.605           0      131072            0            1    11147201 
   55423.466517200        19.256        0.066      1001142060002196    2.7926700   29.1066600   00h11m10.24s   29d06m23.98s      2               0    1.227788e-06         424         421         409        19.072            0.009     19.279         19.277   19.295       19.294    0.162       0.163        11147175005661    2.7926040   29.1066920      100114      6   55423.469537200         522    19.250    21.797     27.678    2.150       5.425           0      131072            0            1    11147175 
   55423.482907200        19.419        0.067      1001142060002196    2.7926700   29.1066600   00h11m10.24s   29d06m23.98s      2               0    1.227788e-06         424         421         409        19.072            0.009     19.279         19.277   19.295       19.294    0.162       0.163        11147187005558    2.7926340   29.1066080      100114      6   55423.485927200         522    19.409    21.805     27.675    2.050       3.745           0      131072            0            1    11147187 
   55423.497167200        19.242        0.059      1001142060002196    2.7926700   29.1066600   00h11m10.24s   29d06m23.98s      2               0    1.227788e-06         424         421         409        19.072            0.009     19.279         19.277   19.295       19.294    0.162       0.163        11147101005564    2.7926290   29.1066290      100114      6   55423.500187200         522    19.230    21.561     27.672    2.350       4.522           0      131072            0            1    11147101 
   55424.304627200        19.340        0.073      1001142060002196    2.7926700   29.1066600   00h11m10.24s   29d06m23.98s      2               0    1.227788e-06         424         421         409        19.072            0.009     19.279         19.277   19.295       19.294    0.162       0.163        11144740005405    2.7926670   29.1065910      100114      6   55424.307717200         523    19.314    21.658     27.573    1.950       3.882           0      131072            0            1    11144740 
   55424.318437200        19.209        0.070      1001142060002196    2.7926700   29.1066600   00h11m10.24s   29d06m23.98s      2               0    1.227788e-06         424         421         409        19.072            0.009     19.279         19.277   19.295       19.294    0.162       0.163        11144697005305    2.7926950   29.1066860      100114      6   55424.321517200         523    19.187    21.634     27.586    2.050       5.157           0      131072            0            1    11144697 
   55424.332167200        19.488        0.085      1001142060002196    2.7926700   29.1066600   00h11m10.24s   29d06m23.98s      2               0    1.227788e-06         424         421         409        19.072            0.009     19.279         19.277   19.295       19.294    0.162       0.163        11144728005033    2.7926770   29.1066370      100114      6   55424.335247200         523    19.497    21.575     27.596    2.250       4.972           0      131072            0            1    11144728 
   55424.348687200        19.174        0.068      1001142060002196    2.7926700   29.1066600   00h11m10.24s   29d06m23.98s      2               0    1.227788e-06         424         421         409        19.072            0.009     19.279         19.277   19.295       19.294    0.162       0.163        11144712005374    2.7926070   29.1066120      100114      6   55424.351777200         523    19.170    21.661     27.607    2.150       4.499           0      131072            0            1    11144712 
   55424.360497200        19.164        0.065      1001142060002196    2.7926700   29.1066600   00h11m10.24s   29d06m23.98s      2               0    1.227788e-06         424         421         409        19.072            0.009     19.279         19.277   19.295       19.294    0.162       0.163        11144729005450    2.7926530   29.1066140      100114      6   55424.363587200         523    19.156    21.644     27.614    2.250       5.291           0      131072            0            1    11144729 
   55424.373007200        19.345        0.068      1001142060002196    2.7926700   29.1066600   00h11m10.24s   29d06m23.98s      2               0    1.227788e-06         424         421         409        19.072            0.009     19.279         19.277   19.295       19.294    0.162       0.163        11144736005592    2.7927070   29.1066490      100114      6   55424.376097200         523    19.335    21.800     27.620    1.950       6.324           0      131072            0            1    11144736 
   55424.386287200        19.362        0.074      1001142060002196    2.7926700   29.1066600   00h11m10.24s   29d06m23.98s      2               0    1.227788e-06         424         421         409        19.072            0.009     19.279         19.277   19.295       19.294    0.162       0.163        11144739005375    2.7926210   29.1066120      100114      6   55424.389377200         523    19.362    21.770     27.625    2.050       4.865           0      131072            0            1    11144739 
   55424.399217200        19.364        0.067      1001142060002196    2.7926700   29.1066600   00h11m10.24s   29d06m23.98s      2               0    1.227788e-06         424         421         409        19.072            0.009     19.279         19.277   19.295       19.294    0.162       0.163        11144897005636    2.7926940   29.1066880      100114      6   55424.402307200         523    19.359    21.795     27.629    2.050       4.412           0      131072            0            1    11144897 
   55424.413257200        19.396        0.066      1001142060002196    2.7926700   29.1066600   00h11m10.24s   29d06m23.98s      2               0    1.227788e-06         424         421         409        19.072            0.009     19.279         19.277   19.295       19.294    0.162       0.163        11144757005769    2.7926500   29.1066520      100114      6   55424.416347200         523    19.391    21.805     27.633    2.050       5.097           0      131072            0            1    11144757 
   55424.428257200        19.216        0.069      1001142060002196    2.7926700   29.1066600   00h11m10.24s   29d06m23.98s      2               0    1.227788e-06         424         421         409        19.072            0.009     19.279         19.277   19.295       19.294    0.162       0.163        11144756005621    2.7925730   29.1065940      100114      6   55424.431347200         523    19.216    21.761     27.636    2.150       5.630           0      131072            0            1    11144756 
   55424.440317200        19.241        0.072      1001142060002196    2.7926700   29.1066600   00h11m10.24s   29d06m23.98s      2               0    1.227788e-06         424         421         409        19.072            0.009     19.279         19.277   19.295       19.294    0.162       0.163        11144916005826    2.7925730   29.1066900      100114      6   55424.443407200         523    19.243    21.863     27.638    1.950       4.115           0      131072            0            1    11144916 
   55424.456717200        19.153        0.074      1001142060002196    2.7926700   29.1066600   00h11m10.24s   29d06m23.98s      2               0    1.227788e-06         424         421         409        19.072            0.009     19.279         19.277   19.295       19.294    0.162       0.163        11144849005685    2.7926760   29.1066980      100114      6   55424.459807200         523    19.156    21.652     27.639    2.350       5.402           0      131072            0            1    11144849 
   55424.469517200        19.253        0.071      1001142060002196    2.7926700   29.1066600   00h11m10.24s   29d06m23.98s      2               0    1.227788e-06         424         421         409        19.072            0.009     19.279         19.277   19.295       19.294    0.162       0.163        11144704005471    2.7926070   29.1066860      100114      6   55424.472607200         523    19.253    21.753     27.640    2.150       4.668           0      131072            0            1    11144704 
   55424.484247200        19.171        0.073      1001142060002196    2.7926700   29.1066600   00h11m10.24s   29d06m23.98s      2               0    1.227788e-06         424         421         409        19.072            0.009     19.279         19.277   19.295       19.294    0.162       0.163        11144794005627    2.7926500   29.1066390      100114      6   55424.487347200         523    19.175    21.790     27.639    2.050       4.516           0      131072            0            1    11144794 
   55424.496347200        19.256        0.072      1001142060002196    2.7926700   29.1066600   00h11m10.24s   29d06m23.98s      2               0    1.227788e-06         424         421         409        19.072            0.009     19.279         19.277   19.295       19.294    0.162       0.163        11144863005731    2.7926260   29.1066140      100114      6   55424.499437200         523    19.258    21.793     27.638    1.950       4.511           0      131072            0            1    11144863 
   55424.510947200        19.474        0.101      1001142060002196    2.7926700   29.1066600   00h11m10.24s   29d06m23.98s      2               0    1.227788e-06         424         421         409        19.072            0.009     19.279         19.277   19.295       19.294    0.162       0.163        11144852004099    2.7927960   29.1066560      100114      6   55424.514047200         523    19.482    20.941     27.635    2.150       5.014           0      131072            0            1    11144852 
   55425.307457200        19.332        0.079      1001142060002196    2.7926700   29.1066600   00h11m10.24s   29d06m23.98s      2               0    1.227788e-06         424         421         409        19.072            0.009     19.279         19.277   19.295       19.294    0.162       0.163        11141871005378    2.7926370   29.1065960      100114      6   55425.310607200         524    19.340    21.764     27.579    1.850       4.098           0      131072            0            1    11141871 
   55425.337167200        19.222        0.075      1001142060002196    2.7926700   29.1066600   00h11m10.24s   29d06m23.98s      2               0    1.227788e-06         424         421         409        19.072            0.009     19.279         19.277   19.295       19.294    0.162       0.163        11141949005500    2.7926080   29.1066340      100114      6   55425.340317200         524    19.237    21.827     27.605    1.850       4.657           0      131072            0            1    11141949 
   55425.350517200        19.356        0.074      1001142060002196    2.7926700   29.1066600   00h11m10.24s   29d06m23.98s      2               0    1.227788e-06         424         421         409        19.072            0.009     19.279         19.277   19.295       19.294    0.162       0.163        11141931005424    2.7926300   29.1066420      100114      6   55425.353677200         524    19.368    21.791     27.613    1.950       4.678           0      131072            0            1    11141931 
   55425.376027200        19.210        0.065      1001142060002196    2.7926700   29.1066600   00h11m10.24s   29d06m23.98s      2               0    1.227788e-06         424         421         409        19.072            0.009     19.279         19.277   19.295       19.294    0.162       0.163        11141721005726    2.7926420   29.1066380      100114      6   55425.379187200         524    19.218    21.941     27.624    1.750       4.633           0      131072            0            1    11141721 
   55425.388077200        19.417        0.080      1001142060002196    2.7926700   29.1066600   00h11m10.24s   29d06m23.98s      2               0    1.227788e-06         424         421         409        19.072            0.009     19.279         19.277   19.295       19.294    0.162       0.163        11141831005637    2.7926300   29.1066310      100114      6   55425.391237200         524    19.422    21.932     27.626    1.750       4.707           0      131072            0            1    11141831 
   55425.404397200        19.305        0.072      1001142060002196    2.7926700   29.1066600   00h11m10.24s   29d06m23.98s      2               0    1.227788e-06         424         421         409        19.072            0.009     19.279         19.277   19.295       19.294    0.162       0.163        11141784005905    2.7926680   29.1065940      100114      6   55425.407557200         524    19.307    21.953     27.628    1.750       6.010           0      131072            0            1    11141784 
   55425.418827200        19.270        0.072      1001142060002196    2.7926700   29.1066600   00h11m10.24s   29d06m23.98s      2               0    1.227788e-06         424         421         409        19.072            0.009     19.279         19.277   19.295       19.294    0.162       0.163        11141881005766    2.7926520   29.1066060      100114      6   55425.421987200         524    19.276    21.910     27.627    1.850       4.467           0      131072            0            1    11141881 
   55425.433137200        19.289        0.069      1001142060002196    2.7926700   29.1066600   00h11m10.24s   29d06m23.98s      2               0    1.227788e-06         424         421         409        19.072            0.009     19.279         19.277   19.295       19.294    0.162       0.163        11141759005783    2.7926330   29.1066760      100114      6   55425.436297200         524    19.297    21.967     27.625    1.750       4.020           0      131072            0            1    11141759 
   55425.447817200        19.155        0.078      1001142060002196    2.7926700   29.1066600   00h11m10.24s   29d06m23.98s      2               0    1.227788e-06         424         421         409        19.072            0.009     19.279         19.277   19.295       19.294    0.162       0.163        11141908005654    2.7926240   29.1066660      100114      6   55425.450977200         524    19.158    21.839     27.621    1.950       4.865           0      131072            0            1    11141908 
   55425.462417200        19.111        0.071      1001142060002196    2.7926700   29.1066600   00h11m10.24s   29d06m23.98s      2               0    1.227788e-06         424         421         409        19.072            0.009     19.279         19.277   19.295       19.294    0.162       0.163        11141844005512    2.7926280   29.1066240      100114      6   55425.465587200         524    19.103    21.780     27.615    2.050       5.464           0      131072            0            1    11141844 
   55425.474857200        19.304        0.075      1001142060002196    2.7926700   29.1066600   00h11m10.24s   29d06m23.98s      2               0    1.227788e-06         424         421         409        19.072            0.009     19.279         19.277   19.295       19.294    0.162       0.163        11141807004799    2.7926980   29.1066870      100114      6   55425.478027200         524    19.301    21.402     27.608    2.450       5.104           0      131072            0            1    11141807 
   55425.490117200        19.236        0.069      1001142060002196    2.7926700   29.1066600   00h11m10.24s   29d06m23.98s      2               0    1.227788e-06         424         421         409        19.072            0.009     19.279         19.277   19.295       19.294    0.162       0.163        11141887005376    2.7926740   29.1066570      100114      6   55425.493277200         524    19.222    21.711     27.598    2.050       5.294           0      131072            0            1    11141887 
   55425.508007200        19.609        0.095      1001142060002196    2.7926700   29.1066600   00h11m10.24s   29d06m23.98s      2               0    1.227788e-06         424         421         409        19.072            0.009     19.279         19.277   19.295       19.294    0.162       0.163        11141907004473    2.7927970   29.1065510      100114      6   55425.511177200         524    19.587    21.178     27.583    1.850       4.515           0      131072            0            1    11141907 
   55426.298337200        19.248        0.103      1001142060002196    2.7926700   29.1066600   00h11m10.24s   29d06m23.98s      2               0    1.227788e-06         424         421         409        19.072            0.009     19.279         19.277   19.295       19.294    0.162       0.163        11198449004472    2.7926560   29.1065920      100114      6   55426.301557200         525    19.356    21.363     27.589    1.950       5.152           0      131072            0            1    11198449 
   55426.310667200        19.412        0.105      1001142060002196    2.7926700   29.1066600   00h11m10.24s   29d06m23.98s      2               0    1.227788e-06         424         421         409        19.072            0.009     19.279         19.277   19.295       19.294    0.162       0.163        11198465004772    2.7926780   29.1066610      100114      6   55426.313897200         525    19.446    21.440     27.602    2.150       4.675           0      131072            0            1    11198465 
   55426.323307200        19.059        0.092      1001142060002196    2.7926700   29.1066600   00h11m10.24s   29d06m23.98s      2               0    1.227788e-06         424         421         409        19.072            0.009     19.279         19.277   19.295       19.294    0.162       0.163        11198500004934    2.7926110   29.1066270      100114      6   55426.326537200         525    19.110    21.648     27.614    1.950       4.882           0      131072            0            1    11198500 
   55426.336037200        19.161        0.090      1001142060002196    2.7926700   29.1066600   00h11m10.24s   29d06m23.98s      2               0    1.227788e-06         424         421         409        19.072            0.009     19.279         19.277   19.295       19.294    0.162       0.163        11198463005640    2.7926060   29.1066610      100114      6   55426.339267200         525    19.132    21.828     27.622    1.850       5.058           0      131072            0            1    11198463 
   55426.350587200        19.260        0.089      1001142060002196    2.7926700   29.1066600   00h11m10.24s   29d06m23.98s      2               0    1.227788e-06         424         421         409        19.072            0.009     19.279         19.277   19.295       19.294    0.162       0.163        11198423005646    2.7926370   29.1065750      100114      6   55426.353817200         525    19.234    21.803     27.629    1.950       5.202           0      131072            0            1    11198423 
   55426.364347200        19.533        0.092      1001142060002196    2.7926700   29.1066600   00h11m10.24s   29d06m23.98s      2               0    1.227788e-06         424         421         409        19.072            0.009     19.279         19.277   19.295       19.294    0.162       0.163        11198510005438    2.7926230   29.1066490      100114      6   55426.367577200         525    19.511    21.765     27.634    2.050       3.820           0      131072            0            1    11198510 
   55426.378217200        19.406        0.091      1001142060002196    2.7926700   29.1066600   00h11m10.24s   29d06m23.98s      2               0    1.227788e-06         424         421         409        19.072            0.009     19.279         19.277   19.295       19.294    0.162       0.163        11198411005742    2.7926200   29.1066370      100114      6   55426.381447200         525    19.387    21.786     27.636    2.050       4.691           0      131072            0            1    11198411 
   55426.392757200        19.406        0.088      1001142060002196    2.7926700   29.1066600   00h11m10.24s   29d06m23.98s      2               0    1.227788e-06         424         421         409        19.072            0.009     19.279         19.277   19.295       19.294    0.162       0.163        11198443005502    2.7925530   29.1065900      100114      6   55426.395987200         525    19.382    21.837     27.637    1.950       4.308           0      131072            0            1    11198443 
   55426.418877200        19.141        0.094      1001142060002196    2.7926700   29.1066600   00h11m10.24s   29d06m23.98s      2               0    1.227788e-06         424         421         409        19.072            0.009     19.279         19.277   19.295       19.294    0.162       0.163        11198404005654    2.7926370   29.1066240      100114      6   55426.422107200         525    19.116    21.847     27.632    1.950       4.345           0      131072            0            1    11198404 
   55426.430467200        19.396        0.094      1001142060002196    2.7926700   29.1066600   00h11m10.24s   29d06m23.98s      2               0    1.227788e-06         424         421         409        19.072            0.009     19.279         19.277   19.295       19.294    0.162       0.163        11198542005347    2.7926390   29.1065830      100114      6   55426.433697200         525    19.381    21.667     27.628    1.950       4.181           0      131072            0            1    11198542 
   55426.460817200        19.333        0.091      1001142060002196    2.7926700   29.1066600   00h11m10.24s   29d06m23.98s      2               0    1.227788e-06         424         421         409        19.072            0.009     19.279         19.277   19.295       19.294    0.162       0.163        11198420005814    2.7926110   29.1065460      100114      6   55426.464057200         525    19.289    21.878     27.612    1.850       4.561           0      131072            0            1    11198420 
   55426.473597200        19.174        0.101      1001142060002196    2.7926700   29.1066600   00h11m10.24s   29d06m23.98s      2               0    1.227788e-06         424         421         409        19.072            0.009     19.279         19.277   19.295       19.294    0.162       0.163        11198486004595    2.7926170   29.1066210      100114      6   55426.476837200         525    19.278    21.555     27.602    2.050       5.602           0      131072            0            1    11198486 
   55426.489177200        19.396        0.091      1001142060002196    2.7926700   29.1066600   00h11m10.24s   29d06m23.98s      2               0    1.227788e-06         424         421         409        19.072            0.009     19.279         19.277   19.295       19.294    0.162       0.163        11198427005485    2.7926350   29.1065990      100114      6   55426.492417200         525    19.334    21.687     27.589    2.050       4.593           0      131072            0            1    11198427 
   55428.291957200        19.446        0.079      1001142060002196    2.7926700   29.1066600   00h11m10.24s   29d06m23.98s      2               0    1.227788e-06         424         421         409        19.072            0.009     19.279         19.277   19.295       19.294    0.162       0.163        11194687004640    2.7927280   29.1067030      100114      6   55428.295317200         527    19.452    21.113     27.656    2.250       4.892           0      131072            0            1    11194687 
   55428.308157200        19.320        0.080      1001142060002196    2.7926700   29.1066600   00h11m10.24s   29d06m23.98s      2               0    1.227788e-06         424         421         409        19.072            0.009     19.279         19.277   19.295       19.294    0.162       0.163        11194616004803    2.7926400   29.1065870      100114      6   55428.311517200         527    19.327    21.311     27.665    1.950       5.955           0      131072            0            1    11194616 
   55428.321847200        19.168        0.086      1001142060002196    2.7926700   29.1066600   00h11m10.24s   29d06m23.98s      2               0    1.227788e-06         424         421         409        19.072            0.009     19.279         19.277   19.295       19.294    0.162       0.163        11194651004532    2.7928180   29.1066700      100114      6   55428.325207200         527    19.182    21.226     27.671    2.150       5.683           0      131072            0            1    11194651 
   55428.336167200        19.366        0.083      1001142060002196    2.7926700   29.1066600   00h11m10.24s   29d06m23.98s      2               0    1.227788e-06         424         421         409        19.072            0.009     19.279         19.277   19.295       19.294    0.162       0.163        11194587004964    2.7927570   29.1066520      100114      6   55428.339527200         527    19.378    21.426     27.677    1.850       3.581           0      131072            0            1    11194587 
   55428.349097200        19.202        0.083      1001142060002196    2.7926700   29.1066600   00h11m10.24s   29d06m23.98s      2               0    1.227788e-06         424         421         409        19.072            0.009     19.279         19.277   19.295       19.294    0.162       0.163        11194665004832    2.7927000   29.1066690      100114      6   55428.352457200         527    19.214    21.329     27.681    2.050       5.693           0      131072            0            1    11194665 
   55428.363187200        19.060        0.079      1001142060002196    2.7926700   29.1066600   00h11m10.24s   29d06m23.98s      2               0    1.227788e-06         424         421         409        19.072            0.009     19.279         19.277   19.295       19.294    0.162       0.163        11194549005125    2.7926060   29.1066120      100114      6   55428.366547200         527    19.070    21.491     27.684    1.850       5.406           0      131072            0            1    11194549 
   55428.377497200        19.422        0.075      1001142060002196    2.7926700   29.1066600   00h11m10.24s   29d06m23.98s      2               0    1.227788e-06         424         421         409        19.072            0.009     19.279         19.277   19.295       19.294    0.162       0.163        11194527005108    2.7926670   29.1065570      100114      6   55428.380867200         527    19.435    21.509     27.687    1.950       4.704           0      131072            0            1    11194527 
   55428.389627200        19.272        0.068      1001142060002196    2.7926700   29.1066600   00h11m10.24s   29d06m23.98s      2               0    1.227788e-06         424         421         409        19.072            0.009     19.279         19.277   19.295       19.294    0.162       0.163        11194569005172    2.7926960   29.1066870      100114      6   55428.392997200         527    19.285    21.649     27.689    1.850       5.447           0      131072            0            1    11194569 
   55428.411677200        19.279        0.065      1001142060002196    2.7926700   29.1066600   00h11m10.24s   29d06m23.98s      2               0    1.227788e-06         424         421         409        19.072            0.009     19.279         19.277   19.295       19.294    0.162       0.163        11194550005655    2.7926240   29.1065960      100114      6   55428.415047200         527    19.289    21.800     27.690    1.950       5.060           0      131072            0            1    11194550 
   55428.426357200        19.267        0.070      1001142060002196    2.7926700   29.1066600   00h11m10.24s   29d06m23.98s      2               0    1.227788e-06         424         421         409        19.072            0.009     19.279         19.277   19.295       19.294    0.162       0.163        11194633005642    2.7926210   29.1065690      100114      6   55428.429717200         527    19.277    21.756     27.691    2.050       4.676           0      131072            0            1    11194633 
   55428.439377200        19.168        0.063      1001142060002196    2.7926700   29.1066600   00h11m10.24s   29d06m23.98s      2               0    1.227788e-06         424         421         409        19.072            0.009     19.279         19.277   19.295       19.294    0.162       0.163        11194508005820    2.7926690   29.1066270      100114      6   55428.442737200         527    19.178    21.870     27.690    1.850       4.358           0      131072            0            1    11194508 
   55428.453277200        19.124        0.063      1001142060002196    2.7926700   29.1066600   00h11m10.24s   29d06m23.98s      2               0    1.227788e-06         424         421         409        19.072            0.009     19.279         19.277   19.295       19.294    0.162       0.163        11194522005483    2.7926480   29.1066580      100114      6   55428.456647200         527    19.133    21.744     27.689    2.050       5.910           0      131072            0            1    11194522 
   55428.465197200        19.388        0.067      1001142060002196    2.7926700   29.1066600   00h11m10.24s   29d06m23.98s      2               0    1.227788e-06         424         421         409        19.072            0.009     19.279         19.277   19.295       19.294    0.162       0.163        11194476005601    2.7926290   29.1066810      100114      6   55428.468567200         527    19.400    21.784     27.687    1.950       4.540           0      131072            0            1    11194476 
   55428.478057200        19.367        0.069      1001142060002196    2.7926700   29.1066600   00h11m10.24s   29d06m23.98s      2               0    1.227788e-06         424         421         409        19.072            0.009     19.279         19.277   19.295       19.294    0.162       0.163        11194525005060    2.7926100   29.1065950      100114      6   55428.481427200         527    19.378    21.705     27.685    2.050       4.761           0      131072            0            1    11194525 
   55428.491407200        19.626        0.082      1001142060002196    2.7926700   29.1066600   00h11m10.24s   29d06m23.98s      2               0    1.227788e-06         424         421         409        19.072            0.009     19.279         19.277   19.295       19.294    0.162       0.163        11194711005231    2.7926530   29.1066080      100114      6   55428.494777200         527    19.635    21.549     27.682    2.050       3.950           0      131072            0            1    11194711 
   55428.510497200        19.323        0.105      1001142060002196    2.7926700   29.1066600   00h11m10.24s   29d06m23.98s      2               0    1.227788e-06         424         421         409        19.072            0.009     19.279         19.277   19.295       19.294    0.162       0.163        11194520003931    2.7926230   29.1066090      100114      6   55428.513867200         527    19.328    20.897     27.676    2.150       5.370           0      131072            0            1    11194520 
   55429.289977200        19.347        0.089      1001142060002196    2.7926700   29.1066600   00h11m10.24s   29d06m23.98s      2               0    1.227788e-06         424         421         409        19.072            0.009     19.279         19.277   19.295       19.294    0.162       0.163        11192972004396    2.7927620   29.1066860      100114      6   55429.293397200         528    19.351    21.039     27.651    2.150       6.997           0      131072            0            1    11192972 
   55429.303857200        19.236        0.090      1001142060002196    2.7926700   29.1066600   00h11m10.24s   29d06m23.98s      2               0    1.227788e-06         424         421         409        19.072            0.009     19.279         19.277   19.295       19.294    0.162       0.163        11192909004426    2.7926910   29.1066770      100114      6   55429.307277200         528    19.245    21.175     27.659    1.950       5.252           0      131072            0            1    11192909 
   55429.325947200        19.237        0.101      1001142060002196    2.7926700   29.1066600   00h11m10.24s   29d06m23.98s      2               0    1.227788e-06         424         421         409        19.072            0.009     19.279         19.277   19.295       19.294    0.162       0.163        11192969004393    2.7926420   29.1065760      100114      6   55429.329377200         528    19.242    20.817     27.668    2.850       5.051           0      131072            0            1    11192969 
   55429.338257200        19.436        0.088      1001142060002196    2.7926700   29.1066600   00h11m10.24s   29d06m23.98s      2               0    1.227788e-06         424         421         409        19.072            0.009     19.279         19.277   19.295       19.294    0.162       0.163        11192989004772    2.7927210   29.1066260      100114      6   55429.341677200         528    19.444    21.313     27.672    1.850       4.727           0      131072            0            1    11192989 
   55429.350427200        19.256        0.085      1001142060002196    2.7926700   29.1066600   00h11m10.24s   29d06m23.98s      2               0    1.227788e-06         424         421         409        19.072            0.009     19.279         19.277   19.295       19.294    0.162       0.163        11192990004766    2.7926980   29.1065910      100114      6   55429.353857200         528    19.260    21.343     27.675    1.850       5.507           0      131072            0            1    11192990 
   55429.363447200        19.286        0.083      1001142060002196    2.7926700   29.1066600   00h11m10.24s   29d06m23.98s      2               0    1.227788e-06         424         421         409        19.072            0.009     19.279         19.277   19.295       19.294    0.162       0.163        11193077004536    2.7926000   29.1065790      100114      6   55429.366877200         528    19.289    21.308     27.677    1.950       4.534           0      131072            0            1    11193077 
   55429.378167200        19.439        0.082      1001142060002196    2.7926700   29.1066600   00h11m10.24s   29d06m23.98s      2               0    1.227788e-06         424         421         409        19.072            0.009     19.279         19.277   19.295       19.294    0.162       0.163        11192950004880    2.7926840   29.1066570      100114      6   55429.381597200         528    19.442    21.391     27.680    1.850       3.838           0      131072            0            1    11192950 
   55429.392507200        19.020        0.078      1001142060002196    2.7926700   29.1066600   00h11m10.24s   29d06m23.98s      2               0    1.227788e-06         424         421         409        19.072            0.009     19.279         19.277   19.295       19.294    0.162       0.163        11192927005046    2.7925190   29.1065770      100114      6   55429.395937200         528    19.023    21.370     27.681    1.950       5.977           0      131072            0            1    11192927 
   55429.407947200        19.335        0.080      1001142060002196    2.7926700   29.1066600   00h11m10.24s   29d06m23.98s      2               0    1.227788e-06         424         421         409        19.072            0.009     19.279         19.277   19.295       19.294    0.162       0.163        11193021005009    2.7926250   29.1066080      100114      6   55429.411377200         528    19.336    21.410     27.681    1.950       4.892           0      131072            0            1    11193021 
   55429.422387200        19.235        0.078      1001142060002196    2.7926700   29.1066600   00h11m10.24s   29d06m23.98s      2               0    1.227788e-06         424         421         409        19.072            0.009     19.279         19.277   19.295       19.294    0.162       0.163        11193084005113    2.7926960   29.1066070      100114      6   55429.425817200         528    19.240    21.511     27.681    1.950       5.451           0      131072            0            1    11193084 
   55429.434587200        19.108        0.071      1001142060002196    2.7926700   29.1066600   00h11m10.24s   29d06m23.98s      2               0    1.227788e-06         424         421         409        19.072            0.009     19.279         19.277   19.295       19.294    0.162       0.163        11192920005298    2.7925520   29.1066500      100114      6   55429.438017200         528    19.113    21.599     27.681    2.050       4.782           0      131072            0            1    11192920 
   55429.447877200        19.240        0.062      1001142060002196    2.7926700   29.1066600   00h11m10.24s   29d06m23.98s      2               0    1.227788e-06         424         421         409        19.072            0.009     19.279         19.277   19.295       19.294    0.162       0.163        11193089005832    2.7925950   29.1065790      100114      6   55429.451317200         528    19.245    21.814     27.679    1.950       5.378           0      131072            0            1    11193089 
   55429.460877200        19.128        0.064      1001142060002196    2.7926700   29.1066600   00h11m10.24s   29d06m23.98s      2               0    1.227788e-06         424         421         409        19.072            0.009     19.279         19.277   19.295       19.294    0.162       0.163        11192939005530    2.7926100   29.1066370      100114      6   55429.464317200         528    19.135    21.836     27.678    1.950       4.942           0      131072            0            1    11192939 
   55429.481797200        19.346        0.077      1001142060002196    2.7926700   29.1066600   00h11m10.24s   29d06m23.98s      2               0    1.227788e-06         424         421         409        19.072            0.009     19.279         19.277   19.295       19.294    0.162       0.163        11192958005169    2.7926100   29.1065630      100114      6   55429.485227200         528    19.349    21.467     27.673    2.350       5.850           0      131072            0            1    11192958 
   55429.496887200        19.157        0.070      1001142060002196    2.7926700   29.1066600   00h11m10.24s   29d06m23.98s      2               0    1.227788e-06         424         421         409        19.072            0.009     19.279         19.277   19.295       19.294    0.162       0.163        11193044005432    2.7926100   29.1066200      100114      6   55429.500327200         528    19.161    21.703     27.669    2.050       4.934           0      131072            0            1    11193044 
   55534.157547200        19.515        0.341      1001142060002196    2.7926700   29.1066600   00h11m10.24s   29d06m23.98s      2               0    1.227788e-06         424         421         409        19.072            0.009     19.279         19.277   19.295       19.294    0.162       0.163        10652245004274    2.7926190   29.1066350      100114      6   55534.160537200         634    19.638    21.279     27.405    1.950       4.712           0      131072            0            1    10652245 
   55535.281217200        19.156        0.205      1001142060002196    2.7926700   29.1066600   00h11m10.24s   29d06m23.98s      2               0    1.227788e-06         424         421         409        19.072            0.009     19.279         19.277   19.295       19.294    0.162       0.163        10697390004883    2.7926050   29.1066090      100114      6   55535.284127200         635    19.244    21.398     27.730    2.250       4.968           0      131072            0            1    10697390 
   55541.099387200        19.299        0.156      1001142060002196    2.7926700   29.1066600   00h11m10.24s   29d06m23.98s      2               0    1.227788e-06         424         421         409        19.072            0.009     19.279         19.277   19.295       19.294    0.162       0.163        10678008004917    2.7927260   29.1066820      100114      6   55541.101837200         641    19.306    21.349     27.679    2.350       5.351           0      131072            0            1    10678008 
   55541.143167200        19.557        0.216      1001142060002196    2.7926700   29.1066600   00h11m10.24s   29d06m23.98s      2               0    1.227788e-06         424         421         409        19.072            0.009     19.279         19.277   19.295       19.294    0.162       0.163        10678401002474    2.7926830   29.1068450      100114      6   55541.145617200         641    20.256    21.014     27.737    2.150       4.147           0           0            0            1    10678401 
   55542.095217200        19.340        0.134      1001142060002196    2.7926700   29.1066600   00h11m10.24s   29d06m23.98s      2               0    1.227788e-06         424         421         409        19.072            0.009     19.279         19.277   19.295       19.294    0.162       0.163        13776404003596    2.7926720   29.1066140      100114      6   55542.097587200         642    19.399    20.830     27.708    3.450       7.975           0      131072            0            1    13776404 
   55542.139567200        19.804        0.187      1001142060002196    2.7926700   29.1066600   00h11m10.24s   29d06m23.98s      2               0    1.227788e-06         424         421         409        19.072            0.009     19.279         19.277   19.295       19.294    0.162       0.163        13776431003004    2.7928560   29.1066230      100114      6   55542.141937200         642    19.803    20.383     27.542    3.650       5.259           0           0            0            1    13776431 
   55558.213927200        19.415        0.093      1001142060002196    2.7926700   29.1066600   00h11m10.24s   29d06m23.98s      2               0    1.227788e-06         424         421         409        19.072            0.009     19.279         19.277   19.295       19.294    0.162       0.163        10709511004460    2.7927010   29.1066220      100114      6   55558.214887200         655    19.407    21.273     27.622    2.150       3.581           0      131072            0            1    10709511 
   55558.271377200        19.358        0.110      1001142060002196    2.7926700   29.1066600   00h11m10.24s   29d06m23.98s      2               0    1.227788e-06         424         421         409        19.072            0.009     19.279         19.277   19.295       19.294    0.162       0.163        10709512003977    2.7926640   29.1067710      100114      6   55558.272337200         655    19.365    20.853     27.582    2.350       5.414           0      131072            0            1    10709512 
   55579.112827200        19.446        0.108      1001142060002196    2.7926700   29.1066600   00h11m10.24s   29d06m23.98s      2               0    1.227788e-06         424         421         409        19.072            0.009     19.279         19.277   19.295       19.294    0.162       0.163         9782441003672    2.7927030   29.1066360      100114      6   55579.111867200         678    19.449    20.749     27.661    2.350       5.326           0      131072            0            1     9782441 
   55579.156017200        19.563        0.148      1001142060002196    2.7926700   29.1066600   00h11m10.24s   29d06m23.98s      2               0    1.227788e-06         424         421         409        19.072            0.009     19.279         19.277   19.295       19.294    0.162       0.163         9782278003441    2.7926250   29.1066740      100114      6   55579.155057200         678    19.571    20.710     27.643    2.150       5.437           0      131072            0            1     9782278 
   55584.132047200        19.385        0.083      1001142060002196    2.7926700   29.1066600   00h11m10.24s   29d06m23.98s      2               0    1.227788e-06         424         421         409        19.072            0.009     19.279         19.277   19.295       19.294    0.162       0.163         9808957004850    2.7927800   29.1067240      100114      6   55584.130637200         683    19.391    21.294     27.647    2.250       5.596           0      131072            0            1     9808957 
   55584.182437200        19.440        0.132      1001142060002196    2.7926700   29.1066600   00h11m10.24s   29d06m23.98s      2               0    1.227788e-06         424         421         409        19.072            0.009     19.279         19.277   19.295       19.294    0.162       0.163         9808947003277    2.7927580   29.1066690      100114      6   55584.181027200         683    19.450    20.677     27.594    3.250       5.579           0      131072            0            1     9808947 
   55585.136547200        19.028        0.086      1001142060002196    2.7926700   29.1066600   00h11m10.24s   29d06m23.98s      2               0    1.227788e-06         424         421         409        19.072            0.009     19.279         19.277   19.295       19.294    0.162       0.163         9806324003965    2.7926600   29.1066150      100114      6   55585.135047200         684    19.007    20.857     27.612    3.050       7.626           0      131072            0            1     9806324 
   55585.179607200        19.322        0.111      1001142060002196    2.7926700   29.1066600   00h11m10.24s   29d06m23.98s      2               0    1.227788e-06         424         421         409        19.072            0.009     19.279         19.277   19.295       19.294    0.162       0.163         9806296003564    2.7926090   29.1066790      100114      6   55585.178097200         684    19.325    20.616     27.582    3.250       6.293           0      131072            0            1     9806296 
   55779.256517200        19.172        0.099      1001142060002196    2.7926700   29.1066600   00h11m10.24s   29d06m23.98s      2               0    1.227788e-06         424         421         409        19.072            0.009     19.279         19.277   19.295       19.294    0.162       0.163        10316383004250    2.7927180   29.1067250      100114      6   55779.258837200         877    19.152    20.928     27.483    2.450       7.334           0      131072            0            1    10316383 
   55779.299377200        19.281        0.077      1001142060002196    2.7926700   29.1066600   00h11m10.24s   29d06m23.98s      2               0    1.227788e-06         424         421         409        19.072            0.009     19.279         19.277   19.295       19.294    0.162       0.163        10316555005159    2.7925570   29.1066600      100114      6   55779.301697200         877    19.273    21.540     27.540    1.950       6.386           0      131072            0            1    10316555 
   55780.252137200        18.971        0.093      1001142060002196    2.7926700   29.1066600   00h11m10.24s   29d06m23.98s      2               0    1.227788e-06         424         421         409        19.072            0.009     19.279         19.277   19.295       19.294    0.162       0.163        10350625004308    2.7927220   29.1064670      100114      6   55780.254537200         878    18.960    20.944     27.493    2.150       6.151           0      131072            0            1    10350625 
   55780.296807200        18.845        0.079      1001142060002196    2.7926700   29.1066600   00h11m10.24s   29d06m23.98s      2               0    1.227788e-06         424         421         409        19.072            0.009     19.279         19.277   19.295       19.294    0.162       0.163        10350740004735    2.7926350   29.1066820      100114      6   55780.299207200         878    18.844    21.337     27.548    2.150       5.871           0      131072            0            1    10350740 
   55782.250877200        19.498        0.114      1001142060002196    2.7926700   29.1066600   00h11m10.24s   29d06m23.98s      2               0    1.227788e-06         424         421         409        19.072            0.009     19.279         19.277   19.295       19.294    0.162       0.163        10353420003460    2.7925730   29.1064780      100114      6   55782.253427200         880    19.496    20.528     27.488    2.650       6.294           0      131072            0            1    10353420 
   55782.303637200        19.572        0.096      1001142060002196    2.7926700   29.1066600   00h11m10.24s   29d06m23.98s      2               0    1.227788e-06         424         421         409        19.072            0.009     19.279         19.277   19.295       19.294    0.162       0.163        10353354004313    2.7927280   29.1065970      100114      6   55782.306187200         880    19.582    20.897     27.553    2.450       5.215           0      131072            0            1    10353354 
   55783.257337200        19.292        0.112      1001142060002196    2.7926700   29.1066600   00h11m10.24s   29d06m23.98s      2               0    1.227788e-06         424         421         409        19.072            0.009     19.279         19.277   19.295       19.294    0.162       0.163        10358010002980    2.7926920   29.1067580      100114      6   55783.259957200         881    19.276    20.112     27.488    3.850       6.644           0      131072            0            1    10358010 
   55783.300977200        19.434        0.102      1001142060002196    2.7926700   29.1066600   00h11m10.24s   29d06m23.98s      2               0    1.227788e-06         424         421         409        19.072            0.009     19.279         19.277   19.295       19.294    0.162       0.163        10357986003496    2.7926410   29.1068380      100114      6   55783.303597200         881    19.429    20.520     27.539    3.150       4.628           0      131072            0            1    10357986 
   55793.250257200        19.475        0.106      1001142060002196    2.7926700   29.1066600   00h11m10.24s   29d06m23.98s      2               0    1.227788e-06         424         421         409        19.072            0.009     19.279         19.277   19.295       19.294    0.162       0.163        10377837003945    2.7926790   29.1066940      100114      6   55793.253587200         891    19.470    20.830     27.533    2.250       6.488           0      131072            0            1    10377837 
   55794.261357200        19.244        0.108      1001142060002196    2.7926700   29.1066600   00h11m10.24s   29d06m23.98s      2               0    1.227788e-06         424         421         409        19.072            0.009     19.279         19.277   19.295       19.294    0.162       0.163        10379376004755    2.7926640   29.1066970      100114      6   55794.264757200         892    19.206    21.243     27.517    2.150       5.098           0      131072            0            1    10379376 
   55809.166937200        19.090        0.113      1001142060002196    2.7926700   29.1066600   00h11m10.24s   29d06m23.98s      2               0    1.227788e-06         424         421         409        19.072            0.009     19.279         19.277   19.295       19.294    0.162       0.163        10480861003144    2.7928390   29.1066410      100114      6   55809.171207200         907    19.117    20.290     27.319    3.050       7.344           0      131072            0            1    10480861 
   55821.413337200        19.447        0.154      1001142060002196    2.7926700   29.1066600   00h11m10.24s   29d06m23.98s      2               0    1.227788e-06         424         421         409        19.072            0.009     19.279         19.277   19.295       19.294    0.162       0.163        10510181003268    2.7925720   29.1065340      100114      6   55821.418127200         919    19.447    20.579     27.552    2.350       4.871           0           0            0            1    10510181 
   55821.457057200        19.295        0.147      1001142060002196    2.7926700   29.1066600   00h11m10.24s   29d06m23.98s      2               0    1.227788e-06         424         421         409        19.072            0.009     19.279         19.277   19.295       19.294    0.162       0.163        10510059003278    2.7926730   29.1067420      100114      6   55821.461857200         919    19.291    20.477     27.541    2.450       5.031           0      131072            0            1    10510059 
   55822.363587200        19.278        0.103      1001142060002196    2.7926700   29.1066600   00h11m10.24s   29d06m23.98s      2               0    1.227788e-06         424         421         409        19.072            0.009     19.279         19.277   19.295       19.294    0.162       0.163        10515122003958    2.7926880   29.1066540      100114      6   55822.368417200         920    19.284    20.751     27.547    2.650       5.117           0      131072            0            1    10515122 
   55822.406567200        19.050        0.107      1001142060002196    2.7926700   29.1066600   00h11m10.24s   29d06m23.98s      2               0    1.227788e-06         424         421         409        19.072            0.009     19.279         19.277   19.295       19.294    0.162       0.163        10515141003960    2.7926330   29.1066290      100114      6   55822.411387200         920    19.056    20.969     27.546    2.050       6.258           0      131072            0            1    10515141 
   55838.116477200        19.084        0.091      1001142060002196    2.7926700   29.1066600   00h11m10.24s   29d06m23.98s      2               0    1.227788e-06         424         421         409        19.072            0.009     19.279         19.277   19.295       19.294    0.162       0.163        10569624003823    2.7925850   29.1067830      100114      6   55838.121647200         936    19.076    20.739     27.437    2.450       5.895           0      131072            0            1    10569624 
   55838.195117200        19.278        0.092      1001142060002196    2.7926700   29.1066600   00h11m10.24s   29d06m23.98s      2               0    1.227788e-06         424         421         409        19.072            0.009     19.279         19.277   19.295       19.294    0.162       0.163        10569664004253    2.7928710   29.1066360      100114      6   55838.200287200         936    19.267    20.964     27.495    2.450       5.014           0      131072            0            1    10569664 
   56203.110667200        19.024        0.101      1001142060002196    2.7926700   29.1066600   00h11m10.24s   29d06m23.98s      2               0    1.227788e-06         424         421         409        19.072            0.009     19.279         19.277   19.295       19.294    0.162       0.163        14294087003843    2.7927020   29.1066370      100114      6   56203.115837200        1300    19.047    20.672     27.614    3.250       7.505           0      131072            0            1    14294087 
   56203.138757200        19.170        0.132      1001142060002196    2.7926700   29.1066600   00h11m10.24s   29d06m23.98s      2               0    1.227788e-06         424         421         409        19.072            0.009     19.279         19.277   19.295       19.294    0.162       0.163        14294120003409    2.7927230   29.1066420      100114      6   56203.143927200        1300    19.186    20.711     27.653    2.150       6.073           0      131072            0            1    14294120 
   56203.167877200        19.830        0.181      1001142060002196    2.7926700   29.1066600   00h11m10.24s   29d06m23.98s      2               0    1.227788e-06         424         421         409        19.072            0.009     19.279         19.277   19.295       19.294    0.162       0.163        14294148003545    2.7925850   29.1065140      100114      6   56203.173047200        1300    19.836    20.789     27.679    1.950       4.139           0           0            0            1    14294148 
   56537.326577200        19.334        0.070      1001142060002196    2.7926700   29.1066600   00h11m10.24s   29d06m23.98s      2               0    1.227788e-06         424         421         409        19.072            0.009     19.279         19.277   19.295       19.294    0.162       0.163        18124330005631    2.7927660   29.1066200      100114      6   56537.330727200        1611    19.339    21.843     27.608    1.850       4.364           0      131072            0            1    18124330 
   56540.454177200        19.194        0.119      1001142060002196    2.7926700   29.1066600   00h11m10.24s   29d06m23.98s      2               0    1.227788e-06         424         421         409        19.072            0.009     19.279         19.277   19.295       19.294    0.162       0.163        18197418005622    2.7926610   29.1066400      100114      6   56540.458497200        1614    19.128    21.677     27.524    1.950       4.006           0      131072            0            1    18197418 
   56545.226097200        19.258        0.101      1001142060002196    2.7926700   29.1066600   00h11m10.24s   29d06m23.98s      2               0    1.227788e-06         424         421         409        19.072            0.009     19.279         19.277   19.295       19.294    0.162       0.163        18261747004827    2.7926680   29.1066570      100114      6   56545.230637200        1619    19.121    21.274     27.309    2.050       5.030           0      131072            0            1    18261747 
   56606.100207200        19.507        0.395      1001142060002196    2.7926700   29.1066600   00h11m10.24s   29d06m23.98s      2               0    1.227788e-06         424         421         409        19.072            0.009     19.279         19.277   19.295       19.294    0.162       0.163        18296938003132    2.7928050   29.1066520      100114      6   56606.104677200        1680    19.486    20.316     27.229    2.250       5.668           0      131072            0            1    18296938 
   56606.160287200        19.360        0.405      1001142060002196    2.7926700   29.1066600   00h11m10.24s   29d06m23.98s      2               0    1.227788e-06         424         421         409        19.072            0.009     19.279         19.277   19.295       19.294    0.162       0.163        18296981002577    2.7926850   29.1064580      100114      6   56606.164757200        1680    19.638    20.496     27.384    2.050       4.070           0           0            0            1    18296981 
   56606.185397200        19.332        0.385      1001142060002196    2.7926700   29.1066600   00h11m10.24s   29d06m23.98s      2               0    1.227788e-06         424         421         409        19.072            0.009     19.279         19.277   19.295       19.294    0.162       0.163        18297010004846    2.7927390   29.1066910      100114      6   56606.189857200        1680    18.952    20.900     27.282    2.150       4.922           0      131072            0            1    18297010 
