   55059.431477200        20.508        0.109      1001142060002841    2.8693030   29.1646330   00h11m28.63s   29d09m52.68s      2               0    1.295830e-06         330         330         322        19.991            0.017     20.231         20.244   20.240       20.246    0.256       0.252        11898981004930    2.8692410   29.1645990      100114      6   55059.434587200         173    20.507    21.471     27.276    2.350       3.484           0      131072            0            1    11898981 
   55059.454527200        20.323        0.128      1001142060002841    2.8693030   29.1646330   00h11m28.63s   29d09m52.68s      2               0    1.295830e-06         330         330         322        19.991            0.017     20.231         20.244   20.240       20.246    0.256       0.252        11899087004988    2.8692620   29.1646190      100114      6   55059.457637200         173    20.319    21.484     27.274    2.350       4.928           0      131072            0            1    11899087 
   55061.424747200        20.256        0.094      1001142060002841    2.8693030   29.1646330   00h11m28.63s   29d09m52.68s      2               0    1.295830e-06         330         330         322        19.991            0.017     20.231         20.244   20.240       20.246    0.256       0.252        11894878006339    2.8692900   29.1646290      100114      6   55061.427997200         175    20.248    21.590     27.247    2.350       4.518           0      131072            0            1    11894878 
   55061.462657200        20.415        0.102      1001142060002841    2.8693030   29.1646330   00h11m28.63s   29d09m52.68s      2               0    1.295830e-06         330         330         322        19.991            0.017     20.231         20.244   20.240       20.246    0.256       0.252        11894740006343    2.8691770   29.1645870      100114      6   55061.465917200         175    20.394    21.695     27.236    2.150       3.565           0      131072            0            1    11894740 
   55063.441527200        20.174        0.102      1001142060002841    2.8693030   29.1646330   00h11m28.63s   29d09m52.68s      2               0    1.295830e-06         330         330         322        19.991            0.017     20.231         20.244   20.240       20.246    0.256       0.252        11890493005312    2.8691650   29.1645370      100114      6   55063.444907200         177    20.169    21.697     27.227    2.150       3.689           0      131072            0            1    11890493 
   55063.486237200        20.338        0.104      1001142060002841    2.8693030   29.1646330   00h11m28.63s   29d09m52.68s      2               0    1.295830e-06         330         330         322        19.991            0.017     20.231         20.244   20.240       20.246    0.256       0.252        11890517005243    2.8692410   29.1645850      100114      6   55063.489627200         177    20.350    21.727     27.224    2.050       3.045           0      131072            0            1    11890517 
   55066.424917200        20.209        0.096      1001142060002841    2.8693030   29.1646330   00h11m28.63s   29d09m52.68s      2               0    1.295830e-06         330         330         322        19.991            0.017     20.231         20.244   20.240       20.246    0.256       0.252        11884710006178    2.8691880   29.1646290      100114      6   55066.428497200         180    20.204    21.568     27.208    2.150       3.259           0      131072            0            1    11884710 
   55066.469697200        20.365        0.098      1001142060002841    2.8693030   29.1646330   00h11m28.63s   29d09m52.68s      2               0    1.295830e-06         330         330         322        19.991            0.017     20.231         20.244   20.240       20.246    0.256       0.252        11884677006505    2.8692840   29.1646430      100114      6   55066.473277200         180    20.352    21.681     27.212    1.950       3.028           0      131072            0            1    11884677 
   55069.414127200        20.561        0.125      1001142060002841    2.8693030   29.1646330   00h11m28.63s   29d09m52.68s      2               0    1.295830e-06         330         330         322        19.991            0.017     20.231         20.244   20.240       20.246    0.256       0.252        11880809005016    2.8691930   29.1646570      100114      6   55069.417897200         183    20.560    21.568     27.266    2.050       3.222           0      131072            0            1    11880809 
   55069.459987200        20.280        0.132      1001142060002841    2.8693030   29.1646330   00h11m28.63s   29d09m52.68s      2               0    1.295830e-06         330         330         322        19.991            0.017     20.231         20.244   20.240       20.246    0.256       0.252        11880766004783    2.8691420   29.1645080      100114      6   55069.463757200         183    20.285    21.404     27.268    2.350       3.319           0      131072            0            1    11880766 
   55084.358307200        20.041        0.124      1001142060002841    2.8693030   29.1646330   00h11m28.63s   29d09m52.68s      2               0    1.295830e-06         330         330         322        19.991            0.017     20.231         20.244   20.240       20.246    0.256       0.252        11839089004862    2.8692180   29.1645110      100114      6   55084.362847200         196    20.044    20.971     27.269    2.050       3.577           0      131072            0            1    11839089 
   55089.350597200        20.592        0.119      1001142060002841    2.8693030   29.1646330   00h11m28.63s   29d09m52.68s      2               0    1.295830e-06         330         330         322        19.991            0.017     20.231         20.244   20.240       20.246    0.256       0.252        11854279004339    2.8693350   29.1645990      100114      6   55089.355347200         201    20.585    21.243     27.255    2.750       3.960           0      131072            0            1    11854279 
   55089.394887200        20.315        0.138      1001142060002841    2.8693030   29.1646330   00h11m28.63s   29d09m52.68s      2               0    1.295830e-06         330         330         322        19.991            0.017     20.231         20.244   20.240       20.246    0.256       0.252        11854251004808    2.8692280   29.1646530      100114      6   55089.399627200         201    20.315    21.536     27.274    2.150       2.690           0      131072            0            1    11854251 
   55093.335147200        20.227        0.112      1001142060002841    2.8693030   29.1646330   00h11m28.63s   29d09m52.68s      2               0    1.295830e-06         330         330         322        19.991            0.017     20.231         20.244   20.240       20.246    0.256       0.252        11854138006441    2.8691440   29.1645840      100114      6   55093.340027200         205    20.230    21.509     27.228    2.150       3.405           0      131072            0            1    11854138 
   55093.379747200        20.108        0.101      1001142060002841    2.8693030   29.1646330   00h11m28.63s   29d09m52.68s      2               0    1.295830e-06         330         330         322        19.991            0.017     20.231         20.244   20.240       20.246    0.256       0.252        11854093006503    2.8692450   29.1645090      100114      6   55093.384617200         205    20.115    21.605     27.235    2.050       4.390           0      131072            0            1    11854093 
   55095.329827200        20.492        0.109      1001142060002841    2.8693030   29.1646330   00h11m28.63s   29d09m52.68s      2               0    1.295830e-06         330         330         322        19.991            0.017     20.231         20.244   20.240       20.246    0.256       0.252        11932331006224    2.8693540   29.1646230      100114      6   55095.334757200         207    20.495    21.453     27.267    2.350       2.724           0      131072            0            1    11932331 
   55095.374507200        20.262        0.133      1001142060002841    2.8693030   29.1646330   00h11m28.63s   29d09m52.68s      2               0    1.295830e-06         330         330         322        19.991            0.017     20.231         20.244   20.240       20.246    0.256       0.252        11932347006213    2.8692980   29.1646590      100114      6   55095.379437200         207    20.268    21.473     27.263    2.350       3.046           0      131072            0            1    11932347 
   55114.378347200        20.550        0.202      1001142060002841    2.8693030   29.1646330   00h11m28.63s   29d09m52.68s      2               0    1.295830e-06         330         330         322        19.991            0.017     20.231         20.244   20.240       20.246    0.256       0.252        11806483005395    2.8691750   29.1647290      100114      6   55114.383547200         223    20.420    21.058     27.617    2.450       2.844           0      131072            0            1    11806483 
   55119.413187200        20.423        0.123      1001142060002841    2.8693030   29.1646330   00h11m28.63s   29d09m52.68s      2               0    1.295830e-06         330         330         322        19.991            0.017     20.231         20.244   20.240       20.246    0.256       0.252        11838687004051    2.8693330   29.1646810      100114      6   55119.418367200         228    20.440    21.301     27.724    2.350       4.646           0      131072            0            1    11838687 
   55119.476747200        19.713        0.162      1001142060002841    2.8693030   29.1646330   00h11m28.63s   29d09m52.68s      2               0    1.295830e-06         330         330         322        19.991            0.017     20.231         20.244   20.240       20.246    0.256       0.252        11838673003334    2.8693980   29.1647880      100114      6   55119.481927200         228    19.721    20.801     27.638    2.950       6.447           0           0            0            1    11838673 
   55123.287437200        20.284        0.119      1001142060002841    2.8693030   29.1646330   00h11m28.63s   29d09m52.68s      2               0    1.295830e-06         330         330         322        19.991            0.017     20.231         20.244   20.240       20.246    0.256       0.252        11812963004515    2.8692560   29.1645540      100114      6   55123.292577200         232    20.295    21.571     27.755    2.350       3.659           0      131072            0            1    11812963 
   55123.336467200        20.251        0.155      1001142060002841    2.8693030   29.1646330   00h11m28.63s   29d09m52.68s      2               0    1.295830e-06         330         330         322        19.991            0.017     20.231         20.244   20.240       20.246    0.256       0.252        11812935004483    2.8693920   29.1646700      100114      6   55123.341607200         232    20.257    21.513     27.747    2.350       5.621           0      131072            0            1    11812935 
   55142.296147200        20.011        0.145      1001142060002841    2.8693030   29.1646330   00h11m28.63s   29d09m52.68s      2               0    1.295830e-06         330         330         322        19.991            0.017     20.231         20.244   20.240       20.246    0.256       0.252        11792905005068    2.8692400   29.1646430      100114      6   55142.300737200         282    20.010    21.168     27.756    2.350       3.858           0      131072            0            1    11792905 
   55142.340347200        20.402        0.154      1001142060002841    2.8693030   29.1646330   00h11m28.63s   29d09m52.68s      2               0    1.295830e-06         330         330         322        19.991            0.017     20.231         20.244   20.240       20.246    0.256       0.252        11792944004804    2.8694690   29.1648000      100114      6   55142.344937200         282    20.404    21.053     27.741    2.350       2.797           0      131072            0            1    11792944 
   55144.317337200        20.427        0.152      1001142060002841    2.8693030   29.1646330   00h11m28.63s   29d09m52.68s      2               0    1.295830e-06         330         330         322        19.991            0.017     20.231         20.244   20.240       20.246    0.256       0.252        11799803005218    2.8692100   29.1647110      100114      6   55144.321847200         250    20.435    21.261     27.739    2.150       3.381           0      131072            0            1    11799803 
   55144.361137200        20.339        0.144      1001142060002841    2.8693030   29.1646330   00h11m28.63s   29d09m52.68s      2               0    1.295830e-06         330         330         322        19.991            0.017     20.231         20.244   20.240       20.246    0.256       0.252        11799911003931    2.8693610   29.1645260      100114      6   55144.365637200         250    20.377    21.199     27.742    2.050       3.866           0      131072            0            1    11799911 
   55152.173527200        20.694        0.130      1001142060002841    2.8693030   29.1646330   00h11m28.63s   29d09m52.68s      2               0    1.295830e-06         330         330         322        19.991            0.017     20.231         20.244   20.240       20.246    0.256       0.252        11803159004336    2.8692630   29.1645750      100114      6   55152.177637200         258    20.700    21.336     27.800    2.750       2.050           0      131072            0            1    11803159 
   55152.217537200        19.870        0.120      1001142060002841    2.8693030   29.1646330   00h11m28.63s   29d09m52.68s      2               0    1.295830e-06         330         330         322        19.991            0.017     20.231         20.244   20.240       20.246    0.256       0.252        11803084005365    2.8693120   29.1645970      100114      6   55152.221637200         258    19.868    21.356     27.794    2.650       6.717           0      131072            0            1    11803084 
   55168.274097200        20.118        0.173      1001142060002841    2.8693030   29.1646330   00h11m28.63s   29d09m52.68s      2               0    1.295830e-06         330         330         322        19.991            0.017     20.231         20.244   20.240       20.246    0.256       0.252        12344664003443    2.8692450   29.1646590      100114      6   55168.277137200         273    20.122    20.673     27.760    2.050       2.919           0           0            0            1    12344664 
   55183.164917200        19.931        0.225      1001142060002841    2.8693030   29.1646330   00h11m28.63s   29d09m52.68s      2               0    1.295830e-06         330         330         322        19.991            0.017     20.231         20.244   20.240       20.246    0.256       0.252        11781690005388    2.8693100   29.1645760      100114      6   55183.166757200         279    19.834    21.175     27.648    2.350       5.388           0      131072            0            1    11781690 
   55194.097327200        19.683        0.157      1001142060002841    2.8693030   29.1646330   00h11m28.63s   29d09m52.68s      2               0    1.295830e-06         330         330         322        19.991            0.017     20.231         20.244   20.240       20.246    0.256       0.252        12652253003738    2.8692530   29.1646830      100114      6   55194.098187200         302    18.778    19.782     26.867    2.350       2.555           0      131072            0            1    12652253 
   55199.096657200        19.975        0.134      1001142060002841    2.8693030   29.1646330   00h11m28.63s   29d09m52.68s      2               0    1.295830e-06         330         330         322        19.991            0.017     20.231         20.244   20.240       20.246    0.256       0.252        14959062004374    2.8693770   29.1645520      100114      6   55199.097057200         307    19.966    21.360     27.785    2.450       3.964           0      131072            0            1    14959062 
   55207.154177200        20.052        0.112      1001142060002841    2.8693030   29.1646330   00h11m28.63s   29d09m52.68s      2               0    1.295830e-06         330         330         322        19.991            0.017     20.231         20.244   20.240       20.246    0.256       0.252        11745244004822    2.8692640   29.1646370      100114      6   55207.153837200         316    20.038    21.574     27.742    1.950       3.121           0      131072            0            1    11745244 
   55207.228427200        20.578        0.162      1001142060002841    2.8693030   29.1646330   00h11m28.63s   29d09m52.68s      2               0    1.295830e-06         330         330         322        19.991            0.017     20.231         20.244   20.240       20.246    0.256       0.252        11745242004486    2.8696310   29.1643380      100114      6   55207.228077200         316    20.648    21.053     27.691    2.150       4.586           0           0            0            1    11745242 
   55209.134757200        20.308        0.142      1001142060002841    2.8693030   29.1646330   00h11m28.63s   29d09m52.68s      2               0    1.295830e-06         330         330         322        19.991            0.017     20.231         20.244   20.240       20.246    0.256       0.252        11741608005805    2.8693330   29.1646200      100114      6   55209.134227200         318    20.310    21.561     27.795    2.150       3.887           0      131072            0            1    11741608 
   55209.179387200        19.805        0.132      1001142060002841    2.8693030   29.1646330   00h11m28.63s   29d09m52.68s      2               0    1.295830e-06         330         330         322        19.991            0.017     20.231         20.244   20.240       20.246    0.256       0.252        11741584005093    2.8692480   29.1644620      100114      6   55209.178857200         318    19.786    21.186     27.744    2.650       6.146           0      131072            0            1    11741584 
   55422.309447200        20.495        0.114      1001142060002841    2.8693030   29.1646330   00h11m28.63s   29d09m52.68s      2               0    1.295830e-06         330         330         322        19.991            0.017     20.231         20.244   20.240       20.246    0.256       0.252        11149993005682    2.8693230   29.1646780      100114      6   55422.312387200         521    20.483    21.616     27.667    2.250       2.769           0      131072            0            1    11149993 
   55422.336907200        20.165        0.115      1001142060002841    2.8693030   29.1646330   00h11m28.63s   29d09m52.68s      2               0    1.295830e-06         330         330         322        19.991            0.017     20.231         20.244   20.240       20.246    0.256       0.252        11149840005500    2.8692810   29.1646470      100114      6   55422.339857200         521    20.158    21.584     27.681    2.550       4.488           0      131072            0            1    11149840 
   55422.350847200        20.131        0.122      1001142060002841    2.8693030   29.1646330   00h11m28.63s   29d09m52.68s      2               0    1.295830e-06         330         330         322        19.991            0.017     20.231         20.244   20.240       20.246    0.256       0.252        11150034006049    2.8691850   29.1646900      100114      6   55422.353787200         521    20.120    21.778     27.686    2.150       3.367           0      131072            0            1    11150034 
   55422.362757200        20.318        0.106      1001142060002841    2.8693030   29.1646330   00h11m28.63s   29d09m52.68s      2               0    1.295830e-06         330         330         322        19.991            0.017     20.231         20.244   20.240       20.246    0.256       0.252        11149808005929    2.8692420   29.1644800      100114      6   55422.365697200         521    20.311    21.773     27.689    2.250       4.139           0      131072            0            1    11149808 
   55422.374317200        20.121        0.131      1001142060002841    2.8693030   29.1646330   00h11m28.63s   29d09m52.68s      2               0    1.295830e-06         330         330         322        19.991            0.017     20.231         20.244   20.240       20.246    0.256       0.252        11149932004648    2.8692980   29.1646350      100114      6   55422.377267200         521    20.118    21.678     27.692    2.450       3.704           0      131072            0            1    11149932 
   55422.386737200        19.987        0.099      1001142060002841    2.8693030   29.1646330   00h11m28.63s   29d09m52.68s      2               0    1.295830e-06         330         330         322        19.991            0.017     20.231         20.244   20.240       20.246    0.256       0.252        11149844006272    2.8692100   29.1646050      100114      6   55422.389687200         521    19.982    21.949     27.694    1.950       5.007           0      131072            0            1    11149844 
   55422.399047200        20.396        0.115      1001142060002841    2.8693030   29.1646330   00h11m28.63s   29d09m52.68s      2               0    1.295830e-06         330         330         322        19.991            0.017     20.231         20.244   20.240       20.246    0.256       0.252        11149936005738    2.8693470   29.1646170      100114      6   55422.401997200         521    20.397    21.759     27.695    2.350       3.185           0      131072            0            1    11149936 
   55422.412987200        20.112        0.125      1001142060002841    2.8693030   29.1646330   00h11m28.63s   29d09m52.68s      2               0    1.295830e-06         330         330         322        19.991            0.017     20.231         20.244   20.240       20.246    0.256       0.252        11149893004714    2.8693190   29.1645340      100114      6   55422.415937200         521    20.111    21.756     27.696    2.350       3.930           0      131072            0            1    11149893 
   55422.426747200        20.008        0.119      1001142060002841    2.8693030   29.1646330   00h11m28.63s   29d09m52.68s      2               0    1.295830e-06         330         330         322        19.991            0.017     20.231         20.244   20.240       20.246    0.256       0.252        11149865005891    2.8693160   29.1646370      100114      6   55422.429697200         521    20.004    21.736     27.696    2.350       4.432           0      131072            0            1    11149865 
   55422.439457200        20.235        0.125      1001142060002841    2.8693030   29.1646330   00h11m28.63s   29d09m52.68s      2               0    1.295830e-06         330         330         322        19.991            0.017     20.231         20.244   20.240       20.246    0.256       0.252        11149856004848    2.8692400   29.1645490      100114      6   55422.442407200         521    20.229    21.701     27.696    2.450       3.750           0      131072            0            1    11149856 
   55422.452697200        20.472        0.145      1001142060002841    2.8693030   29.1646330   00h11m28.63s   29d09m52.68s      2               0    1.295830e-06         330         330         322        19.991            0.017     20.231         20.244   20.240       20.246    0.256       0.252        11149851004811    2.8692740   29.1646570      100114      6   55422.455647200         521    20.464    21.656     27.694    2.550       3.725           0      131072            0            1    11149851 
   55422.466737200        20.437        0.143      1001142060002841    2.8693030   29.1646330   00h11m28.63s   29d09m52.68s      2               0    1.295830e-06         330         330         322        19.991            0.017     20.231         20.244   20.240       20.246    0.256       0.252        11150061004669    2.8692240   29.1645600      100114      6   55422.469687200         521    20.432    21.569     27.692    2.750       5.075           0      131072            0            1    11150061 
   55422.483747200        20.148        0.128      1001142060002841    2.8693030   29.1646330   00h11m28.63s   29d09m52.68s      2               0    1.295830e-06         330         330         322        19.991            0.017     20.231         20.244   20.240       20.246    0.256       0.252        11149979006046    2.8692490   29.1646070      100114      6   55422.486707200         521    20.141    21.720     27.688    2.350       2.800           0      131072            0            1    11149979 
   55422.498897200        20.040        0.129      1001142060002841    2.8693030   29.1646330   00h11m28.63s   29d09m52.68s      2               0    1.295830e-06         330         330         322        19.991            0.017     20.231         20.244   20.240       20.246    0.256       0.252        11149810004378    2.8692160   29.1645070      100114      6   55422.501857200         521    20.034    21.492     27.684    2.450       2.894           0      131072            0            1    11149810 
   55423.307897200        20.232        0.101      1001142060002841    2.8693030   29.1646330   00h11m28.63s   29d09m52.68s      2               0    1.295830e-06         330         330         322        19.991            0.017     20.231         20.244   20.240       20.246    0.256       0.252        11147042004735    2.8691870   29.1646010      100114      6   55423.310907200         522    20.225    21.691     27.664    2.050       4.477           0      131072            0            1    11147042 
   55423.325617200        20.268        0.114      1001142060002841    2.8693030   29.1646330   00h11m28.63s   29d09m52.68s      2               0    1.295830e-06         330         330         322        19.991            0.017     20.231         20.244   20.240       20.246    0.256       0.252        11147017005988    2.8692890   29.1646880      100114      6   55423.328627200         522    20.260    21.731     27.671    2.050       3.051           0      131072            0            1    11147017 
   55423.339857200        20.359        0.111      1001142060002841    2.8693030   29.1646330   00h11m28.63s   29d09m52.68s      2               0    1.295830e-06         330         330         322        19.991            0.017     20.231         20.244   20.240       20.246    0.256       0.252        11147166005814    2.8692480   29.1644790      100114      6   55423.342877200         522    20.351    21.672     27.675    2.250       3.546           0      131072            0            1    11147166 
   55423.353677200        20.047        0.128      1001142060002841    2.8693030   29.1646330   00h11m28.63s   29d09m52.68s      2               0    1.295830e-06         330         330         322        19.991            0.017     20.231         20.244   20.240       20.246    0.256       0.252        11147138005963    2.8692930   29.1646990      100114      6   55423.356697200         522    20.041    21.888     27.678    1.850       3.642           0      131072            0            1    11147138 
   55423.365657200        20.153        0.099      1001142060002841    2.8693030   29.1646330   00h11m28.63s   29d09m52.68s      2               0    1.295830e-06         330         330         322        19.991            0.017     20.231         20.244   20.240       20.246    0.256       0.252        11146989005085    2.8692780   29.1646420      100114      6   55423.368677200         522    20.145    21.919     27.680    1.850       2.527           0      131072            0            1    11146989 
   55423.397187200        20.249        0.114      1001142060002841    2.8693030   29.1646330   00h11m28.63s   29d09m52.68s      2               0    1.295830e-06         330         330         322        19.991            0.017     20.231         20.244   20.240       20.246    0.256       0.252        11147208005030    2.8692300   29.1646190      100114      6   55423.400207200         522    20.246    21.861     27.683    2.050       3.140           0      131072            0            1    11147208 
   55423.412007200        20.299        0.101      1001142060002841    2.8693030   29.1646330   00h11m28.63s   29d09m52.68s      2               0    1.295830e-06         330         330         322        19.991            0.017     20.231         20.244   20.240       20.246    0.256       0.252        11147124005974    2.8692830   29.1646410      100114      6   55423.415027200         522    20.293    21.848     27.683    2.050       3.048           0      131072            0            1    11147124 
   55423.426547200        20.372        0.100      1001142060002841    2.8693030   29.1646330   00h11m28.63s   29d09m52.68s      2               0    1.295830e-06         330         330         322        19.991            0.017     20.231         20.244   20.240       20.246    0.256       0.252        11147117006345    2.8692990   29.1645310      100114      6   55423.429567200         522    20.368    21.978     27.683    1.850       2.716           0      131072            0            1    11147117 
   55423.440577200        20.131        0.094      1001142060002841    2.8693030   29.1646330   00h11m28.63s   29d09m52.68s      2               0    1.295830e-06         330         330         322        19.991            0.017     20.231         20.244   20.240       20.246    0.256       0.252        11147201004887    2.8692020   29.1646440      100114      6   55423.443597200         522    20.128    21.808     27.682    2.150       3.943           0      131072            0            1    11147201 
   55423.466517200        20.327        0.113      1001142060002841    2.8693030   29.1646330   00h11m28.63s   29d09m52.68s      2               0    1.295830e-06         330         330         322        19.991            0.017     20.231         20.244   20.240       20.246    0.256       0.252        11147175005994    2.8692340   29.1645500      100114      6   55423.469537200         522    20.321    21.797     27.678    2.150       3.191           0      131072            0            1    11147175 
   55423.482907200        20.023        0.123      1001142060002841    2.8693030   29.1646330   00h11m28.63s   29d09m52.68s      2               0    1.295830e-06         330         330         322        19.991            0.017     20.231         20.244   20.240       20.246    0.256       0.252        11147187005922    2.8692930   29.1647190      100114      6   55423.485927200         522    20.013    21.805     27.675    2.050       3.831           0      131072            0            1    11147187 
   55423.497167200        20.449        0.115      1001142060002841    2.8693030   29.1646330   00h11m28.63s   29d09m52.68s      2               0    1.295830e-06         330         330         322        19.991            0.017     20.231         20.244   20.240       20.246    0.256       0.252        11147101005900    2.8692490   29.1645990      100114      6   55423.500187200         522    20.437    21.561     27.671    2.350       4.785           0      131072            0            1    11147101 
   55424.304627200        19.832        0.107      1001142060002841    2.8693030   29.1646330   00h11m28.63s   29d09m52.68s      2               0    1.295830e-06         330         330         322        19.991            0.017     20.231         20.244   20.240       20.246    0.256       0.252        11144740005756    2.8692780   29.1646410      100114      6   55424.307717200         523    19.806    21.658     27.577    1.950       3.946           0      131072            0            1    11144740 
   55424.318437200        20.687        0.130      1001142060002841    2.8693030   29.1646330   00h11m28.63s   29d09m52.68s      2               0    1.295830e-06         330         330         322        19.991            0.017     20.231         20.244   20.240       20.246    0.256       0.252        11144697005613    2.8692900   29.1646610      100114      6   55424.321517200         523    20.665    21.634     27.590    2.050       3.115           0      131072            0            1    11144697 
   55424.332167200        20.466        0.145      1001142060002841    2.8693030   29.1646330   00h11m28.63s   29d09m52.68s      2               0    1.295830e-06         330         330         322        19.991            0.017     20.231         20.244   20.240       20.246    0.256       0.252        11144728005488    2.8692490   29.1646170      100114      6   55424.335247200         523    20.476    21.575     27.601    2.250       3.193           0      131072            0            1    11144728 
   55424.348687200        20.215        0.101      1001142060002841    2.8693030   29.1646330   00h11m28.63s   29d09m52.68s      2               0    1.295830e-06         330         330         322        19.991            0.017     20.231         20.244   20.240       20.246    0.256       0.252        11144712004617    2.8692190   29.1647090      100114      6   55424.351777200         523    20.211    21.661     27.612    2.150       3.313           0      131072            0            1    11144712 
   55424.360497200        20.288        0.128      1001142060002841    2.8693030   29.1646330   00h11m28.63s   29d09m52.68s      2               0    1.295830e-06         330         330         322        19.991            0.017     20.231         20.244   20.240       20.246    0.256       0.252        11144729005811    2.8693390   29.1646480      100114      6   55424.363587200         523    20.280    21.644     27.618    2.250       3.361           0      131072            0            1    11144729 
   55424.373007200        20.337        0.144      1001142060002841    2.8693030   29.1646330   00h11m28.63s   29d09m52.68s      2               0    1.295830e-06         330         330         322        19.991            0.017     20.231         20.244   20.240       20.246    0.256       0.252        11144736005819    2.8692750   29.1647270      100114      6   55424.376097200         523    20.327    21.800     27.624    1.950       3.281           0      131072            0            1    11144736 
   55424.386287200        20.303        0.105      1001142060002841    2.8693030   29.1646330   00h11m28.63s   29d09m52.68s      2               0    1.295830e-06         330         330         322        19.991            0.017     20.231         20.244   20.240       20.246    0.256       0.252        11144739005875    2.8692720   29.1646700      100114      6   55424.389377200         523    20.302    21.770     27.629    2.050       2.758           0      131072            0            1    11144739 
   55424.399217200        20.343        0.128      1001142060002841    2.8693030   29.1646330   00h11m28.63s   29d09m52.68s      2               0    1.295830e-06         330         330         322        19.991            0.017     20.231         20.244   20.240       20.246    0.256       0.252        11144897006005    2.8692800   29.1646230      100114      6   55424.402307200         523    20.338    21.795     27.633    2.050       3.365           0      131072            0            1    11144897 
   55424.413257200        20.381        0.111      1001142060002841    2.8693030   29.1646330   00h11m28.63s   29d09m52.68s      2               0    1.295830e-06         330         330         322        19.991            0.017     20.231         20.244   20.240       20.246    0.256       0.252        11144757004971    2.8692850   29.1646710      100114      6   55424.416347200         523    20.376    21.805     27.637    2.050       3.078           0      131072            0            1    11144757 
   55424.428257200        20.192        0.106      1001142060002841    2.8693030   29.1646330   00h11m28.63s   29d09m52.68s      2               0    1.295830e-06         330         330         322        19.991            0.017     20.231         20.244   20.240       20.246    0.256       0.252        11144756004883    2.8692180   29.1647130      100114      6   55424.431347200         523    20.192    21.761     27.641    2.150       3.340           0      131072            0            1    11144756 
   55424.440317200        20.082        0.105      1001142060002841    2.8693030   29.1646330   00h11m28.63s   29d09m52.68s      2               0    1.295830e-06         330         330         322        19.991            0.017     20.231         20.244   20.240       20.246    0.256       0.252        11144916005028    2.8691850   29.1645670      100114      6   55424.443407200         523    20.085    21.863     27.643    1.950       2.888           0      131072            0            1    11144916 
   55424.456717200        20.071        0.117      1001142060002841    2.8693030   29.1646330   00h11m28.63s   29d09m52.68s      2               0    1.295830e-06         330         330         322        19.991            0.017     20.231         20.244   20.240       20.246    0.256       0.252        11144849006081    2.8692690   29.1645310      100114      6   55424.459807200         523    20.073    21.652     27.644    2.350       4.618           0      131072            0            1    11144849 
   55424.469517200        19.896        0.116      1001142060002841    2.8693030   29.1646330   00h11m28.63s   29d09m52.68s      2               0    1.295830e-06         330         330         322        19.991            0.017     20.231         20.244   20.240       20.246    0.256       0.252        11144704006046    2.8692410   29.1646110      100114      6   55424.472607200         523    19.896    21.753     27.644    2.150       4.873           0      131072            0            1    11144704 
   55424.484247200        20.308        0.107      1001142060002841    2.8693030   29.1646330   00h11m28.63s   29d09m52.68s      2               0    1.295830e-06         330         330         322        19.991            0.017     20.231         20.244   20.240       20.246    0.256       0.252        11144794004890    2.8692210   29.1645900      100114      6   55424.487347200         523    20.313    21.790     27.643    2.050       3.061           0      131072            0            1    11144794 
   55424.496347200        20.204        0.134      1001142060002841    2.8693030   29.1646330   00h11m28.63s   29d09m52.68s      2               0    1.295830e-06         330         330         322        19.991            0.017     20.231         20.244   20.240       20.246    0.256       0.252        11144863004886    2.8692360   29.1645890      100114      6   55424.499437200         523    20.207    21.793     27.642    1.950       2.476           0      131072            0            1    11144863 
   55425.307457200        20.051        0.115      1001142060002841    2.8693030   29.1646330   00h11m28.63s   29d09m52.68s      2               0    1.295830e-06         330         330         322        19.991            0.017     20.231         20.244   20.240       20.246    0.256       0.252        11141871004746    2.8692930   29.1645330      100114      6   55425.310607200         524    20.059    21.764     27.575    1.850       2.946           0      131072            0            1    11141871 
   55425.337167200        20.402        0.113      1001142060002841    2.8693030   29.1646330   00h11m28.63s   29d09m52.68s      2               0    1.295830e-06         330         330         322        19.991            0.017     20.231         20.244   20.240       20.246    0.256       0.252        11141949004766    2.8692490   29.1646550      100114      6   55425.340317200         524    20.417    21.827     27.602    1.850       2.979           0      131072            0            1    11141949 
   55425.350517200        20.244        0.161      1001142060002841    2.8693030   29.1646330   00h11m28.63s   29d09m52.68s      2               0    1.295830e-06         330         330         322        19.991            0.017     20.231         20.244   20.240       20.246    0.256       0.252        11141931005905    2.8692230   29.1646350      100114      6   55425.353677200         524    20.255    21.791     27.610    1.950       3.658           0      131072            0            1    11141931 
   55425.363627200        20.049        0.108      1001142060002841    2.8693030   29.1646330   00h11m28.63s   29d09m52.68s      2               0    1.295830e-06         330         330         322        19.991            0.017     20.231         20.244   20.240       20.246    0.256       0.252        11141741005906    2.8692630   29.1646150      100114      6   55425.366777200         524    20.061    21.864     27.616    1.850       4.394           0      131072            0            1    11141741 
   55425.376027200        20.111        0.129      1001142060002841    2.8693030   29.1646330   00h11m28.63s   29d09m52.68s      2               0    1.295830e-06         330         330         322        19.991            0.017     20.231         20.244   20.240       20.246    0.256       0.252        11141721006075    2.8692740   29.1645490      100114      6   55425.379187200         524    20.118    21.941     27.620    1.750       3.287           0      131072            0            1    11141721 
   55425.388077200        20.454        0.134      1001142060002841    2.8693030   29.1646330   00h11m28.63s   29d09m52.68s      2               0    1.295830e-06         330         330         322        19.991            0.017     20.231         20.244   20.240       20.246    0.256       0.252        11141831005184    2.8692650   29.1646390      100114      6   55425.391237200         524    20.458    21.932     27.623    1.750       3.029           0      131072            0            1    11141831 
   55425.404397200        19.993        0.128      1001142060002841    2.8693030   29.1646330   00h11m28.63s   29d09m52.68s      2               0    1.295830e-06         330         330         322        19.991            0.017     20.231         20.244   20.240       20.246    0.256       0.252        11141784006263    2.8692680   29.1646030      100114      6   55425.407557200         524    19.995    21.953     27.625    1.750       3.762           0      131072            0            1    11141784 
   55425.418827200        20.038        0.116      1001142060002841    2.8693030   29.1646330   00h11m28.63s   29d09m52.68s      2               0    1.295830e-06         330         330         322        19.991            0.017     20.231         20.244   20.240       20.246    0.256       0.252        11141881004981    2.8692270   29.1646160      100114      6   55425.421987200         524    20.043    21.910     27.624    1.850       2.957           0      131072            0            1    11141881 
   55425.433137200        20.247        0.108      1001142060002841    2.8693030   29.1646330   00h11m28.63s   29d09m52.68s      2               0    1.295830e-06         330         330         322        19.991            0.017     20.231         20.244   20.240       20.246    0.256       0.252        11141759006151    2.8691900   29.1645910      100114      6   55425.436297200         524    20.256    21.967     27.622    1.750       3.586           0      131072            0            1    11141759 
   55425.447817200        19.895        0.120      1001142060002841    2.8693030   29.1646330   00h11m28.63s   29d09m52.68s      2               0    1.295830e-06         330         330         322        19.991            0.017     20.231         20.244   20.240       20.246    0.256       0.252        11141908006025    2.8691520   29.1646010      100114      6   55425.450977200         524    19.898    21.839     27.618    1.950       3.595           0      131072            0            1    11141908 
   55425.462417200        20.036        0.136      1001142060002841    2.8693030   29.1646330   00h11m28.63s   29d09m52.68s      2               0    1.295830e-06         330         330         322        19.991            0.017     20.231         20.244   20.240       20.246    0.256       0.252        11141844004758    2.8692870   29.1646780      100114      6   55425.465587200         524    20.028    21.780     27.611    2.050       4.833           0      131072            0            1    11141844 
   55425.474857200        19.363        0.138      1001142060002841    2.8693030   29.1646330   00h11m28.63s   29d09m52.68s      2               0    1.295830e-06         330         330         322        19.991            0.017     20.231         20.244   20.240       20.246    0.256       0.252        11141807004151    2.8693540   29.1644810      100114      6   55425.478027200         524    19.359    21.402     27.605    2.450       7.114           0      131072            0            1    11141807 
   55425.490117200        20.109        0.140      1001142060002841    2.8693030   29.1646330   00h11m28.63s   29d09m52.68s      2               0    1.295830e-06         330         330         322        19.991            0.017     20.231         20.244   20.240       20.246    0.256       0.252        11141887005781    2.8692610   29.1645420      100114      6   55425.493277200         524    20.094    21.711     27.594    2.050       2.841           0      131072            0            1    11141887 
   55425.508007200        19.802        0.160      1001142060002841    2.8693030   29.1646330   00h11m28.63s   29d09m52.68s      2               0    1.295830e-06         330         330         322        19.991            0.017     20.231         20.244   20.240       20.246    0.256       0.252        11141907004704    2.8692630   29.1646640      100114      6   55425.511177200         524    19.779    21.178     27.579    1.850       3.741           0      131072            0            1    11141907 
   55426.298337200        20.355        0.166      1001142060002841    2.8693030   29.1646330   00h11m28.63s   29d09m52.68s      2               0    1.295830e-06         330         330         322        19.991            0.017     20.231         20.244   20.240       20.246    0.256       0.252        11198449004730    2.8692560   29.1646600      100114      6   55426.301557200         525    20.463    21.363     27.586    1.950       4.148           0      131072            0            1    11198449 
   55426.310667200        20.585        0.140      1001142060002841    2.8693030   29.1646330   00h11m28.63s   29d09m52.68s      2               0    1.295830e-06         330         330         322        19.991            0.017     20.231         20.244   20.240       20.246    0.256       0.252        11198465005084    2.8694410   29.1647080      100114      6   55426.313897200         525    20.619    21.440     27.600    2.150       4.902           0      131072            0            1    11198465 
   55426.323307200        20.047        0.131      1001142060002841    2.8693030   29.1646330   00h11m28.63s   29d09m52.68s      2               0    1.295830e-06         330         330         322        19.991            0.017     20.231         20.244   20.240       20.246    0.256       0.252        11198500004359    2.8692670   29.1646050      100114      6   55426.326537200         525    20.099    21.648     27.611    1.950       3.657           0      131072            0            1    11198500 
   55426.336037200        20.013        0.123      1001142060002841    2.8693030   29.1646330   00h11m28.63s   29d09m52.68s      2               0    1.295830e-06         330         330         322        19.991            0.017     20.231         20.244   20.240       20.246    0.256       0.252        11198463004863    2.8692930   29.1646150      100114      6   55426.339267200         525    19.984    21.828     27.619    1.850       4.222           0      131072            0            1    11198463 
   55426.350587200        20.130        0.140      1001142060002841    2.8693030   29.1646330   00h11m28.63s   29d09m52.68s      2               0    1.295830e-06         330         330         322        19.991            0.017     20.231         20.244   20.240       20.246    0.256       0.252        11198423005981    2.8692580   29.1645840      100114      6   55426.353817200         525    20.104    21.803     27.626    1.950       2.640           0      131072            0            1    11198423 
   55426.364347200        20.369        0.180      1001142060002841    2.8693030   29.1646330   00h11m28.63s   29d09m52.68s      2               0    1.295830e-06         330         330         322        19.991            0.017     20.231         20.244   20.240       20.246    0.256       0.252        11198510004812    2.8692080   29.1646320      100114      6   55426.367577200         525    20.347    21.765     27.631    2.050       2.950           0      131072            0            1    11198510 
   55426.378217200        20.049        0.125      1001142060002841    2.8693030   29.1646330   00h11m28.63s   29d09m52.68s      2               0    1.295830e-06         330         330         322        19.991            0.017     20.231         20.244   20.240       20.246    0.256       0.252        11198411006097    2.8692770   29.1646240      100114      6   55426.381447200         525    20.030    21.786     27.633    2.050       3.299           0      131072            0            1    11198411 
   55426.392757200        20.541        0.124      1001142060002841    2.8693030   29.1646330   00h11m28.63s   29d09m52.68s      2               0    1.295830e-06         330         330         322        19.991            0.017     20.231         20.244   20.240       20.246    0.256       0.252        11198443006029    2.8692130   29.1645850      100114      6   55426.395987200         525    20.518    21.837     27.633    1.950       2.546           0      131072            0            1    11198443 
   55426.406357200        20.090        0.127      1001142060002841    2.8693030   29.1646330   00h11m28.63s   29d09m52.68s      2               0    1.295830e-06         330         330         322        19.991            0.017     20.231         20.244   20.240       20.246    0.256       0.252        11198401005097    2.8691510   29.1646280      100114      6   55426.409587200         525    20.063    21.906     27.632    1.850       4.911           0      131072            0            1    11198401 
   55426.418877200        20.282        0.128      1001142060002841    2.8693030   29.1646330   00h11m28.63s   29d09m52.68s      2               0    1.295830e-06         330         330         322        19.991            0.017     20.231         20.244   20.240       20.246    0.256       0.252        11198404004998    2.8692530   29.1645960      100114      6   55426.422107200         525    20.256    21.847     27.630    1.950       2.807           0      131072            0            1    11198404 
   55426.430467200        20.253        0.156      1001142060002841    2.8693030   29.1646330   00h11m28.63s   29d09m52.68s      2               0    1.295830e-06         330         330         322        19.991            0.017     20.231         20.244   20.240       20.246    0.256       0.252        11198542005777    2.8691800   29.1645310      100114      6   55426.433697200         525    20.238    21.667     27.626    1.950       4.065           0      131072            0            1    11198542 
   55426.460817200        20.171        0.149      1001142060002841    2.8693030   29.1646330   00h11m28.63s   29d09m52.68s      2               0    1.295830e-06         330         330         322        19.991            0.017     20.231         20.244   20.240       20.246    0.256       0.252        11198420006134    2.8692470   29.1645300      100114      6   55426.464057200         525    20.128    21.878     27.609    1.850       3.331           0      131072            0            1    11198420 
   55426.473597200        20.610        0.171      1001142060002841    2.8693030   29.1646330   00h11m28.63s   29d09m52.68s      2               0    1.295830e-06         330         330         322        19.991            0.017     20.231         20.244   20.240       20.246    0.256       0.252        11198486005200    2.8693030   29.1645380      100114      6   55426.476837200         525    20.713    21.555     27.599    2.050       5.340           0           0            0            1    11198486 
   55426.489177200        20.074        0.152      1001142060002841    2.8693030   29.1646330   00h11m28.63s   29d09m52.68s      2               0    1.295830e-06         330         330         322        19.991            0.017     20.231         20.244   20.240       20.246    0.256       0.252        11198427004733    2.8691870   29.1646860      100114      6   55426.492417200         525    20.012    21.687     27.585    2.050       2.727           0      131072            0            1    11198427 
   55428.321847200        20.378        0.126      1001142060002841    2.8693030   29.1646330   00h11m28.63s   29d09m52.68s      2               0    1.295830e-06         330         330         322        19.991            0.017     20.231         20.244   20.240       20.246    0.256       0.252        11194651004902    2.8692770   29.1646370      100114      6   55428.325207200         527    20.392    21.226     27.671    2.150       3.065           0      131072            0            1    11194651 
   55428.336167200        20.567        0.141      1001142060002841    2.8693030   29.1646330   00h11m28.63s   29d09m52.68s      2               0    1.295830e-06         330         330         322        19.991            0.017     20.231         20.244   20.240       20.246    0.256       0.252        11194587005228    2.8693080   29.1646060      100114      6   55428.339527200         527    20.578    21.426     27.676    1.850       2.480           0      131072            0            1    11194587 
   55428.349097200        20.259        0.150      1001142060002841    2.8693030   29.1646330   00h11m28.63s   29d09m52.68s      2               0    1.295830e-06         330         330         322        19.991            0.017     20.231         20.244   20.240       20.246    0.256       0.252        11194665005160    2.8692020   29.1646630      100114      6   55428.352457200         527    20.270    21.329     27.680    2.050       3.188           0           0            0            1    11194665 
   55428.363187200        20.587        0.135      1001142060002841    2.8693030   29.1646330   00h11m28.63s   29d09m52.68s      2               0    1.295830e-06         330         330         322        19.991            0.017     20.231         20.244   20.240       20.246    0.256       0.252        11194549005416    2.8692640   29.1646190      100114      6   55428.366547200         527    20.598    21.491     27.684    1.850       3.863           0      131072            0            1    11194549 
   55428.377497200        20.268        0.125      1001142060002841    2.8693030   29.1646330   00h11m28.63s   29d09m52.68s      2               0    1.295830e-06         330         330         322        19.991            0.017     20.231         20.244   20.240       20.246    0.256       0.252        11194527004392    2.8693160   29.1646380      100114      6   55428.380867200         527    20.282    21.509     27.687    1.950       3.566           0      131072            0            1    11194527 
   55428.389627200        20.412        0.169      1001142060002841    2.8693030   29.1646330   00h11m28.63s   29d09m52.68s      2               0    1.295830e-06         330         330         322        19.991            0.017     20.231         20.244   20.240       20.246    0.256       0.252        11194569005625    2.8692520   29.1646760      100114      6   55428.392997200         527    20.425    21.649     27.688    1.850       4.389           0      131072            0            1    11194569 
   55428.411677200        19.947        0.103      1001142060002841    2.8693030   29.1646330   00h11m28.63s   29d09m52.68s      2               0    1.295830e-06         330         330         322        19.991            0.017     20.231         20.244   20.240       20.246    0.256       0.252        11194550005958    2.8693640   29.1646920      100114      6   55428.415047200         527    19.958    21.800     27.690    1.950       4.520           0      131072            0            1    11194550 
   55428.426357200        20.052        0.102      1001142060002841    2.8693030   29.1646330   00h11m28.63s   29d09m52.68s      2               0    1.295830e-06         330         330         322        19.991            0.017     20.231         20.244   20.240       20.246    0.256       0.252        11194633006007    2.8692440   29.1645630      100114      6   55428.429717200         527    20.062    21.756     27.690    2.050       3.014           0      131072            0            1    11194633 
   55428.439377200        20.077        0.126      1001142060002841    2.8693030   29.1646330   00h11m28.63s   29d09m52.68s      2               0    1.295830e-06         330         330         322        19.991            0.017     20.231         20.244   20.240       20.246    0.256       0.252        11194508006096    2.8693280   29.1646330      100114      6   55428.442737200         527    20.086    21.870     27.690    1.850       3.344           0      131072            0            1    11194508 
   55428.453277200        20.252        0.156      1001142060002841    2.8693030   29.1646330   00h11m28.63s   29d09m52.68s      2               0    1.295830e-06         330         330         322        19.991            0.017     20.231         20.244   20.240       20.246    0.256       0.252        11194522005937    2.8693440   29.1646600      100114      6   55428.456647200         527    20.261    21.744     27.688    2.050       3.239           0      131072            0            1    11194522 
   55428.465197200        19.965        0.112      1001142060002841    2.8693030   29.1646330   00h11m28.63s   29d09m52.68s      2               0    1.295830e-06         330         330         322        19.991            0.017     20.231         20.244   20.240       20.246    0.256       0.252        11194476004830    2.8691900   29.1645680      100114      6   55428.468567200         527    19.977    21.784     27.687    1.950       6.785           0      131072            0            1    11194476 
   55428.478057200        20.183        0.102      1001142060002841    2.8693030   29.1646330   00h11m28.63s   29d09m52.68s      2               0    1.295830e-06         330         330         322        19.991            0.017     20.231         20.244   20.240       20.246    0.256       0.252        11194525005779    2.8692530   29.1646500      100114      6   55428.481427200         527    20.193    21.705     27.684    2.050       2.979           0      131072            0            1    11194525 
   55428.491407200        19.967        0.155      1001142060002841    2.8693030   29.1646330   00h11m28.63s   29d09m52.68s      2               0    1.295830e-06         330         330         322        19.991            0.017     20.231         20.244   20.240       20.246    0.256       0.252        11194711005568    2.8692710   29.1646080      100114      6   55428.494777200         527    19.976    21.549     27.681    2.050       5.831           0      131072            0            1    11194711 
   55428.510497200        20.417        0.172      1001142060002841    2.8693030   29.1646330   00h11m28.63s   29d09m52.68s      2               0    1.295830e-06         330         330         322        19.991            0.017     20.231         20.244   20.240       20.246    0.256       0.252        11194520004155    2.8693120   29.1646570      100114      6   55428.513867200         527    20.423    20.897     27.675    2.150       3.229           0           0            0            1    11194520 
   55429.289977200        20.505        0.163      1001142060002841    2.8693030   29.1646330   00h11m28.63s   29d09m52.68s      2               0    1.295830e-06         330         330         322        19.991            0.017     20.231         20.244   20.240       20.246    0.256       0.252        11192972004670    2.8692730   29.1647010      100114      6   55429.293397200         528    20.509    21.039     27.650    2.150       4.167           0           0            0            1    11192972 
   55429.303857200        20.244        0.134      1001142060002841    2.8693030   29.1646330   00h11m28.63s   29d09m52.68s      2               0    1.295830e-06         330         330         322        19.991            0.017     20.231         20.244   20.240       20.246    0.256       0.252        11192909004789    2.8692910   29.1645670      100114      6   55429.307277200         528    20.253    21.175     27.657    1.950       2.615           0      131072            0            1    11192909 
   55429.338257200        20.281        0.136      1001142060002841    2.8693030   29.1646330   00h11m28.63s   29d09m52.68s      2               0    1.295830e-06         330         330         322        19.991            0.017     20.231         20.244   20.240       20.246    0.256       0.252        11192989005039    2.8692370   29.1646290      100114      6   55429.341677200         528    20.289    21.313     27.670    1.850       3.791           0      131072            0            1    11192989 
   55429.350427200        20.076        0.128      1001142060002841    2.8693030   29.1646330   00h11m28.63s   29d09m52.68s      2               0    1.295830e-06         330         330         322        19.991            0.017     20.231         20.244   20.240       20.246    0.256       0.252        11192990004176    2.8693060   29.1644580      100114      6   55429.353857200         528    20.080    21.343     27.673    1.850       3.307           0           0            0            1    11192990 
   55429.363447200        19.989        0.136      1001142060002841    2.8693030   29.1646330   00h11m28.63s   29d09m52.68s      2               0    1.295830e-06         330         330         322        19.991            0.017     20.231         20.244   20.240       20.246    0.256       0.252        11193077004927    2.8692590   29.1646440      100114      6   55429.366877200         528    19.992    21.308     27.676    1.950       2.908           0      131072            0            1    11193077 
   55429.378167200        20.483        0.134      1001142060002841    2.8693030   29.1646330   00h11m28.63s   29d09m52.68s      2               0    1.295830e-06         330         330         322        19.991            0.017     20.231         20.244   20.240       20.246    0.256       0.252        11192950005169    2.8693230   29.1645720      100114      6   55429.381597200         528    20.486    21.391     27.678    1.850       3.180           0      131072            0            1    11192950 
   55429.392507200        20.484        0.134      1001142060002841    2.8693030   29.1646330   00h11m28.63s   29d09m52.68s      2               0    1.295830e-06         330         330         322        19.991            0.017     20.231         20.244   20.240       20.246    0.256       0.252        11192927005305    2.8692690   29.1645730      100114      6   55429.395937200         528    20.487    21.370     27.679    1.950       5.270           0           0            0            1    11192927 
   55429.407947200        20.260        0.165      1001142060002841    2.8693030   29.1646330   00h11m28.63s   29d09m52.68s      2               0    1.295830e-06         330         330         322        19.991            0.017     20.231         20.244   20.240       20.246    0.256       0.252        11193021005297    2.8692040   29.1645930      100114      6   55429.411377200         528    20.261    21.410     27.680    1.950       2.983           0      131072            0            1    11193021 
   55429.422387200        20.636        0.147      1001142060002841    2.8693030   29.1646330   00h11m28.63s   29d09m52.68s      2               0    1.295830e-06         330         330         322        19.991            0.017     20.231         20.244   20.240       20.246    0.256       0.252        11193084004437    2.8693040   29.1647150      100114      6   55429.425817200         528    20.641    21.511     27.680    1.950       2.818           0      131072            0            1    11193084 
   55429.434587200        20.059        0.126      1001142060002841    2.8693030   29.1646330   00h11m28.63s   29d09m52.68s      2               0    1.295830e-06         330         330         322        19.991            0.017     20.231         20.244   20.240       20.246    0.256       0.252        11192920005673    2.8692740   29.1645580      100114      6   55429.438017200         528    20.064    21.599     27.679    2.050       3.013           0      131072            0            1    11192920 
   55429.447877200        20.211        0.114      1001142060002841    2.8693030   29.1646330   00h11m28.63s   29d09m52.68s      2               0    1.295830e-06         330         330         322        19.991            0.017     20.231         20.244   20.240       20.246    0.256       0.252        11193089005026    2.8692610   29.1645080      100114      6   55429.451317200         528    20.216    21.814     27.678    1.950       2.882           0      131072            0            1    11193089 
   55429.460877200        20.370        0.105      1001142060002841    2.8693030   29.1646330   00h11m28.63s   29d09m52.68s      2               0    1.295830e-06         330         330         322        19.991            0.017     20.231         20.244   20.240       20.246    0.256       0.252        11192939006170    2.8693140   29.1646640      100114      6   55429.464317200         528    20.378    21.836     27.676    1.950       4.243           0      131072            0            1    11192939 
   55429.481797200        20.380        0.195      1001142060002841    2.8693030   29.1646330   00h11m28.63s   29d09m52.68s      2               0    1.295830e-06         330         330         322        19.991            0.017     20.231         20.244   20.240       20.246    0.256       0.252        11192958005500    2.8691800   29.1646580      100114      6   55429.485227200         528    20.383    21.467     27.672    2.350       2.784           0      131072            0            1    11192958 
   55429.496887200        19.964        0.102      1001142060002841    2.8693030   29.1646330   00h11m28.63s   29d09m52.68s      2               0    1.295830e-06         330         330         322        19.991            0.017     20.231         20.244   20.240       20.246    0.256       0.252        11193044005869    2.8692440   29.1645860      100114      6   55429.500327200         528    19.969    21.703     27.668    2.050       5.303           0      131072            0            1    11193044 
   55535.281217200        20.164        0.228      1001142060002841    2.8693030   29.1646330   00h11m28.63s   29d09m52.68s      2               0    1.295830e-06         330         330         322        19.991            0.017     20.231         20.244   20.240       20.246    0.256       0.252        10697390004218    2.8692240   29.1646770      100114      6   55535.284127200         635    20.252    21.398     27.721    2.250       3.620           0      131072            0            1    10697390 
   55541.099387200        20.221        0.214      1001142060002841    2.8693030   29.1646330   00h11m28.63s   29d09m52.68s      2               0    1.295830e-06         330         330         322        19.991            0.017     20.231         20.244   20.240       20.246    0.256       0.252        10678008005130    2.8693660   29.1646880      100114      6   55541.101837200         641    20.227    21.349     27.682    2.350       4.538           0      131072            0            1    10678008 
   55558.213927200        20.502        0.160      1001142060002841    2.8693030   29.1646330   00h11m28.63s   29d09m52.68s      2               0    1.295830e-06         330         330         322        19.991            0.017     20.231         20.244   20.240       20.246    0.256       0.252        10709511003976    2.8691650   29.1646410      100114      6   55558.214887200         655    20.494    21.273     27.623    2.150       3.649           0           0            0            1    10709511 
   55584.132047200        20.030        0.128      1001142060002841    2.8693030   29.1646330   00h11m28.63s   29d09m52.68s      2               0    1.295830e-06         330         330         322        19.991            0.017     20.231         20.244   20.240       20.246    0.256       0.252         9808957005099    2.8692420   29.1647650      100114      6   55584.130637200         683    20.036    21.294     27.646    2.250       4.086           0      131072            0            1     9808957 
   55585.136547200        20.560        0.149      1001142060002841    2.8693030   29.1646330   00h11m28.63s   29d09m52.68s      2               0    1.295830e-06         330         330         322        19.991            0.017     20.231         20.244   20.240       20.246    0.256       0.252         9806324004358    2.8694440   29.1646960      100114      6   55585.135047200         684    20.539    20.857     27.611    3.050       5.184           0           0            0            1     9806324 
   55779.256517200        20.107        0.142      1001142060002841    2.8693030   29.1646330   00h11m28.63s   29d09m52.68s      2               0    1.295830e-06         330         330         322        19.991            0.017     20.231         20.244   20.240       20.246    0.256       0.252        10316383004489    2.8693060   29.1645890      100114      6   55779.258837200         877    20.087    20.928     27.484    2.450       4.088           0      131072            0            1    10316383 
   55779.299377200        20.218        0.133      1001142060002841    2.8693030   29.1646330   00h11m28.63s   29d09m52.68s      2               0    1.295830e-06         330         330         322        19.991            0.017     20.231         20.244   20.240       20.246    0.256       0.252        10316555004403    2.8693200   29.1646070      100114      6   55779.301697200         877    20.209    21.540     27.540    1.950       3.222           0      131072            0            1    10316555 
   55780.296807200        21.051        0.151      1001142060002841    2.8693030   29.1646330   00h11m28.63s   29d09m52.68s      2               0    1.295830e-06         330         330         322        19.991            0.017     20.231         20.244   20.240       20.246    0.256       0.252        10350740005064    2.8694170   29.1645990      100114      6   55780.299207200         878    21.050    21.337     27.548    2.150       2.471           0      131072            0            1    10350740 
   55782.303637200        20.066        0.131      1001142060002841    2.8693030   29.1646330   00h11m28.63s   29d09m52.68s      2               0    1.295830e-06         330         330         322        19.991            0.017     20.231         20.244   20.240       20.246    0.256       0.252        10353354003642    2.8693670   29.1646340      100114      6   55782.306187200         880    20.077    20.897     27.550    2.450       4.145           0      131072            0            1    10353354 
   55793.206157200        20.090        0.167      1001142060002841    2.8693030   29.1646330   00h11m28.63s   29d09m52.68s      2               0    1.295830e-06         330         330         322        19.991            0.017     20.231         20.244   20.240       20.246    0.256       0.252        10377768003802    2.8691980   29.1645400      100114      6   55793.209487200         891    20.079    21.095     27.464    2.450       3.960           0           0            0            1    10377768 
   55793.250257200        19.899        0.156      1001142060002841    2.8693030   29.1646330   00h11m28.63s   29d09m52.68s      2               0    1.295830e-06         330         330         322        19.991            0.017     20.231         20.244   20.240       20.246    0.256       0.252        10377837004267    2.8693260   29.1646990      100114      6   55793.253587200         891    19.894    20.830     27.530    2.250       3.122           0      131072            0            1    10377837 
   55794.261357200        20.517        0.173      1001142060002841    2.8693030   29.1646330   00h11m28.63s   29d09m52.68s      2               0    1.295830e-06         330         330         322        19.991            0.017     20.231         20.244   20.240       20.246    0.256       0.252        10379376004044    2.8692300   29.1646480      100114      6   55794.264757200         892    20.479    21.243     27.514    2.150       4.598           0      131072            0            1    10379376 
   55822.363587200        20.226        0.158      1001142060002841    2.8693030   29.1646330   00h11m28.63s   29d09m52.68s      2               0    1.295830e-06         330         330         322        19.991            0.017     20.231         20.244   20.240       20.246    0.256       0.252        10515122004230    2.8694200   29.1646430      100114      6   55822.368417200         920    20.233    20.751     27.548    2.650       4.651           0           0            0            1    10515122 
   55822.406567200        20.048        0.167      1001142060002841    2.8693030   29.1646330   00h11m28.63s   29d09m52.68s      2               0    1.295830e-06         330         330         322        19.991            0.017     20.231         20.244   20.240       20.246    0.256       0.252        10515141004376    2.8693030   29.1648440      100114      6   55822.411387200         920    20.053    20.969     27.547    2.050       5.267           0           0            0            1    10515141 
   55838.195117200        20.645        0.162      1001142060002841    2.8693030   29.1646330   00h11m28.63s   29d09m52.68s      2               0    1.295830e-06         330         330         322        19.991            0.017     20.231         20.244   20.240       20.246    0.256       0.252        10569664004450    2.8693140   29.1647650      100114      6   55838.200287200         936    20.634    20.964     27.496    2.450       2.947           0           0            0            1    10569664 
   56203.110667200        20.511        0.151      1001142060002841    2.8693030   29.1646330   00h11m28.63s   29d09m52.68s      2               0    1.295830e-06         330         330         322        19.991            0.017     20.231         20.244   20.240       20.246    0.256       0.252        14294087004092    2.8692740   29.1645370      100114      6   56203.115837200        1300    20.533    20.672     27.617    3.250       4.480           0           0            0            1    14294087 
   56203.138757200        19.679        0.228      1001142060002841    2.8693030   29.1646330   00h11m28.63s   29d09m52.68s      2               0    1.295830e-06         330         330         322        19.991            0.017     20.231         20.244   20.240       20.246    0.256       0.252        14294120003767    2.8693040   29.1646000      100114      6   56203.143927200        1300    19.695    20.711     27.657    2.150       5.344           0           0            0            1    14294120 
   56540.454177200        19.964        0.157      1001142060002841    2.8693030   29.1646330   00h11m28.63s   29d09m52.68s      2               0    1.295830e-06         330         330         322        19.991            0.017     20.231         20.244   20.240       20.246    0.256       0.252        18197418005910    2.8693380   29.1647060      100114      6   56540.458497200        1614    19.898    21.677     27.532    1.950       5.542           0      131072            0            1    18197418 
   56545.226097200        20.061        0.161      1001142060002841    2.8693030   29.1646330   00h11m28.63s   29d09m52.68s      2               0    1.295830e-06         330         330         322        19.991            0.017     20.231         20.244   20.240       20.246    0.256       0.252        18261747005078    2.8692950   29.1645630      100114      6   56545.230637200        1619    19.924    21.274     27.308    2.050       2.502           0      131072            0            1    18261747 
   56600.264077200        20.209        0.141      1001142060002841    2.8693030   29.1646330   00h11m28.63s   29d09m52.68s      2               0    1.295830e-06         330         330         322        19.991            0.017     20.231         20.244   20.240       20.246    0.256       0.252        18183309004461    2.8692120   29.1646230      100114      6   56600.268797200        1674    20.204    21.610     27.638    2.150       3.420           0      131072            0            1    18183309 
   56606.100207200        19.716        0.411      1001142060002841    2.8693030   29.1646330   00h11m28.63s   29d09m52.68s      2               0    1.295830e-06         330         330         322        19.991            0.017     20.231         20.244   20.240       20.246    0.256       0.252        18296938003289    2.8692880   29.1647250      100114      6   56606.104677200        1680    19.695    20.316     27.183    2.250       4.114           0           0            0            1    18296938 
   56606.185397200        20.000        0.401      1001142060002841    2.8693030   29.1646330   00h11m28.63s   29d09m52.68s      2               0    1.295830e-06         330         330         322        19.991            0.017     20.231         20.244   20.240       20.246    0.256       0.252        18297010005121    2.8693860   29.1646370      100114      6   56606.189857200        1680    19.620    20.900     27.243    2.150       3.036           0      131072            0            1    18297010 
