   55059.431477200        17.525        0.029      1001142060001863    2.9784220   29.0814040   00h11m54.82s   29d04m53.05s      2               0    6.143045e-07         444         444         422        17.433            0.003     17.506         17.505   17.512       17.508    0.055       0.042        11898981005677    2.9783500   29.0813760      100114      6   55059.434587200         173    17.525    21.471     27.276    2.350       4.537           0      131072            0            1    11898981 
   55059.454527200        17.448        0.029      1001142060001863    2.9784220   29.0814040   00h11m54.82s   29d04m53.05s      2               0    6.143045e-07         444         444         422        17.433            0.003     17.506         17.505   17.512       17.508    0.055       0.042        11899087005724    2.9783550   29.0813800      100114      6   55059.457637200         173    17.444    21.484     27.273    2.350       4.548           0      131072            0            1    11899087 
   55061.424747200        17.496        0.028      1001142060001863    2.9784220   29.0814040   00h11m54.82s   29d04m53.05s      2               0    6.143045e-07         444         444         422        17.433            0.003     17.506         17.505   17.512       17.508    0.055       0.042        11894878005779    2.9783540   29.0813790      100114      6   55061.427997200         175    17.488    21.590     27.248    2.350       4.204           0      131072            0            1    11894878 
   55063.441527200        17.528        0.028      1001142060001863    2.9784220   29.0814040   00h11m54.82s   29d04m53.05s      2               0    6.143045e-07         444         444         422        17.433            0.003     17.506         17.505   17.512       17.508    0.055       0.042        11890493006126    2.9783180   29.0813390      100114      6   55063.444907200         177    17.524    21.697     27.227    2.150       4.120           0      131072            0            1    11890493 
   55063.486237200        17.493        0.028      1001142060001863    2.9784220   29.0814040   00h11m54.82s   29d04m53.05s      2               0    6.143045e-07         444         444         422        17.433            0.003     17.506         17.505   17.512       17.508    0.055       0.042        11890517005849    2.9783300   29.0813580      100114      6   55063.489627200         177    17.504    21.727     27.223    2.050       4.011           0      131072            0            1    11890517 
   55066.424917200        17.451        0.031      1001142060001863    2.9784220   29.0814040   00h11m54.82s   29d04m53.05s      2               0    6.143045e-07         444         444         422        17.433            0.003     17.506         17.505   17.512       17.508    0.055       0.042        11884710005569    2.9783430   29.0813900      100114      6   55066.428497200         180    17.447    21.568     27.205    2.150       4.287           0      131072            0            1    11884710 
   55066.469697200        17.538        0.031      1001142060001863    2.9784220   29.0814040   00h11m54.82s   29d04m53.05s      2               0    6.143045e-07         444         444         422        17.433            0.003     17.506         17.505   17.512       17.508    0.055       0.042        11884677006018    2.9783510   29.0813710      100114      6   55066.473277200         180    17.525    21.681     27.209    1.950       4.313           0      131072            0            1    11884677 
   55069.414127200        17.530        0.027      1001142060001863    2.9784220   29.0814040   00h11m54.82s   29d04m53.05s      2               0    6.143045e-07         444         444         422        17.433            0.003     17.506         17.505   17.512       17.508    0.055       0.042        11880809005709    2.9783570   29.0813840      100114      6   55069.417897200         183    17.529    21.568     27.264    2.050       4.196           0      131072            0            1    11880809 
   55069.459987200        17.470        0.027      1001142060001863    2.9784220   29.0814040   00h11m54.82s   29d04m53.05s      2               0    6.143045e-07         444         444         422        17.433            0.003     17.506         17.505   17.512       17.508    0.055       0.042        11880766005465    2.9783370   29.0813740      100114      6   55069.463757200         183    17.475    21.404     27.266    2.350       4.400           0      131072            0            1    11880766 
   55084.358307200        17.593        0.033      1001142060001863    2.9784220   29.0814040   00h11m54.82s   29d04m53.05s      2               0    6.143045e-07         444         444         422        17.433            0.003     17.506         17.505   17.512       17.508    0.055       0.042        11839089004426    2.9783400   29.0813890      100114      6   55084.362847200         196    17.596    20.971     27.268    2.050       4.624           0      131072            0            1    11839089 
   55084.403037200        17.468        0.042      1001142060001863    2.9784220   29.0814040   00h11m54.82s   29d04m53.05s      2               0    6.143045e-07         444         444         422        17.433            0.003     17.506         17.505   17.512       17.508    0.055       0.042        11839119002305    2.9784890   29.0814610      100114      6   55084.407577200         196    17.458    19.710     27.265    6.450      10.231           0      131072            0            1    11839119 
   55089.350597200        17.515        0.028      1001142060001863    2.9784220   29.0814040   00h11m54.82s   29d04m53.05s      2               0    6.143045e-07         444         444         422        17.433            0.003     17.506         17.505   17.512       17.508    0.055       0.042        11854279005031    2.9783580   29.0813580      100114      6   55089.355347200         201    17.508    21.243     27.254    2.750       4.619           0      131072            0            1    11854279 
   55089.394887200        17.496        0.027      1001142060001863    2.9784220   29.0814040   00h11m54.82s   29d04m53.05s      2               0    6.143045e-07         444         444         422        17.433            0.003     17.506         17.505   17.512       17.508    0.055       0.042        11854251005673    2.9783290   29.0813760      100114      6   55089.399627200         201    17.495    21.536     27.272    2.150       4.432           0      131072            0            1    11854251 
   55093.335147200        17.501        0.026      1001142060001863    2.9784220   29.0814040   00h11m54.82s   29d04m53.05s      2               0    6.143045e-07         444         444         422        17.433            0.003     17.506         17.505   17.512       17.508    0.055       0.042        11854138005860    2.9783490   29.0813860      100114      6   55093.340027200         205    17.504    21.509     27.224    2.150       4.385           0      131072            0            1    11854138 
   55093.379747200        17.472        0.026      1001142060001863    2.9784220   29.0814040   00h11m54.82s   29d04m53.05s      2               0    6.143045e-07         444         444         422        17.433            0.003     17.506         17.505   17.512       17.508    0.055       0.042        11854093005813    2.9783210   29.0813700      100114      6   55093.384617200         205    17.479    21.605     27.231    2.050       4.216           0      131072            0            1    11854093 
   55095.329827200        17.482        0.027      1001142060001863    2.9784220   29.0814040   00h11m54.82s   29d04m53.05s      2               0    6.143045e-07         444         444         422        17.433            0.003     17.506         17.505   17.512       17.508    0.055       0.042        11932331005132    2.9784120   29.0814200      100114      6   55095.334757200         207    17.485    21.453     27.263    2.350       4.441           0      131072            0            1    11932331 
   55095.374507200        17.485        0.027      1001142060001863    2.9784220   29.0814040   00h11m54.82s   29d04m53.05s      2               0    6.143045e-07         444         444         422        17.433            0.003     17.506         17.505   17.512       17.508    0.055       0.042        11932347005612    2.9784030   29.0813970      100114      6   55095.379437200         207    17.491    21.473     27.259    2.350       4.412           0      131072            0            1    11932347 
   55114.378347200        17.475        0.125      1001142060001863    2.9784220   29.0814040   00h11m54.82s   29d04m53.05s      2               0    6.143045e-07         444         444         422        17.433            0.003     17.506         17.505   17.512       17.508    0.055       0.042        11806483004921    2.9783930   29.0813850      100114      6   55114.383547200         223    17.346    21.058     27.603    2.450       4.579           0      131072            0            1    11806483 
   55114.422287200        17.637        0.143      1001142060001863    2.9784220   29.0814040   00h11m54.82s   29d04m53.05s      2               0    6.143045e-07         444         444         422        17.433            0.003     17.506         17.505   17.512       17.508    0.055       0.042        11806409002092    2.9783740   29.0814540      100114      6   55114.427497200         223    18.317    20.299     27.402    2.350       6.092           0      131072            0            1    11806409 
   55119.413187200        17.469        0.033      1001142060001863    2.9784220   29.0814040   00h11m54.82s   29d04m53.05s      2               0    6.143045e-07         444         444         422        17.433            0.003     17.506         17.505   17.512       17.508    0.055       0.042        11838687004837    2.9784380   29.0814020      100114      6   55119.418367200         228    17.486    21.301     27.725    2.350       4.827           0      131072            0            1    11838687 
   55119.476747200        17.463        0.035      1001142060001863    2.9784220   29.0814040   00h11m54.82s   29d04m53.05s      2               0    6.143045e-07         444         444         422        17.433            0.003     17.506         17.505   17.512       17.508    0.055       0.042        11838673003986    2.9784350   29.0814080      100114      6   55119.481927200         228    17.471    20.801     27.639    2.950       5.006           0      131072            0            1    11838673 
   55123.287437200        17.520        0.030      1001142060001863    2.9784220   29.0814040   00h11m54.82s   29d04m53.05s      2               0    6.143045e-07         444         444         422        17.433            0.003     17.506         17.505   17.512       17.508    0.055       0.042        11812963005283    2.9784140   29.0813720      100114      6   55123.292577200         232    17.531    21.571     27.753    2.350       4.718           0      131072            0            1    11812963 
   55123.336467200        17.446        0.030      1001142060001863    2.9784220   29.0814040   00h11m54.82s   29d04m53.05s      2               0    6.143045e-07         444         444         422        17.433            0.003     17.506         17.505   17.512       17.508    0.055       0.042        11812935005313    2.9784120   29.0814060      100114      6   55123.341607200         232    17.453    21.513     27.744    2.350       4.486           0      131072            0            1    11812935 
   55138.211887200        17.529        0.054      1001142060001863    2.9784220   29.0814040   00h11m54.82s   29d04m53.05s      2               0    6.143045e-07         444         444         422        17.433            0.003     17.506         17.505   17.512       17.508    0.055       0.042        11788529002813    2.9783590   29.0813850      100114      6   55138.216647200         245    17.529    20.421     27.747    2.250       4.840           0      131072            0            1    11788529 
   55138.255917200        17.583        0.052      1001142060001863    2.9784220   29.0814040   00h11m54.82s   29d04m53.05s      2               0    6.143045e-07         444         444         422        17.433            0.003     17.506         17.505   17.512       17.508    0.055       0.042        11788408002843    2.9783800   29.0814050      100114      6   55138.260667200         245    17.583    20.370     27.748    2.350       5.606           0      131072            0            1    11788408 
   55142.296147200        17.502        0.033      1001142060001863    2.9784220   29.0814040   00h11m54.82s   29d04m53.05s      2               0    6.143045e-07         444         444         422        17.433            0.003     17.506         17.505   17.512       17.508    0.055       0.042        11792905004540    2.9784300   29.0813810      100114      6   55142.300737200         282    17.501    21.168     27.737    2.350       4.478           0      131072            0            1    11792905 
   55142.340347200        17.520        0.034      1001142060001863    2.9784220   29.0814040   00h11m54.82s   29d04m53.05s      2               0    6.143045e-07         444         444         422        17.433            0.003     17.506         17.505   17.512       17.508    0.055       0.042        11792944004324    2.9784420   29.0813740      100114      6   55142.344937200         282    17.522    21.053     27.722    2.350       4.280           0      131072            0            1    11792944 
   55144.317337200        17.492        0.078      1001142060001863    2.9784220   29.0814040   00h11m54.82s   29d04m53.05s      2               0    6.143045e-07         444         444         422        17.433            0.003     17.506         17.505   17.512       17.508    0.055       0.042        11799803004928    2.9784280   29.0814060      100114      6   55144.321847200         250    17.500    21.261     27.716    2.150       4.182           0      131072            0            1    11799803 
   55144.361137200        17.552        0.079      1001142060001863    2.9784220   29.0814040   00h11m54.82s   29d04m53.05s      2               0    6.143045e-07         444         444         422        17.433            0.003     17.506         17.505   17.512       17.508    0.055       0.042        11799911004424    2.9784020   29.0813880      100114      6   55144.365637200         250    17.590    21.199     27.718    2.050       4.294           0      131072            0            1    11799911 
   55152.173527200        17.496        0.030      1001142060001863    2.9784220   29.0814040   00h11m54.82s   29d04m53.05s      2               0    6.143045e-07         444         444         422        17.433            0.003     17.506         17.505   17.512       17.508    0.055       0.042        11803159004872    2.9783780   29.0814240      100114      6   55152.177637200         258    17.503    21.336     27.793    2.750       4.607           0      131072            0            1    11803159 
   55152.217537200        17.534        0.031      1001142060001863    2.9784220   29.0814040   00h11m54.82s   29d04m53.05s      2               0    6.143045e-07         444         444         422        17.433            0.003     17.506         17.505   17.512       17.508    0.055       0.042        11803084004823    2.9784060   29.0813940      100114      6   55152.221637200         258    17.533    21.356     27.787    2.650       4.577           0      131072            0            1    11803084 
   55166.229767200        17.593        0.041      1001142060001863    2.9784220   29.0814040   00h11m54.82s   29d04m53.05s      2               0    6.143045e-07         444         444         422        17.433            0.003     17.506         17.505   17.512       17.508    0.055       0.042        11770064003028    2.9783710   29.0813640      100114      6   55166.232957200         271    17.581    20.552     27.782    2.250       4.711           0      131072            0            1    11770064 
   55168.184237200        17.455        0.036      1001142060001863    2.9784220   29.0814040   00h11m54.82s   29d04m53.05s      2               0    6.143045e-07         444         444         422        17.433            0.003     17.506         17.505   17.512       17.508    0.055       0.042        12344573003425    2.9784170   29.0814020      100114      6   55168.187287200         273    17.447    20.737     27.778    2.350       4.541           0      131072            0            1    12344573 
   55168.274097200        17.594        0.040      1001142060001863    2.9784220   29.0814040   00h11m54.82s   29d04m53.05s      2               0    6.143045e-07         444         444         422        17.433            0.003     17.506         17.505   17.512       17.508    0.055       0.042        12344664003137    2.9784080   29.0814160      100114      6   55168.277137200         273    17.597    20.673     27.756    2.050       4.365           0      131072            0            1    12344664 
   55176.169077200        17.561        0.109      1001142060001863    2.9784220   29.0814040   00h11m54.82s   29d04m53.05s      2               0    6.143045e-07         444         444         422        17.433            0.003     17.506         17.505   17.512       17.508    0.055       0.042        11773692001954    2.9785030   29.0815150      100114      6   55176.171497200         290    17.870    19.838     26.725    2.350       6.499           0      131072            0            1    11773692 
   55183.120247200        17.365        0.191      1001142060001863    2.9784220   29.0814040   00h11m54.82s   29d04m53.05s      2               0    6.143045e-07         444         444         422        17.433            0.003     17.506         17.505   17.512       17.508    0.055       0.042        11781797002391    2.9784620   29.0813920      100114      6   55183.122077200         279    18.148    20.592     27.691    2.550       5.074           0      131072            0            1    11781797 
   55183.164917200        17.428        0.183      1001142060001863    2.9784220   29.0814040   00h11m54.82s   29d04m53.05s      2               0    6.143045e-07         444         444         422        17.433            0.003     17.506         17.505   17.512       17.508    0.055       0.042        11781690004852    2.9784260   29.0813700      100114      6   55183.166757200         279    17.331    21.175     27.640    2.350       4.489           0      131072            0            1    11781690 
   55194.097327200        17.533        0.045      1001142060001863    2.9784220   29.0814040   00h11m54.82s   29d04m53.05s      2               0    6.143045e-07         444         444         422        17.433            0.003     17.506         17.505   17.512       17.508    0.055       0.042        12652253003437    2.9784440   29.0814160      100114      6   55194.098187200         302    16.628    19.782     26.867    2.350       4.796           0      131072            0            1    12652253 
   55197.089997200        17.571        0.063      1001142060001863    2.9784220   29.0814040   00h11m54.82s   29d04m53.05s      2               0    6.143045e-07         444         444         422        17.433            0.003     17.506         17.505   17.512       17.508    0.055       0.042        11691974002226    2.9784110   29.0814050      100114      6   55197.090587200         305    17.516    19.916     27.468    2.750       5.877           0      131072            0            1    11691974 
   55199.096657200        17.525        0.034      1001142060001863    2.9784220   29.0814040   00h11m54.82s   29d04m53.05s      2               0    6.143045e-07         444         444         422        17.433            0.003     17.506         17.505   17.512       17.508    0.055       0.042        14959062004832    2.9784790   29.0814200      100114      6   55199.097057200         307    17.515    21.360     27.779    2.450       4.308           0      131072            0            1    14959062 
   55201.108777200        17.545        0.037      1001142060001863    2.9784220   29.0814040   00h11m54.82s   29d04m53.05s      2               0    6.143045e-07         444         444         422        17.433            0.003     17.506         17.505   17.512       17.508    0.055       0.042        11702553003733    2.9784430   29.0813810      100114      6   55201.108987200         310    17.342    20.391     27.231    2.750       4.648           0      131072            0            1    11702553 
   55207.154177200        17.463        0.030      1001142060001863    2.9784220   29.0814040   00h11m54.82s   29d04m53.05s      2               0    6.143045e-07         444         444         422        17.433            0.003     17.506         17.505   17.512       17.508    0.055       0.042        11745244005261    2.9784290   29.0813810      100114      6   55207.153837200         316    17.449    21.574     27.734    1.950       4.396           0      131072            0            1    11745244 
   55209.134757200        17.503        0.063      1001142060001863    2.9784220   29.0814040   00h11m54.82s   29d04m53.05s      2               0    6.143045e-07         444         444         422        17.433            0.003     17.506         17.505   17.512       17.508    0.055       0.042        11741608005217    2.9783870   29.0813700      100114      6   55209.134227200         318    17.505    21.561     27.789    2.150       4.217           0      131072            0            1    11741608 
   55209.179387200        17.503        0.063      1001142060001863    2.9784220   29.0814040   00h11m54.82s   29d04m53.05s      2               0    6.143045e-07         444         444         422        17.433            0.003     17.506         17.505   17.512       17.508    0.055       0.042        11741584004261    2.9784210   29.0813830      100114      6   55209.178857200         318    17.485    21.186     27.739    2.650       4.682           0      131072            0            1    11741584 
   55422.309447200        17.482        0.030      1001142060001863    2.9784220   29.0814040   00h11m54.82s   29d04m53.05s      2               0    6.143045e-07         444         444         422        17.433            0.003     17.506         17.505   17.512       17.508    0.055       0.042        11149993005154    2.9784200   29.0813970      100114      6   55422.312387200         521    17.470    21.616     27.656    2.250       4.500           0      131072            0            1    11149993 
   55422.350847200        17.497        0.029      1001142060001863    2.9784220   29.0814040   00h11m54.82s   29d04m53.05s      2               0    6.143045e-07         444         444         422        17.433            0.003     17.506         17.505   17.512       17.508    0.055       0.042        11150034005490    2.9783880   29.0814020      100114      6   55422.353787200         521    17.486    21.778     27.675    2.150       4.461           0      131072            0            1    11150034 
   55422.362757200        17.509        0.029      1001142060001863    2.9784220   29.0814040   00h11m54.82s   29d04m53.05s      2               0    6.143045e-07         444         444         422        17.433            0.003     17.506         17.505   17.512       17.508    0.055       0.042        11149808005178    2.9783950   29.0813870      100114      6   55422.365697200         521    17.502    21.773     27.679    2.250       4.406           0      131072            0            1    11149808 
   55422.374317200        17.491        0.029      1001142060001863    2.9784220   29.0814040   00h11m54.82s   29d04m53.05s      2               0    6.143045e-07         444         444         422        17.433            0.003     17.506         17.505   17.512       17.508    0.055       0.042        11149932005080    2.9783680   29.0813950      100114      6   55422.377267200         521    17.488    21.678     27.681    2.450       4.418           0      131072            0            1    11149932 
   55422.399047200        17.483        0.029      1001142060001863    2.9784220   29.0814040   00h11m54.82s   29d04m53.05s      2               0    6.143045e-07         444         444         422        17.433            0.003     17.506         17.505   17.512       17.508    0.055       0.042        11149936005240    2.9784010   29.0814090      100114      6   55422.401997200         521    17.484    21.759     27.685    2.350       4.639           0      131072            0            1    11149936 
   55422.412987200        17.459        0.029      1001142060001863    2.9784220   29.0814040   00h11m54.82s   29d04m53.05s      2               0    6.143045e-07         444         444         422        17.433            0.003     17.506         17.505   17.512       17.508    0.055       0.042        11149893005275    2.9783560   29.0813630      100114      6   55422.415937200         521    17.457    21.756     27.685    2.350       4.639           0      131072            0            1    11149893 
   55422.426747200        17.508        0.029      1001142060001863    2.9784220   29.0814040   00h11m54.82s   29d04m53.05s      2               0    6.143045e-07         444         444         422        17.433            0.003     17.506         17.505   17.512       17.508    0.055       0.042        11149865005272    2.9783970   29.0814180      100114      6   55422.429697200         521    17.504    21.736     27.686    2.350       4.640           0      131072            0            1    11149865 
   55422.439457200        17.480        0.029      1001142060001863    2.9784220   29.0814040   00h11m54.82s   29d04m53.05s      2               0    6.143045e-07         444         444         422        17.433            0.003     17.506         17.505   17.512       17.508    0.055       0.042        11149856005421    2.9784010   29.0813770      100114      6   55422.442407200         521    17.474    21.701     27.685    2.450       4.618           0      131072            0            1    11149856 
   55422.452697200        17.506        0.029      1001142060001863    2.9784220   29.0814040   00h11m54.82s   29d04m53.05s      2               0    6.143045e-07         444         444         422        17.433            0.003     17.506         17.505   17.512       17.508    0.055       0.042        11149851005114    2.9783750   29.0813880      100114      6   55422.455647200         521    17.498    21.656     27.684    2.550       4.597           0      131072            0            1    11149851 
   55422.466737200        17.514        0.029      1001142060001863    2.9784220   29.0814040   00h11m54.82s   29d04m53.05s      2               0    6.143045e-07         444         444         422        17.433            0.003     17.506         17.505   17.512       17.508    0.055       0.042        11150061005149    2.9783770   29.0814060      100114      6   55422.469687200         521    17.508    21.569     27.682    2.750       4.750           0      131072            0            1    11150061 
   55422.483747200        17.513        0.029      1001142060001863    2.9784220   29.0814040   00h11m54.82s   29d04m53.05s      2               0    6.143045e-07         444         444         422        17.433            0.003     17.506         17.505   17.512       17.508    0.055       0.042        11149979005438    2.9783690   29.0813710      100114      6   55422.486707200         521    17.505    21.720     27.677    2.350       4.363           0      131072            0            1    11149979 
   55422.498897200        17.529        0.030      1001142060001863    2.9784220   29.0814040   00h11m54.82s   29d04m53.05s      2               0    6.143045e-07         444         444         422        17.433            0.003     17.506         17.505   17.512       17.508    0.055       0.042        11149810004691    2.9784110   29.0813880      100114      6   55422.501857200         521    17.523    21.492     27.673    2.450       4.623           0      131072            0            1    11149810 
   55423.325617200        17.505        0.028      1001142060001863    2.9784220   29.0814040   00h11m54.82s   29d04m53.05s      2               0    6.143045e-07         444         444         422        17.433            0.003     17.506         17.505   17.512       17.508    0.055       0.042        11147017005442    2.9783920   29.0814080      100114      6   55423.328627200         522    17.497    21.731     27.659    2.050       4.207           0      131072            0            1    11147017 
   55423.339857200        17.432        0.028      1001142060001863    2.9784220   29.0814040   00h11m54.82s   29d04m53.05s      2               0    6.143045e-07         444         444         422        17.433            0.003     17.506         17.505   17.512       17.508    0.055       0.042        11147166005304    2.9784280   29.0813630      100114      6   55423.342877200         522    17.423    21.672     27.663    2.250       4.269           0      131072            0            1    11147166 
   55423.353677200        17.426        0.028      1001142060001863    2.9784220   29.0814040   00h11m54.82s   29d04m53.05s      2               0    6.143045e-07         444         444         422        17.433            0.003     17.506         17.505   17.512       17.508    0.055       0.042        11147138005447    2.9784290   29.0813910      100114      6   55423.356697200         522    17.420    21.888     27.666    1.850       4.296           0      131072            0            1    11147138 
   55423.365657200        17.471        0.028      1001142060001863    2.9784220   29.0814040   00h11m54.82s   29d04m53.05s      2               0    6.143045e-07         444         444         422        17.433            0.003     17.506         17.505   17.512       17.508    0.055       0.042        11146989005701    2.9784090   29.0814160      100114      6   55423.368677200         522    17.463    21.919     27.668    1.850       4.255           0      131072            0            1    11146989 
   55423.382637200        17.503        0.028      1001142060001863    2.9784220   29.0814040   00h11m54.82s   29d04m53.05s      2               0    6.143045e-07         444         444         422        17.433            0.003     17.506         17.505   17.512       17.508    0.055       0.042        11147033005558    2.9784050   29.0813680      100114      6   55423.385657200         522    17.495    21.777     27.670    2.150       4.236           0      131072            0            1    11147033 
   55423.397187200        17.479        0.028      1001142060001863    2.9784220   29.0814040   00h11m54.82s   29d04m53.05s      2               0    6.143045e-07         444         444         422        17.433            0.003     17.506         17.505   17.512       17.508    0.055       0.042        11147208005625    2.9783710   29.0813950      100114      6   55423.400207200         522    17.475    21.861     27.671    2.050       4.312           0      131072            0            1    11147208 
   55423.412007200        17.513        0.028      1001142060001863    2.9784220   29.0814040   00h11m54.82s   29d04m53.05s      2               0    6.143045e-07         444         444         422        17.433            0.003     17.506         17.505   17.512       17.508    0.055       0.042        11147124005562    2.9783830   29.0814140      100114      6   55423.415027200         522    17.507    21.848     27.671    2.050       4.143           0      131072            0            1    11147124 
   55423.426547200        17.489        0.028      1001142060001863    2.9784220   29.0814040   00h11m54.82s   29d04m53.05s      2               0    6.143045e-07         444         444         422        17.433            0.003     17.506         17.505   17.512       17.508    0.055       0.042        11147117005735    2.9784070   29.0813740      100114      6   55423.429567200         522    17.484    21.978     27.671    1.850       4.261           0      131072            0            1    11147117 
   55423.440577200        17.494        0.028      1001142060001863    2.9784220   29.0814040   00h11m54.82s   29d04m53.05s      2               0    6.143045e-07         444         444         422        17.433            0.003     17.506         17.505   17.512       17.508    0.055       0.042        11147201005458    2.9783800   29.0814340      100114      6   55423.443597200         522    17.491    21.808     27.670    2.150       4.533           0      131072            0            1    11147201 
   55423.466517200        17.488        0.028      1001142060001863    2.9784220   29.0814040   00h11m54.82s   29d04m53.05s      2               0    6.143045e-07         444         444         422        17.433            0.003     17.506         17.505   17.512       17.508    0.055       0.042        11147175005422    2.9783820   29.0813760      100114      6   55423.469537200         522    17.482    21.797     27.666    2.150       4.352           0      131072            0            1    11147175 
   55423.482907200        17.500        0.028      1001142060001863    2.9784220   29.0814040   00h11m54.82s   29d04m53.05s      2               0    6.143045e-07         444         444         422        17.433            0.003     17.506         17.505   17.512       17.508    0.055       0.042        11147187005313    2.9783950   29.0813700      100114      6   55423.485927200         522    17.489    21.805     27.663    2.050       4.322           0      131072            0            1    11147187 
   55423.497167200        17.500        0.028      1001142060001863    2.9784220   29.0814040   00h11m54.82s   29d04m53.05s      2               0    6.143045e-07         444         444         422        17.433            0.003     17.506         17.505   17.512       17.508    0.055       0.042        11147101005308    2.9783950   29.0814150      100114      6   55423.500187200         522    17.488    21.561     27.659    2.350       4.624           0      131072            0            1    11147101 
   55424.304627200        17.493        0.037      1001142060001863    2.9784220   29.0814040   00h11m54.82s   29d04m53.05s      2               0    6.143045e-07         444         444         422        17.433            0.003     17.506         17.505   17.512       17.508    0.055       0.042        11144740005199    2.9784120   29.0814090      100114      6   55424.307717200         523    17.467    21.658     27.562    1.950       4.333           0      131072            0            1    11144740 
   55424.318437200        17.558        0.037      1001142060001863    2.9784220   29.0814040   00h11m54.82s   29d04m53.05s      2               0    6.143045e-07         444         444         422        17.433            0.003     17.506         17.505   17.512       17.508    0.055       0.042        11144697005125    2.9784080   29.0814060      100114      6   55424.321517200         523    17.536    21.634     27.575    2.050       3.969           0      131072            0            1    11144697 
   55424.332167200        17.455        0.036      1001142060001863    2.9784220   29.0814040   00h11m54.82s   29d04m53.05s      2               0    6.143045e-07         444         444         422        17.433            0.003     17.506         17.505   17.512       17.508    0.055       0.042        11144728004974    2.9783880   29.0814110      100114      6   55424.335247200         523    17.465    21.575     27.586    2.250       4.335           0      131072            0            1    11144728 
   55424.348687200        17.464        0.036      1001142060001863    2.9784220   29.0814040   00h11m54.82s   29d04m53.05s      2               0    6.143045e-07         444         444         422        17.433            0.003     17.506         17.505   17.512       17.508    0.055       0.042        11144712005177    2.9784130   29.0814400      100114      6   55424.351777200         523    17.460    21.661     27.596    2.150       4.324           0      131072            0            1    11144712 
   55424.360497200        17.517        0.036      1001142060001863    2.9784220   29.0814040   00h11m54.82s   29d04m53.05s      2               0    6.143045e-07         444         444         422        17.433            0.003     17.506         17.505   17.512       17.508    0.055       0.042        11144729005214    2.9784160   29.0814010      100114      6   55424.363587200         523    17.509    21.644     27.603    2.250       4.269           0      131072            0            1    11144729 
   55424.373007200        17.505        0.036      1001142060001863    2.9784220   29.0814040   00h11m54.82s   29d04m53.05s      2               0    6.143045e-07         444         444         422        17.433            0.003     17.506         17.505   17.512       17.508    0.055       0.042        11144736005335    2.9784100   29.0814250      100114      6   55424.376097200         523    17.495    21.800     27.609    1.950       4.187           0      131072            0            1    11144736 
   55424.386287200        17.508        0.036      1001142060001863    2.9784220   29.0814040   00h11m54.82s   29d04m53.05s      2               0    6.143045e-07         444         444         422        17.433            0.003     17.506         17.505   17.512       17.508    0.055       0.042        11144739005279    2.9783980   29.0814190      100114      6   55424.389377200         523    17.507    21.770     27.614    2.050       4.285           0      131072            0            1    11144739 
   55424.399217200        17.527        0.036      1001142060001863    2.9784220   29.0814040   00h11m54.82s   29d04m53.05s      2               0    6.143045e-07         444         444         422        17.433            0.003     17.506         17.505   17.512       17.508    0.055       0.042        11144897005485    2.9783880   29.0813900      100114      6   55424.402307200         523    17.522    21.795     27.619    2.050       4.069           0      131072            0            1    11144897 
   55424.413257200        17.500        0.036      1001142060001863    2.9784220   29.0814040   00h11m54.82s   29d04m53.05s      2               0    6.143045e-07         444         444         422        17.433            0.003     17.506         17.505   17.512       17.508    0.055       0.042        11144757005529    2.9783640   29.0814180      100114      6   55424.416347200         523    17.495    21.805     27.623    2.050       4.125           0      131072            0            1    11144757 
   55424.428257200        17.475        0.036      1001142060001863    2.9784220   29.0814040   00h11m54.82s   29d04m53.05s      2               0    6.143045e-07         444         444         422        17.433            0.003     17.506         17.505   17.512       17.508    0.055       0.042        11144756005395    2.9783860   29.0813840      100114      6   55424.431347200         523    17.475    21.761     27.626    2.150       4.510           0      131072            0            1    11144756 
   55424.440317200        17.515        0.036      1001142060001863    2.9784220   29.0814040   00h11m54.82s   29d04m53.05s      2               0    6.143045e-07         444         444         422        17.433            0.003     17.506         17.505   17.512       17.508    0.055       0.042        11144916005613    2.9783880   29.0813530      100114      6   55424.443407200         523    17.518    21.863     27.629    1.950       4.221           0      131072            0            1    11144916 
   55424.456717200        17.507        0.036      1001142060001863    2.9784220   29.0814040   00h11m54.82s   29d04m53.05s      2               0    6.143045e-07         444         444         422        17.433            0.003     17.506         17.505   17.512       17.508    0.055       0.042        11144849005402    2.9783940   29.0813970      100114      6   55424.459807200         523    17.510    21.652     27.629    2.350       4.207           0      131072            0            1    11144849 
   55424.469517200        17.487        0.036      1001142060001863    2.9784220   29.0814040   00h11m54.82s   29d04m53.05s      2               0    6.143045e-07         444         444         422        17.433            0.003     17.506         17.505   17.512       17.508    0.055       0.042        11144704005456    2.9783820   29.0814010      100114      6   55424.472607200         523    17.487    21.753     27.629    2.150       4.444           0      131072            0            1    11144704 
   55424.484247200        17.518        0.036      1001142060001863    2.9784220   29.0814040   00h11m54.82s   29d04m53.05s      2               0    6.143045e-07         444         444         422        17.433            0.003     17.506         17.505   17.512       17.508    0.055       0.042        11144794005454    2.9783860   29.0813990      100114      6   55424.487347200         523    17.522    21.790     27.628    2.050       4.379           0      131072            0            1    11144794 
   55424.496347200        17.502        0.036      1001142060001863    2.9784220   29.0814040   00h11m54.82s   29d04m53.05s      2               0    6.143045e-07         444         444         422        17.433            0.003     17.506         17.505   17.512       17.508    0.055       0.042        11144863005507    2.9783800   29.0813740      100114      6   55424.499437200         523    17.504    21.793     27.626    1.950       4.156           0      131072            0            1    11144863 
   55424.510947200        17.601        0.041      1001142060001863    2.9784220   29.0814040   00h11m54.82s   29d04m53.05s      2               0    6.143045e-07         444         444         422        17.433            0.003     17.506         17.505   17.512       17.508    0.055       0.042        11144852003906    2.9783910   29.0813920      100114      6   55424.514047200         523    17.608    20.941     27.624    2.150       4.484           0      131072            0            1    11144852 
   55425.307457200        17.448        0.041      1001142060001863    2.9784220   29.0814040   00h11m54.82s   29d04m53.05s      2               0    6.143045e-07         444         444         422        17.433            0.003     17.506         17.505   17.512       17.508    0.055       0.042        11141871005320    2.9784010   29.0813710      100114      6   55425.310607200         524    17.455    21.764     27.560    1.850       4.133           0      131072            0            1    11141871 
   55425.337167200        17.495        0.041      1001142060001863    2.9784220   29.0814040   00h11m54.82s   29d04m53.05s      2               0    6.143045e-07         444         444         422        17.433            0.003     17.506         17.505   17.512       17.508    0.055       0.042        11141949005363    2.9783910   29.0813950      100114      6   55425.340317200         524    17.510    21.827     27.587    1.850       4.079           0      131072            0            1    11141949 
   55425.350517200        17.502        0.041      1001142060001863    2.9784220   29.0814040   00h11m54.82s   29d04m53.05s      2               0    6.143045e-07         444         444         422        17.433            0.003     17.506         17.505   17.512       17.508    0.055       0.042        11141931005397    2.9783760   29.0814040      100114      6   55425.353677200         524    17.514    21.791     27.595    1.950       4.199           0      131072            0            1    11141931 
   55425.363627200        17.484        0.041      1001142060001863    2.9784220   29.0814040   00h11m54.82s   29d04m53.05s      2               0    6.143045e-07         444         444         422        17.433            0.003     17.506         17.505   17.512       17.508    0.055       0.042        11141741005467    2.9784000   29.0813770      100114      6   55425.366777200         524    17.496    21.864     27.602    1.850       4.233           0      131072            0            1    11141741 
   55425.376027200        17.505        0.041      1001142060001863    2.9784220   29.0814040   00h11m54.82s   29d04m53.05s      2               0    6.143045e-07         444         444         422        17.433            0.003     17.506         17.505   17.512       17.508    0.055       0.042        11141721005602    2.9783940   29.0814060      100114      6   55425.379187200         524    17.513    21.941     27.606    1.750       4.127           0      131072            0            1    11141721 
   55425.388077200        17.496        0.041      1001142060001863    2.9784220   29.0814040   00h11m54.82s   29d04m53.05s      2               0    6.143045e-07         444         444         422        17.433            0.003     17.506         17.505   17.512       17.508    0.055       0.042        11141831005353    2.9783920   29.0814010      100114      6   55425.391237200         524    17.500    21.932     27.608    1.750       4.193           0      131072            0            1    11141831 
   55425.404397200        17.500        0.040      1001142060001863    2.9784220   29.0814040   00h11m54.82s   29d04m53.05s      2               0    6.143045e-07         444         444         422        17.433            0.003     17.506         17.505   17.512       17.508    0.055       0.042        11141784005662    2.9783850   29.0813720      100114      6   55425.407557200         524    17.502    21.953     27.610    1.750       4.146           0      131072            0            1    11141784 
   55425.418827200        17.480        0.041      1001142060001863    2.9784220   29.0814040   00h11m54.82s   29d04m53.05s      2               0    6.143045e-07         444         444         422        17.433            0.003     17.506         17.505   17.512       17.508    0.055       0.042        11141881005549    2.9783980   29.0814160      100114      6   55425.421987200         524    17.485    21.910     27.610    1.850       4.415           0      131072            0            1    11141881 
   55425.433137200        17.463        0.041      1001142060001863    2.9784220   29.0814040   00h11m54.82s   29d04m53.05s      2               0    6.143045e-07         444         444         422        17.433            0.003     17.506         17.505   17.512       17.508    0.055       0.042        11141759005632    2.9783810   29.0813970      100114      6   55425.436297200         524    17.472    21.967     27.608    1.750       4.197           0      131072            0            1    11141759 
   55425.447817200        17.476        0.040      1001142060001863    2.9784220   29.0814040   00h11m54.82s   29d04m53.05s      2               0    6.143045e-07         444         444         422        17.433            0.003     17.506         17.505   17.512       17.508    0.055       0.042        11141908005356    2.9784020   29.0814180      100114      6   55425.450977200         524    17.479    21.839     27.604    1.950       4.289           0      131072            0            1    11141908 
   55425.462417200        17.483        0.041      1001142060001863    2.9784220   29.0814040   00h11m54.82s   29d04m53.05s      2               0    6.143045e-07         444         444         422        17.433            0.003     17.506         17.505   17.512       17.508    0.055       0.042        11141844005275    2.9783790   29.0813810      100114      6   55425.465587200         524    17.475    21.780     27.597    2.050       4.161           0      131072            0            1    11141844 
   55425.474857200        17.450        0.042      1001142060001863    2.9784220   29.0814040   00h11m54.82s   29d04m53.05s      2               0    6.143045e-07         444         444         422        17.433            0.003     17.506         17.505   17.512       17.508    0.055       0.042        11141807004575    2.9783930   29.0813680      100114      6   55425.478027200         524    17.447    21.402     27.590    2.450       4.639           0      131072            0            1    11141807 
   55425.490117200        17.509        0.041      1001142060001863    2.9784220   29.0814040   00h11m54.82s   29d04m53.05s      2               0    6.143045e-07         444         444         422        17.433            0.003     17.506         17.505   17.512       17.508    0.055       0.042        11141887005281    2.9783610   29.0813750      100114      6   55425.493277200         524    17.495    21.711     27.580    2.050       4.225           0      131072            0            1    11141887 
   55425.508007200        17.533        0.043      1001142060001863    2.9784220   29.0814040   00h11m54.82s   29d04m53.05s      2               0    6.143045e-07         444         444         422        17.433            0.003     17.506         17.505   17.512       17.508    0.055       0.042        11141907004319    2.9784020   29.0813700      100114      6   55425.511177200         524    17.510    21.178     27.565    1.850       4.163           0      131072            0            1    11141907 
   55426.298337200        17.521        0.071      1001142060001863    2.9784220   29.0814040   00h11m54.82s   29d04m53.05s      2               0    6.143045e-07         444         444         422        17.433            0.003     17.506         17.505   17.512       17.508    0.055       0.042        11198449004310    2.9784270   29.0813850      100114      6   55426.301557200         525    17.629    21.363     27.570    1.950       3.844           0      131072            0            1    11198449 
   55426.310667200        17.557        0.070      1001142060001863    2.9784220   29.0814040   00h11m54.82s   29d04m53.05s      2               0    6.143045e-07         444         444         422        17.433            0.003     17.506         17.505   17.512       17.508    0.055       0.042        11198465004481    2.9784110   29.0814190      100114      6   55426.313897200         525    17.591    21.440     27.583    2.150       4.060           0      131072            0            1    11198465 
   55426.323307200        17.492        0.070      1001142060001863    2.9784220   29.0814040   00h11m54.82s   29d04m53.05s      2               0    6.143045e-07         444         444         422        17.433            0.003     17.506         17.505   17.512       17.508    0.055       0.042        11198500004884    2.9784060   29.0814180      100114      6   55426.326537200         525    17.544    21.648     27.595    1.950       4.109           0      131072            0            1    11198500 
   55426.336037200        17.517        0.070      1001142060001863    2.9784220   29.0814040   00h11m54.82s   29d04m53.05s      2               0    6.143045e-07         444         444         422        17.433            0.003     17.506         17.505   17.512       17.508    0.055       0.042        11198463005505    2.9783930   29.0813900      100114      6   55426.339267200         525    17.488    21.828     27.603    1.850       4.184           0      131072            0            1    11198463 
   55426.350587200        17.520        0.069      1001142060001863    2.9784220   29.0814040   00h11m54.82s   29d04m53.05s      2               0    6.143045e-07         444         444         422        17.433            0.003     17.506         17.505   17.512       17.508    0.055       0.042        11198423005472    2.9783970   29.0813860      100114      6   55426.353817200         525    17.494    21.803     27.610    1.950       4.044           0      131072            0            1    11198423 
   55426.364347200        17.510        0.069      1001142060001863    2.9784220   29.0814040   00h11m54.82s   29d04m53.05s      2               0    6.143045e-07         444         444         422        17.433            0.003     17.506         17.505   17.512       17.508    0.055       0.042        11198510005392    2.9783920   29.0813690      100114      6   55426.367577200         525    17.488    21.765     27.614    2.050       4.187           0      131072            0            1    11198510 
   55426.378217200        17.492        0.069      1001142060001863    2.9784220   29.0814040   00h11m54.82s   29d04m53.05s      2               0    6.143045e-07         444         444         422        17.433            0.003     17.506         17.505   17.512       17.508    0.055       0.042        11198411005510    2.9783870   29.0814100      100114      6   55426.381447200         525    17.472    21.786     27.617    2.050       4.077           0      131072            0            1    11198411 
   55426.406357200        17.502        0.069      1001142060001863    2.9784220   29.0814040   00h11m54.82s   29d04m53.05s      2               0    6.143045e-07         444         444         422        17.433            0.003     17.506         17.505   17.512       17.508    0.055       0.042        11198401005775    2.9783780   29.0813780      100114      6   55426.409587200         525    17.475    21.906     27.615    1.850       4.202           0      131072            0            1    11198401 
   55426.418877200        17.549        0.069      1001142060001863    2.9784220   29.0814040   00h11m54.82s   29d04m53.05s      2               0    6.143045e-07         444         444         422        17.433            0.003     17.506         17.505   17.512       17.508    0.055       0.042        11198404005451    2.9783940   29.0813920      100114      6   55426.422107200         525    17.523    21.847     27.613    1.950       4.107           0      131072            0            1    11198404 
   55426.430467200        17.424        0.070      1001142060001863    2.9784220   29.0814040   00h11m54.82s   29d04m53.05s      2               0    6.143045e-07         444         444         422        17.433            0.003     17.506         17.505   17.512       17.508    0.055       0.042        11198542005311    2.9783800   29.0813760      100114      6   55426.433697200         525    17.409    21.667     27.610    1.950       4.303           0      131072            0            1    11198542 
   55426.460817200        17.519        0.069      1001142060001863    2.9784220   29.0814040   00h11m54.82s   29d04m53.05s      2               0    6.143045e-07         444         444         422        17.433            0.003     17.506         17.505   17.512       17.508    0.055       0.042        11198420005581    2.9783950   29.0813900      100114      6   55426.464057200         525    17.476    21.878     27.593    1.850       4.055           0      131072            0            1    11198420 
   55426.473597200        17.612        0.071      1001142060001863    2.9784220   29.0814040   00h11m54.82s   29d04m53.05s      2               0    6.143045e-07         444         444         422        17.433            0.003     17.506         17.505   17.512       17.508    0.055       0.042        11198486004651    2.9783850   29.0813930      100114      6   55426.476837200         525    17.715    21.555     27.583    2.050       4.284           0      131072            0            1    11198486 
   55426.489177200        17.466        0.069      1001142060001863    2.9784220   29.0814040   00h11m54.82s   29d04m53.05s      2               0    6.143045e-07         444         444         422        17.433            0.003     17.506         17.505   17.512       17.508    0.055       0.042        11198427005328    2.9783910   29.0813990      100114      6   55426.492417200         525    17.404    21.687     27.569    2.050       4.444           0      131072            0            1    11198427 
   55428.291957200        17.541        0.031      1001142060001863    2.9784220   29.0814040   00h11m54.82s   29d04m53.05s      2               0    6.143045e-07         444         444         422        17.433            0.003     17.506         17.505   17.512       17.508    0.055       0.042        11194687004424    2.9784430   29.0813620      100114      6   55428.295317200         527    17.547    21.113     27.645    2.250       4.286           0      131072            0            1    11194687 
   55428.308157200        17.593        0.030      1001142060001863    2.9784220   29.0814040   00h11m54.82s   29d04m53.05s      2               0    6.143045e-07         444         444         422        17.433            0.003     17.506         17.505   17.512       17.508    0.055       0.042        11194616004513    2.9784170   29.0813620      100114      6   55428.311517200         527    17.601    21.311     27.654    1.950       4.228           0      131072            0            1    11194616 
   55428.321847200        17.506        0.030      1001142060001863    2.9784220   29.0814040   00h11m54.82s   29d04m53.05s      2               0    6.143045e-07         444         444         422        17.433            0.003     17.506         17.505   17.512       17.508    0.055       0.042        11194651004496    2.9784190   29.0814090      100114      6   55428.325207200         527    17.520    21.226     27.661    2.150       4.269           0      131072            0            1    11194651 
   55428.336167200        17.501        0.029      1001142060001863    2.9784220   29.0814040   00h11m54.82s   29d04m53.05s      2               0    6.143045e-07         444         444         422        17.433            0.003     17.506         17.505   17.512       17.508    0.055       0.042        11194587004800    2.9784340   29.0813840      100114      6   55428.339527200         527    17.513    21.426     27.667    1.850       4.167           0      131072            0            1    11194587 
   55428.349097200        17.521        0.029      1001142060001863    2.9784220   29.0814040   00h11m54.82s   29d04m53.05s      2               0    6.143045e-07         444         444         422        17.433            0.003     17.506         17.505   17.512       17.508    0.055       0.042        11194665004693    2.9784250   29.0814110      100114      6   55428.352457200         527    17.533    21.329     27.671    2.050       4.020           0      131072            0            1    11194665 
   55428.363187200        17.474        0.029      1001142060001863    2.9784220   29.0814040   00h11m54.82s   29d04m53.05s      2               0    6.143045e-07         444         444         422        17.433            0.003     17.506         17.505   17.512       17.508    0.055       0.042        11194549004877    2.9784060   29.0813780      100114      6   55428.366547200         527    17.484    21.491     27.674    1.850       4.295           0      131072            0            1    11194549 
   55428.377497200        17.487        0.028      1001142060001863    2.9784220   29.0814040   00h11m54.82s   29d04m53.05s      2               0    6.143045e-07         444         444         422        17.433            0.003     17.506         17.505   17.512       17.508    0.055       0.042        11194527004891    2.9783970   29.0813660      100114      6   55428.380867200         527    17.500    21.509     27.676    1.950       4.489           0      131072            0            1    11194527 
   55428.389627200        17.557        0.029      1001142060001863    2.9784220   29.0814040   00h11m54.82s   29d04m53.05s      2               0    6.143045e-07         444         444         422        17.433            0.003     17.506         17.505   17.512       17.508    0.055       0.042        11194569005099    2.9783920   29.0814100      100114      6   55428.392997200         527    17.570    21.649     27.678    1.850       4.251           0      131072            0            1    11194569 
   55428.411677200        17.485        0.027      1001142060001863    2.9784220   29.0814040   00h11m54.82s   29d04m53.05s      2               0    6.143045e-07         444         444         422        17.433            0.003     17.506         17.505   17.512       17.508    0.055       0.042        11194550005408    2.9783980   29.0813670      100114      6   55428.415047200         527    17.495    21.800     27.680    1.950       4.065           0      131072            0            1    11194550 
   55428.426357200        17.540        0.027      1001142060001863    2.9784220   29.0814040   00h11m54.82s   29d04m53.05s      2               0    6.143045e-07         444         444         422        17.433            0.003     17.506         17.505   17.512       17.508    0.055       0.042        11194633005337    2.9783850   29.0813370      100114      6   55428.429717200         527    17.550    21.756     27.680    2.050       4.273           0      131072            0            1    11194633 
   55428.439377200        17.509        0.027      1001142060001863    2.9784220   29.0814040   00h11m54.82s   29d04m53.05s      2               0    6.143045e-07         444         444         422        17.433            0.003     17.506         17.505   17.512       17.508    0.055       0.042        11194508005560    2.9783660   29.0813850      100114      6   55428.442737200         527    17.519    21.870     27.679    1.850       4.158           0      131072            0            1    11194508 
   55428.453277200        17.474        0.027      1001142060001863    2.9784220   29.0814040   00h11m54.82s   29d04m53.05s      2               0    6.143045e-07         444         444         422        17.433            0.003     17.506         17.505   17.512       17.508    0.055       0.042        11194522005413    2.9783790   29.0813830      100114      6   55428.456647200         527    17.483    21.744     27.679    2.050       4.292           0      131072            0            1    11194522 
   55428.465197200        17.478        0.027      1001142060001863    2.9784220   29.0814040   00h11m54.82s   29d04m53.05s      2               0    6.143045e-07         444         444         422        17.433            0.003     17.506         17.505   17.512       17.508    0.055       0.042        11194476005348    2.9783670   29.0813780      100114      6   55428.468567200         527    17.490    21.784     27.677    1.950       4.106           0      131072            0            1    11194476 
   55428.478057200        17.475        0.028      1001142060001863    2.9784220   29.0814040   00h11m54.82s   29d04m53.05s      2               0    6.143045e-07         444         444         422        17.433            0.003     17.506         17.505   17.512       17.508    0.055       0.042        11194525005223    2.9783900   29.0813680      100114      6   55428.481427200         527    17.485    21.705     27.674    2.050       4.226           0      131072            0            1    11194525 
   55428.491407200        17.473        0.028      1001142060001863    2.9784220   29.0814040   00h11m54.82s   29d04m53.05s      2               0    6.143045e-07         444         444         422        17.433            0.003     17.506         17.505   17.512       17.508    0.055       0.042        11194711005003    2.9783910   29.0813680      100114      6   55428.494777200         527    17.482    21.549     27.671    2.050       4.553           0      131072            0            1    11194711 
   55428.510497200        17.504        0.034      1001142060001863    2.9784220   29.0814040   00h11m54.82s   29d04m53.05s      2               0    6.143045e-07         444         444         422        17.433            0.003     17.506         17.505   17.512       17.508    0.055       0.042        11194520003763    2.9783550   29.0813650      100114      6   55428.513867200         527    17.510    20.897     27.665    2.150       4.372           0      131072            0            1    11194520 
   55429.289977200        17.503        0.031      1001142060001863    2.9784220   29.0814040   00h11m54.82s   29d04m53.05s      2               0    6.143045e-07         444         444         422        17.433            0.003     17.506         17.505   17.512       17.508    0.055       0.042        11192972004243    2.9783850   29.0814370      100114      6   55429.293397200         528    17.507    21.039     27.638    2.150       4.532           0      131072            0            1    11192972 
   55429.303857200        17.498        0.031      1001142060001863    2.9784220   29.0814040   00h11m54.82s   29d04m53.05s      2               0    6.143045e-07         444         444         422        17.433            0.003     17.506         17.505   17.512       17.508    0.055       0.042        11192909004351    2.9784060   29.0813710      100114      6   55429.307277200         528    17.507    21.175     27.646    1.950       4.336           0      131072            0            1    11192909 
   55429.325947200        17.531        0.031      1001142060001863    2.9784220   29.0814040   00h11m54.82s   29d04m53.05s      2               0    6.143045e-07         444         444         422        17.433            0.003     17.506         17.505   17.512       17.508    0.055       0.042        11192969004202    2.9784360   29.0814110      100114      6   55429.329377200         528    17.537    20.817     27.655    2.850       4.892           0      131072            0            1    11192969 
   55429.338257200        17.474        0.029      1001142060001863    2.9784220   29.0814040   00h11m54.82s   29d04m53.05s      2               0    6.143045e-07         444         444         422        17.433            0.003     17.506         17.505   17.512       17.508    0.055       0.042        11192989004545    2.9784270   29.0813910      100114      6   55429.341677200         528    17.481    21.313     27.659    1.850       4.279           0      131072            0            1    11192989 
   55429.350427200        17.531        0.030      1001142060001863    2.9784220   29.0814040   00h11m54.82s   29d04m53.05s      2               0    6.143045e-07         444         444         422        17.433            0.003     17.506         17.505   17.512       17.508    0.055       0.042        11192990004609    2.9783920   29.0813680      100114      6   55429.353857200         528    17.535    21.343     27.662    1.850       4.213           0      131072            0            1    11192990 
   55429.363447200        17.499        0.030      1001142060001863    2.9784220   29.0814040   00h11m54.82s   29d04m53.05s      2               0    6.143045e-07         444         444         422        17.433            0.003     17.506         17.505   17.512       17.508    0.055       0.042        11193077004544    2.9784110   29.0814090      100114      6   55429.366877200         528    17.502    21.308     27.665    1.950       4.523           0      131072            0            1    11193077 
   55429.378167200        17.508        0.030      1001142060001863    2.9784220   29.0814040   00h11m54.82s   29d04m53.05s      2               0    6.143045e-07         444         444         422        17.433            0.003     17.506         17.505   17.512       17.508    0.055       0.042        11192950004750    2.9784240   29.0813520      100114      6   55429.381597200         528    17.512    21.391     27.667    1.850       4.092           0      131072            0            1    11192950 
   55429.392507200        17.472        0.030      1001142060001863    2.9784220   29.0814040   00h11m54.82s   29d04m53.05s      2               0    6.143045e-07         444         444         422        17.433            0.003     17.506         17.505   17.512       17.508    0.055       0.042        11192927004831    2.9783980   29.0813630      100114      6   55429.395937200         528    17.475    21.370     27.669    1.950       4.403           0      131072            0            1    11192927 
   55429.407947200        17.538        0.029      1001142060001863    2.9784220   29.0814040   00h11m54.82s   29d04m53.05s      2               0    6.143045e-07         444         444         422        17.433            0.003     17.506         17.505   17.512       17.508    0.055       0.042        11193021004825    2.9783930   29.0813370      100114      6   55429.411377200         528    17.540    21.410     27.669    1.950       4.343           0      131072            0            1    11193021 
   55429.422387200        17.538        0.028      1001142060001863    2.9784220   29.0814040   00h11m54.82s   29d04m53.05s      2               0    6.143045e-07         444         444         422        17.433            0.003     17.506         17.505   17.512       17.508    0.055       0.042        11193084004887    2.9783890   29.0813790      100114      6   55429.425817200         528    17.543    21.511     27.669    1.950       4.386           0      131072            0            1    11193084 
   55429.434587200        17.495        0.028      1001142060001863    2.9784220   29.0814040   00h11m54.82s   29d04m53.05s      2               0    6.143045e-07         444         444         422        17.433            0.003     17.506         17.505   17.512       17.508    0.055       0.042        11192920005128    2.9784110   29.0813790      100114      6   55429.438017200         528    17.500    21.599     27.668    2.050       4.346           0      131072            0            1    11192920 
   55429.447877200        17.498        0.027      1001142060001863    2.9784220   29.0814040   00h11m54.82s   29d04m53.05s      2               0    6.143045e-07         444         444         422        17.433            0.003     17.506         17.505   17.512       17.508    0.055       0.042        11193089005536    2.9783650   29.0813660      100114      6   55429.451317200         528    17.504    21.814     27.667    1.950       4.100           0      131072            0            1    11193089 
   55429.460877200        17.476        0.027      1001142060001863    2.9784220   29.0814040   00h11m54.82s   29d04m53.05s      2               0    6.143045e-07         444         444         422        17.433            0.003     17.506         17.505   17.512       17.508    0.055       0.042        11192939005637    2.9783880   29.0814060      100114      6   55429.464317200         528    17.483    21.836     27.665    1.950       4.120           0      131072            0            1    11192939 
   55429.481797200        17.448        0.028      1001142060001863    2.9784220   29.0814040   00h11m54.82s   29d04m53.05s      2               0    6.143045e-07         444         444         422        17.433            0.003     17.506         17.505   17.512       17.508    0.055       0.042        11192958005055    2.9783980   29.0813830      100114      6   55429.485227200         528    17.451    21.467     27.661    2.350       4.512           0      131072            0            1    11192958 
   55429.496887200        17.468        0.028      1001142060001863    2.9784220   29.0814040   00h11m54.82s   29d04m53.05s      2               0    6.143045e-07         444         444         422        17.433            0.003     17.506         17.505   17.512       17.508    0.055       0.042        11193044005273    2.9783610   29.0813920      100114      6   55429.500327200         528    17.473    21.703     27.657    2.050       4.002           0      131072            0            1    11193044 
   55534.112357200        17.847        0.356      1001142060001863    2.9784220   29.0814040   00h11m54.82s   29d04m53.05s      2               0    6.143045e-07         444         444         422        17.433            0.003     17.506         17.505   17.512       17.508    0.055       0.042        10652254001664    2.9783830   29.0814280      100114      6   55534.115357200         634    19.534    20.894     27.481    1.850       3.986           0      131072            0            1    10652254 
   55534.157547200        17.569        0.328      1001142060001863    2.9784220   29.0814040   00h11m54.82s   29d04m53.05s      2               0    6.143045e-07         444         444         422        17.433            0.003     17.506         17.505   17.512       17.508    0.055       0.042        10652245004143    2.9783980   29.0814010      100114      6   55534.160537200         634    17.692    21.279     27.411    1.950       3.894           0      131072            0            1    10652245 
   55535.197867200        17.760        0.200      1001142060001863    2.9784220   29.0814040   00h11m54.82s   29d04m53.05s      2               0    6.143045e-07         444         444         422        17.433            0.003     17.506         17.505   17.512       17.508    0.055       0.042        10697474002242    2.9784500   29.0813820      100114      6   55535.200787200         635    19.029    21.142     27.778    2.150       5.475           0      131072            0            1    10697474 
   55535.281217200        17.493        0.192      1001142060001863    2.9784220   29.0814040   00h11m54.82s   29d04m53.05s      2               0    6.143045e-07         444         444         422        17.433            0.003     17.506         17.505   17.512       17.508    0.055       0.042        10697390004737    2.9784170   29.0813840      100114      6   55535.284127200         635    17.580    21.398     27.720    2.250       4.519           0      131072            0            1    10697390 
   55541.099387200        17.524        0.143      1001142060001863    2.9784220   29.0814040   00h11m54.82s   29d04m53.05s      2               0    6.143045e-07         444         444         422        17.433            0.003     17.506         17.505   17.512       17.508    0.055       0.042        10678008004705    2.9784100   29.0813920      100114      6   55541.101837200         641    17.531    21.349     27.673    2.350       4.522           0      131072            0            1    10678008 
   55541.143167200        17.554        0.147      1001142060001863    2.9784220   29.0814040   00h11m54.82s   29d04m53.05s      2               0    6.143045e-07         444         444         422        17.433            0.003     17.506         17.505   17.512       17.508    0.055       0.042        10678401002754    2.9784270   29.0813670      100114      6   55541.145617200         641    18.253    21.014     27.731    2.150       4.847           0      131072            0            1    10678401 
   55542.095217200        17.499        0.102      1001142060001863    2.9784220   29.0814040   00h11m54.82s   29d04m53.05s      2               0    6.143045e-07         444         444         422        17.433            0.003     17.506         17.505   17.512       17.508    0.055       0.042        13776404003449    2.9784450   29.0814200      100114      6   55542.097587200         642    17.559    20.830     27.693    3.450       5.773           0      131072            0            1    13776404 
   55542.139567200        17.537        0.103      1001142060001863    2.9784220   29.0814040   00h11m54.82s   29d04m53.05s      2               0    6.143045e-07         444         444         422        17.433            0.003     17.506         17.505   17.512       17.508    0.055       0.042        13776431003046    2.9785050   29.0813870      100114      6   55542.141937200         642    17.536    20.383     27.527    3.650       6.240           0      131072            0            1    13776431 
   55558.213927200        17.512        0.038      1001142060001863    2.9784220   29.0814040   00h11m54.82s   29d04m53.05s      2               0    6.143045e-07         444         444         422        17.433            0.003     17.506         17.505   17.512       17.508    0.055       0.042        10709511004469    2.9784400   29.0814310      100114      6   55558.214887200         655    17.504    21.273     27.613    2.150       4.551           0      131072            0            1    10709511 
   55558.271377200        17.568        0.041      1001142060001863    2.9784220   29.0814040   00h11m54.82s   29d04m53.05s      2               0    6.143045e-07         444         444         422        17.433            0.003     17.506         17.505   17.512       17.508    0.055       0.042        10709512003784    2.9783990   29.0813850      100114      6   55558.272337200         655    17.576    20.853     27.573    2.350       4.504           0      131072            0            1    10709512 
   55576.094157200        17.402        0.105      1001142060001863    2.9784220   29.0814040   00h11m54.82s   29d04m53.05s      2               0    6.143045e-07         444         444         422        17.433            0.003     17.506         17.505   17.512       17.508    0.055       0.042        12841904001973    2.9783010   29.0813600      100114      6   55576.093467200         674    17.189    19.438     27.188    3.750       6.947           0      131072            0            1    12841904 
   55576.150007200        17.731        0.109      1001142060001863    2.9784220   29.0814040   00h11m54.82s   29d04m53.05s      2               0    6.143045e-07         444         444         422        17.433            0.003     17.506         17.505   17.512       17.508    0.055       0.042        12842064001646    2.9783690   29.0814040      100114      6   55576.149317200         674    17.627    19.206     27.277    4.850       8.037           0      131072            0            1    12842064 
   55577.102247200        17.594        0.072      1001142060001863    2.9784220   29.0814040   00h11m54.82s   29d04m53.05s      2               0    6.143045e-07         444         444         422        17.433            0.003     17.506         17.505   17.512       17.508    0.055       0.042         9789652002710    2.9783900   29.0813620      100114      6   55577.101467200         675    17.642    20.358     27.528    2.450       4.832           0      131072            0            1     9789652 
   55577.146087200        17.619        0.073      1001142060001863    2.9784220   29.0814040   00h11m54.82s   29d04m53.05s      2               0    6.143045e-07         444         444         422        17.433            0.003     17.506         17.505   17.512       17.508    0.055       0.042         9789569002532    2.9783860   29.0814130      100114      6   55577.145307200         675    17.573    20.137     27.469    2.850       5.424           0      131072            0            1     9789569 
   55578.109887200        17.217        0.144      1001142060001863    2.9784220   29.0814040   00h11m54.82s   29d04m53.05s      2               0    6.143045e-07         444         444         422        17.433            0.003     17.506         17.505   17.512       17.508    0.055       0.042         9785815001354    2.9782890   29.0812060      100114      6   55578.109017200         676    17.851    19.684     27.346    2.050       5.233           0      131072            0            1     9785815 
   55578.153077200        17.720        0.165      1001142060001863    2.9784220   29.0814040   00h11m54.82s   29d04m53.05s      2               0    6.143045e-07         444         444         422        17.433            0.003     17.506         17.505   17.512       17.508    0.055       0.042         9786013001496    2.9781560   29.0814160      100114      6   55578.152207200         676    18.332    19.707     27.366    2.050       6.281           0           0            0            1     9786013 
   55579.112827200        17.595        0.035      1001142060001863    2.9784220   29.0814040   00h11m54.82s   29d04m53.05s      2               0    6.143045e-07         444         444         422        17.433            0.003     17.506         17.505   17.512       17.508    0.055       0.042         9782441003549    2.9783620   29.0813820      100114      6   55579.111867200         678    17.598    20.749     27.653    2.350       4.748           0      131072            0            1     9782441 
   55579.156017200        17.521        0.037      1001142060001863    2.9784220   29.0814040   00h11m54.82s   29d04m53.05s      2               0    6.143045e-07         444         444         422        17.433            0.003     17.506         17.505   17.512       17.508    0.055       0.042         9782278003248    2.9783950   29.0813500      100114      6   55579.155057200         678    17.529    20.710     27.635    2.150       4.496           0      131072            0            1     9782278 
   55584.132047200        17.538        0.037      1001142060001863    2.9784220   29.0814040   00h11m54.82s   29d04m53.05s      2               0    6.143045e-07         444         444         422        17.433            0.003     17.506         17.505   17.512       17.508    0.055       0.042         9808957004549    2.9784150   29.0813820      100114      6   55584.130637200         683    17.543    21.294     27.637    2.250       4.659           0      131072            0            1     9808957 
   55584.182437200        17.439        0.039      1001142060001863    2.9784220   29.0814040   00h11m54.82s   29d04m53.05s      2               0    6.143045e-07         444         444         422        17.433            0.003     17.506         17.505   17.512       17.508    0.055       0.042         9808947003347    2.9784770   29.0814020      100114      6   55584.181027200         683    17.450    20.677     27.584    3.250       5.602           0      131072            0            1     9808947 
   55585.136547200        17.509        0.034      1001142060001863    2.9784220   29.0814040   00h11m54.82s   29d04m53.05s      2               0    6.143045e-07         444         444         422        17.433            0.003     17.506         17.505   17.512       17.508    0.055       0.042         9806324003895    2.9784280   29.0813820      100114      6   55585.135047200         684    17.488    20.857     27.603    3.050       5.043           0      131072            0            1     9806324 
   55585.179607200        17.510        0.037      1001142060001863    2.9784220   29.0814040   00h11m54.82s   29d04m53.05s      2               0    6.143045e-07         444         444         422        17.433            0.003     17.506         17.505   17.512       17.508    0.055       0.042         9806296003411    2.9784390   29.0813940      100114      6   55585.178097200         684    17.514    20.616     27.573    3.250       5.925           0      131072            0            1     9806296 
   55779.256517200        17.430        0.035      1001142060001863    2.9784220   29.0814040   00h11m54.82s   29d04m53.05s      2               0    6.143045e-07         444         444         422        17.433            0.003     17.506         17.505   17.512       17.508    0.055       0.042        10316383004061    2.9784450   29.0814030      100114      6   55779.258837200         877    17.410    20.928     27.477    2.450       4.803           0      131072            0            1    10316383 
   55779.299377200        17.499        0.033      1001142060001863    2.9784220   29.0814040   00h11m54.82s   29d04m53.05s      2               0    6.143045e-07         444         444         422        17.433            0.003     17.506         17.505   17.512       17.508    0.055       0.042        10316555005037    2.9784240   29.0814260      100114      6   55779.301697200         877    17.491    21.540     27.534    1.950       4.343           0      131072            0            1    10316555 
   55780.252137200        17.480        0.034      1001142060001863    2.9784220   29.0814040   00h11m54.82s   29d04m53.05s      2               0    6.143045e-07         444         444         422        17.433            0.003     17.506         17.505   17.512       17.508    0.055       0.042        10350625004124    2.9784050   29.0813650      100114      6   55780.254537200         878    17.469    20.944     27.484    2.150       4.318           0      131072            0            1    10350625 
   55780.296807200        17.509        0.031      1001142060001863    2.9784220   29.0814040   00h11m54.82s   29d04m53.05s      2               0    6.143045e-07         444         444         422        17.433            0.003     17.506         17.505   17.512       17.508    0.055       0.042        10350740004571    2.9784010   29.0813970      100114      6   55780.299207200         878    17.508    21.337     27.538    2.150       4.006           0      131072            0            1    10350740 
   55782.250877200        17.511        0.036      1001142060001863    2.9784220   29.0814040   00h11m54.82s   29d04m53.05s      2               0    6.143045e-07         444         444         422        17.433            0.003     17.506         17.505   17.512       17.508    0.055       0.042        10353420003355    2.9784050   29.0813930      100114      6   55782.253427200         880    17.510    20.528     27.479    2.650       4.865           0      131072            0            1    10353420 
   55782.303637200        17.509        0.031      1001142060001863    2.9784220   29.0814040   00h11m54.82s   29d04m53.05s      2               0    6.143045e-07         444         444         422        17.433            0.003     17.506         17.505   17.512       17.508    0.055       0.042        10353354004166    2.9784360   29.0814100      100114      6   55782.306187200         880    17.519    20.897     27.544    2.450       4.730           0      131072            0            1    10353354 
   55783.257337200        17.538        0.040      1001142060001863    2.9784220   29.0814040   00h11m54.82s   29d04m53.05s      2               0    6.143045e-07         444         444         422        17.433            0.003     17.506         17.505   17.512       17.508    0.055       0.042        10358010002799    2.9783980   29.0813830      100114      6   55783.259957200         881    17.522    20.112     27.478    3.850       5.857           0      131072            0            1    10358010 
   55783.300977200        17.489        0.036      1001142060001863    2.9784220   29.0814040   00h11m54.82s   29d04m53.05s      2               0    6.143045e-07         444         444         422        17.433            0.003     17.506         17.505   17.512       17.508    0.055       0.042        10357986003518    2.9784270   29.0813720      100114      6   55783.303597200         881    17.485    20.520     27.530    3.150       7.146           0      131072            0            1    10357986 
   55793.206157200        17.569        0.037      1001142060001863    2.9784220   29.0814040   00h11m54.82s   29d04m53.05s      2               0    6.143045e-07         444         444         422        17.433            0.003     17.506         17.505   17.512       17.508    0.055       0.042        10377768004323    2.9783860   29.0813900      100114      6   55793.209487200         891    17.558    21.095     27.461    2.450       4.519           0      131072            0            1    10377768 
   55793.250257200        17.559        0.042      1001142060001863    2.9784220   29.0814040   00h11m54.82s   29d04m53.05s      2               0    6.143045e-07         444         444         422        17.433            0.003     17.506         17.505   17.512       17.508    0.055       0.042        10377837003850    2.9783680   29.0813950      100114      6   55793.253587200         891    17.554    20.830     27.527    2.250       4.932           0      131072            0            1    10377837 
   55794.261357200        17.561        0.062      1001142060001863    2.9784220   29.0814040   00h11m54.82s   29d04m53.05s      2               0    6.143045e-07         444         444         422        17.433            0.003     17.506         17.505   17.512       17.508    0.055       0.042        10379376004612    2.9784250   29.0814050      100114      6   55794.264757200         892    17.523    21.243     27.507    2.150       4.225           0      131072            0            1    10379376 
   55809.166937200        17.518        0.060      1001142060001863    2.9784220   29.0814040   00h11m54.82s   29d04m53.05s      2               0    6.143045e-07         444         444         422        17.433            0.003     17.506         17.505   17.512       17.508    0.055       0.042        10480861002987    2.9783950   29.0814370      100114      6   55809.171207200         907    17.545    20.290     27.302    3.050       5.594           0      131072            0            1    10480861 
   55821.413337200        17.535        0.038      1001142060001863    2.9784220   29.0814040   00h11m54.82s   29d04m53.05s      2               0    6.143045e-07         444         444         422        17.433            0.003     17.506         17.505   17.512       17.508    0.055       0.042        10510181003115    2.9783930   29.0813920      100114      6   55821.418127200         919    17.535    20.579     27.546    2.350       4.564           0      131072            0            1    10510181 
   55821.457057200        17.631        0.041      1001142060001863    2.9784220   29.0814040   00h11m54.82s   29d04m53.05s      2               0    6.143045e-07         444         444         422        17.433            0.003     17.506         17.505   17.512       17.508    0.055       0.042        10510059003123    2.9784200   29.0813700      100114      6   55821.461857200         919    17.627    20.477     27.536    2.450       5.306           0      131072            0            1    10510059 
   55822.363587200        17.508        0.034      1001142060001863    2.9784220   29.0814040   00h11m54.82s   29d04m53.05s      2               0    6.143045e-07         444         444         422        17.433            0.003     17.506         17.505   17.512       17.508    0.055       0.042        10515122003828    2.9784730   29.0814080      100114      6   55822.368417200         920    17.514    20.751     27.543    2.650       4.850           0      131072            0            1    10515122 
   55822.406567200        17.476        0.035      1001142060001863    2.9784220   29.0814040   00h11m54.82s   29d04m53.05s      2               0    6.143045e-07         444         444         422        17.433            0.003     17.506         17.505   17.512       17.508    0.055       0.042        10515141003982    2.9784510   29.0813880      100114      6   55822.411387200         920    17.482    20.969     27.542    2.050       4.143           0      131072            0            1    10515141 
   55838.195117200        17.531        0.034      1001142060001863    2.9784220   29.0814040   00h11m54.82s   29d04m53.05s      2               0    6.143045e-07         444         444         422        17.433            0.003     17.506         17.505   17.512       17.508    0.055       0.042        10569664004116    2.9784770   29.0813790      100114      6   55838.200287200         936    17.521    20.964     27.488    2.450       4.334           0      131072            0            1    10569664 
   56203.110667200        17.553        0.033      1001142060001863    2.9784220   29.0814040   00h11m54.82s   29d04m53.05s      2               0    6.143045e-07         444         444         422        17.433            0.003     17.506         17.505   17.512       17.508    0.055       0.042        14294087003733    2.9784300   29.0814120      100114      6   56203.115837200        1300    17.576    20.672     27.604    3.250       5.151           0      131072            0            1    14294087 
   56203.138757200        17.533        0.038      1001142060001863    2.9784220   29.0814040   00h11m54.82s   29d04m53.05s      2               0    6.143045e-07         444         444         422        17.433            0.003     17.506         17.505   17.512       17.508    0.055       0.042        14294120003405    2.9783980   29.0813760      100114      6   56203.143927200        1300    17.548    20.711     27.643    2.150       4.809           0      131072            0            1    14294120 
   56203.167877200        17.540        0.039      1001142060001863    2.9784220   29.0814040   00h11m54.82s   29d04m53.05s      2               0    6.143045e-07         444         444         422        17.433            0.003     17.506         17.505   17.512       17.508    0.055       0.042        14294148003457    2.9783480   29.0814080      100114      6   56203.173047200        1300    17.545    20.789     27.669    1.950       4.785           0      131072            0            1    14294148 
   56537.326577200        17.502        0.028      1001142060001863    2.9784220   29.0814040   00h11m54.82s   29d04m53.05s      2               0    6.143045e-07         444         444         422        17.433            0.003     17.506         17.505   17.512       17.508    0.055       0.042        18124330005478    2.9784620   29.0813900      100114      6   56537.330727200        1611    17.507    21.843     27.600    1.850       4.052           0      131072            0            1    18124330 
   56537.518877200        17.633        0.035      1001142060001863    2.9784220   29.0814040   00h11m54.82s   29d04m53.05s      2               0    6.143045e-07         444         444         422        17.433            0.003     17.506         17.505   17.512       17.508    0.055       0.042        18124487003978    2.9784530   29.0814000      100114      6   56537.523037200        1611    17.644    21.118     27.576    1.850       3.998           0      131072            0            1    18124487 
   56540.454177200        17.560        0.102      1001142060001863    2.9784220   29.0814040   00h11m54.82s   29d04m53.05s      2               0    6.143045e-07         444         444         422        17.433            0.003     17.506         17.505   17.512       17.508    0.055       0.042        18197418005284    2.9784570   29.0813940      100114      6   56540.458497200        1614    17.493    21.677     27.528    1.950       4.120           0      131072            0            1    18197418 
   56545.226097200        17.473        0.065      1001142060001863    2.9784220   29.0814040   00h11m54.82s   29d04m53.05s      2               0    6.143045e-07         444         444         422        17.433            0.003     17.506         17.505   17.512       17.508    0.055       0.042        18261747004638    2.9784300   29.0814000      100114      6   56545.230637200        1619    17.336    21.274     27.303    2.050       4.441           0      131072            0            1    18261747 
   56600.264077200        17.515        0.044      1001142060001863    2.9784220   29.0814040   00h11m54.82s   29d04m53.05s      2               0    6.143045e-07         444         444         422        17.433            0.003     17.506         17.505   17.512       17.508    0.055       0.042        18183309005006    2.9784530   29.0813800      100114      6   56600.268797200        1674    17.510    21.610     27.630    2.150       4.119           0      131072            0            1    18183309 
   56600.387007200        17.525        0.067      1001142060001863    2.9784220   29.0814040   00h11m54.82s   29d04m53.05s      2               0    6.143045e-07         444         444         422        17.433            0.003     17.506         17.505   17.512       17.508    0.055       0.042        18183411002146    2.9784520   29.0814130      100114      6   56600.391717200        1674    18.376    20.625     27.516    3.350       7.864           0      131072            0            1    18183411 
   56606.100207200        17.611        0.377      1001142060001863    2.9784220   29.0814040   00h11m54.82s   29d04m53.05s      2               0    6.143045e-07         444         444         422        17.433            0.003     17.506         17.505   17.512       17.508    0.055       0.042        18296938002992    2.9784490   29.0814040      100114      6   56606.104677200        1680    17.589    20.316     27.197    2.250       4.392           0      131072            0            1    18296938 
   56606.160287200        17.471        0.377      1001142060001863    2.9784220   29.0814040   00h11m54.82s   29d04m53.05s      2               0    6.143045e-07         444         444         422        17.433            0.003     17.506         17.505   17.512       17.508    0.055       0.042        18296981002632    2.9784280   29.0813500      100114      6   56606.164757200        1680    17.749    20.496     27.355    2.050       5.746           0      131072            0            1    18296981 
   56606.185397200        17.504        0.375      1001142060001863    2.9784220   29.0814040   00h11m54.82s   29d04m53.05s      2               0    6.143045e-07         444         444         422        17.433            0.003     17.506         17.505   17.512       17.508    0.055       0.042        18297010004626    2.9785110   29.0813960      100114      6   56606.189857200        1680    17.125    20.900     27.253    2.150       4.285           0      131072            0            1    18297010 
