   55059.431477200        16.151        0.025      1001142060002174    2.7913530   29.0952660   00h11m09.92s   29d05m42.96s      2               0    5.861553e-07         447         431         409        16.112            0.005     16.145         16.145   16.146       16.144    0.022       0.018        11898981005731    2.7912790   29.0952820      100114      6   55059.434587200         173    16.151    21.471     27.273    2.350       2.333           0      131074            0            1    11898981 
   55059.454527200        16.152        0.025      1001142060002174    2.7913530   29.0952660   00h11m09.92s   29d05m42.96s      2               0    5.861553e-07         447         431         409        16.112            0.005     16.145         16.145   16.146       16.144    0.022       0.018        11899087005889    2.7912810   29.0952390      100114      6   55059.457637200         173    16.148    21.484     27.271    2.350       2.439           0      131074            0            1    11899087 
   55061.424747200        16.160        0.024      1001142060002174    2.7913530   29.0952660   00h11m09.92s   29d05m42.96s      2               0    5.861553e-07         447         431         409        16.112            0.005     16.145         16.145   16.146       16.144    0.022       0.018        11894878005671    2.7912740   29.0952390      100114      6   55061.427997200         175    16.152    21.590     27.243    2.350       2.491           0      131074            0            1    11894878 
   55061.462657200        16.154        0.024      1001142060002174    2.7913530   29.0952660   00h11m09.92s   29d05m42.96s      2               0    5.861553e-07         447         431         409        16.112            0.005     16.145         16.145   16.146       16.144    0.022       0.018        11894740006002    2.7912720   29.0952150      100114      6   55061.465917200         175    16.133    21.695     27.231    2.150       2.329           0      131074            0            1    11894740 
   55063.441527200        16.148        0.024      1001142060002174    2.7913530   29.0952660   00h11m09.92s   29d05m42.96s      2               0    5.861553e-07         447         431         409        16.112            0.005     16.145         16.145   16.146       16.144    0.022       0.018        11890493006258    2.7912670   29.0951840      100114      6   55063.444907200         177    16.143    21.697     27.223    2.150       2.358           0      131074            0            1    11890493 
   55063.486237200        16.159        0.024      1001142060002174    2.7913530   29.0952660   00h11m09.92s   29d05m42.96s      2               0    5.861553e-07         447         431         409        16.112            0.005     16.145         16.145   16.146       16.144    0.022       0.018        11890517006151    2.7912510   29.0952070      100114      6   55063.489627200         177    16.171    21.727     27.220    2.050       2.249           0      131074            0            1    11890517 
   55066.424917200        16.140        0.027      1001142060002174    2.7913530   29.0952660   00h11m09.92s   29d05m42.96s      2               0    5.861553e-07         447         431         409        16.112            0.005     16.145         16.145   16.146       16.144    0.022       0.018        11884710005911    2.7912800   29.0952440      100114      6   55066.428497200         180    16.135    21.568     27.203    2.150       2.306           0      131074            0            1    11884710 
   55066.469697200        16.147        0.027      1001142060002174    2.7913530   29.0952660   00h11m09.92s   29d05m42.96s      2               0    5.861553e-07         447         431         409        16.112            0.005     16.145         16.145   16.146       16.144    0.022       0.018        11884677006097    2.7913110   29.0952290      100114      6   55066.473277200         180    16.134    21.681     27.207    1.950       2.169           0      131072            0            1    11884677 
   55069.414127200        16.138        0.022      1001142060002174    2.7913530   29.0952660   00h11m09.92s   29d05m42.96s      2               0    5.861553e-07         447         431         409        16.112            0.005     16.145         16.145   16.146       16.144    0.022       0.018        11880809005846    2.7912140   29.0952010      100114      6   55069.417897200         183    16.136    21.568     27.263    2.050       2.305           0      131074            0            1    11880809 
   55069.459987200        16.144        0.022      1001142060002174    2.7913530   29.0952660   00h11m09.92s   29d05m42.96s      2               0    5.861553e-07         447         431         409        16.112            0.005     16.145         16.145   16.146       16.144    0.022       0.018        11880766005508    2.7911990   29.0951980      100114      6   55069.463757200         183    16.149    21.404     27.265    2.350       2.472           0      131074            0            1    11880766 
   55084.358307200        16.166        0.024      1001142060002174    2.7913530   29.0952660   00h11m09.92s   29d05m42.96s      2               0    5.861553e-07         447         431         409        16.112            0.005     16.145         16.145   16.146       16.144    0.022       0.018        11839089004558    2.7912580   29.0952550      100114      6   55084.362847200         196    16.169    20.971     27.269    2.050       2.136           0      131074            0            1    11839089 
   55084.403037200        16.081        0.026      1001142060002174    2.7913530   29.0952660   00h11m09.92s   29d05m42.96s      2               0    5.861553e-07         447         431         409        16.112            0.005     16.145         16.145   16.146       16.144    0.022       0.018        11839119002345    2.7913880   29.0952800      100114      6   55084.407577200         196    16.071    19.710     27.266    6.450       7.575           0      131072            0            1    11839119 
   55089.350597200        16.158        0.023      1001142060002174    2.7913530   29.0952660   00h11m09.92s   29d05m42.96s      2               0    5.861553e-07         447         431         409        16.112            0.005     16.145         16.145   16.146       16.144    0.022       0.018        11854279005198    2.7912940   29.0952680      100114      6   55089.355347200         201    16.151    21.243     27.253    2.750       2.880           0      131075            0            1    11854279 
   55089.394887200        16.147        0.023      1001142060002174    2.7913530   29.0952660   00h11m09.92s   29d05m42.96s      2               0    5.861553e-07         447         431         409        16.112            0.005     16.145         16.145   16.146       16.144    0.022       0.018        11854251005799    2.7912790   29.0952660      100114      6   55089.399627200         201    16.147    21.536     27.271    2.150       2.347           0      131074            0            1    11854251 
   55093.335147200        16.141        0.022      1001142060002174    2.7913530   29.0952660   00h11m09.92s   29d05m42.96s      2               0    5.861553e-07         447         431         409        16.112            0.005     16.145         16.145   16.146       16.144    0.022       0.018        11854138005873    2.7912520   29.0952080      100114      6   55093.340027200         205    16.144    21.509     27.223    2.150       2.151           0      131074            0            1    11854138 
   55093.379747200        16.141        0.022      1001142060002174    2.7913530   29.0952660   00h11m09.92s   29d05m42.96s      2               0    5.861553e-07         447         431         409        16.112            0.005     16.145         16.145   16.146       16.144    0.022       0.018        11854093006003    2.7912650   29.0952140      100114      6   55093.384617200         205    16.148    21.605     27.230    2.050       2.208           0      131074            0            1    11854093 
   55095.329827200        16.138        0.022      1001142060002174    2.7913530   29.0952660   00h11m09.92s   29d05m42.96s      2               0    5.861553e-07         447         431         409        16.112            0.005     16.145         16.145   16.146       16.144    0.022       0.018        11932331005718    2.7913320   29.0952600      100114      6   55095.334757200         207    16.141    21.453     27.262    2.350       2.716           0      131072            0            1    11932331 
   55095.374507200        16.130        0.022      1001142060002174    2.7913530   29.0952660   00h11m09.92s   29d05m42.96s      2               0    5.861553e-07         447         431         409        16.112            0.005     16.145         16.145   16.146       16.144    0.022       0.018        11932347005704    2.7913290   29.0952770      100114      6   55095.379437200         207    16.136    21.473     27.258    2.350       2.583           0      131074            0            1    11932347 
   55114.422287200        16.203        0.125      1001142060002174    2.7913530   29.0952660   00h11m09.92s   29d05m42.96s      2               0    5.861553e-07         447         431         409        16.112            0.005     16.145         16.145   16.146       16.144    0.022       0.018        11806409002168    2.7913260   29.0952430      100114      6   55114.427497200         223    16.883    20.299     27.419    2.350       2.373           0      131072            0            1    11806409 
   55119.413187200        16.146        0.027      1001142060002174    2.7913530   29.0952660   00h11m09.92s   29d05m42.96s      2               0    5.861553e-07         447         431         409        16.112            0.005     16.145         16.145   16.146       16.144    0.022       0.018        11838687004790    2.7913080   29.0952580      100114      6   55119.418367200         228    16.163    21.301     27.716    2.350       2.459           0      131074            0            1    11838687 
   55119.476747200        16.133        0.028      1001142060002174    2.7913530   29.0952660   00h11m09.92s   29d05m42.96s      2               0    5.861553e-07         447         431         409        16.112            0.005     16.145         16.145   16.146       16.144    0.022       0.018        11838673004063    2.7913330   29.0952460      100114      6   55119.481927200         228    16.141    20.801     27.630    2.950       2.945           0      131074            0            1    11838673 
   55123.287437200        16.138        0.026      1001142060002174    2.7913530   29.0952660   00h11m09.92s   29d05m42.96s      2               0    5.861553e-07         447         431         409        16.112            0.005     16.145         16.145   16.146       16.144    0.022       0.018        11812963005381    2.7913050   29.0952550      100114      6   55123.292577200         232    16.149    21.571     27.756    2.350       2.470           0      131074            0            1    11812963 
   55123.336467200        16.127        0.026      1001142060002174    2.7913530   29.0952660   00h11m09.92s   29d05m42.96s      2               0    5.861553e-07         447         431         409        16.112            0.005     16.145         16.145   16.146       16.144    0.022       0.018        11812935005403    2.7913150   29.0952680      100114      6   55123.341607200         232    16.134    21.513     27.748    2.350       2.479           0      131074            0            1    11812935 
   55138.211887200        16.144        0.038      1001142060002174    2.7913530   29.0952660   00h11m09.92s   29d05m42.96s      2               0    5.861553e-07         447         431         409        16.112            0.005     16.145         16.145   16.146       16.144    0.022       0.018        11788529002871    2.7912810   29.0952360      100114      6   55138.216647200         245    16.144    20.421     27.772    2.250       2.505           0      131072            0            1    11788529 
   55138.255917200        16.159        0.038      1001142060002174    2.7913530   29.0952660   00h11m09.92s   29d05m42.96s      2               0    5.861553e-07         447         431         409        16.112            0.005     16.145         16.145   16.146       16.144    0.022       0.018        11788408002910    2.7912980   29.0952430      100114      6   55138.260667200         245    16.159    20.370     27.773    2.350       2.525           0      131072            0            1    11788408 
   55142.296147200        16.143        0.027      1001142060002174    2.7913530   29.0952660   00h11m09.92s   29d05m42.96s      2               0    5.861553e-07         447         431         409        16.112            0.005     16.145         16.145   16.146       16.144    0.022       0.018        11792905004658    2.7913170   29.0952750      100114      6   55142.300737200         282    16.142    21.168     27.763    2.350       2.480           0      131074            0            1    11792905 
   55144.317337200        16.149        0.076      1001142060002174    2.7913530   29.0952660   00h11m09.92s   29d05m42.96s      2               0    5.861553e-07         447         431         409        16.112            0.005     16.145         16.145   16.146       16.144    0.022       0.018        11799803004873    2.7912890   29.0952430      100114      6   55144.321847200         250    16.157    21.261     27.743    2.150       2.453           0      131072            0            1    11799803 
   55144.361137200        16.149        0.076      1001142060002174    2.7913530   29.0952660   00h11m09.92s   29d05m42.96s      2               0    5.861553e-07         447         431         409        16.112            0.005     16.145         16.145   16.146       16.144    0.022       0.018        11799911004616    2.7913280   29.0952650      100114      6   55144.365637200         250    16.187    21.199     27.746    2.050       2.286           0      131072            0            1    11799911 
   55152.173527200        16.153        0.025      1001142060002174    2.7913530   29.0952660   00h11m09.92s   29d05m42.96s      2               0    5.861553e-07         447         431         409        16.112            0.005     16.145         16.145   16.146       16.144    0.022       0.018        11803159004918    2.7912910   29.0952770      100114      6   55152.177637200         258    16.159    21.336     27.792    2.750       2.654           0      131074            0            1    11803159 
   55152.217537200        16.142        0.025      1001142060002174    2.7913530   29.0952660   00h11m09.92s   29d05m42.96s      2               0    5.861553e-07         447         431         409        16.112            0.005     16.145         16.145   16.146       16.144    0.022       0.018        11803084004990    2.7913110   29.0952380      100114      6   55152.221637200         258    16.141    21.356     27.786    2.650       2.614           0      131074            0            1    11803084 
   55166.229767200        16.155        0.024      1001142060002174    2.7913530   29.0952660   00h11m09.92s   29d05m42.96s      2               0    5.861553e-07         447         431         409        16.112            0.005     16.145         16.145   16.146       16.144    0.022       0.018        11770064003059    2.7913180   29.0952580      100114      6   55166.232957200         271    16.143    20.552     27.783    2.250       2.510           0      131072            0            1    11770064 
   55168.184237200        16.152        0.025      1001142060002174    2.7913530   29.0952660   00h11m09.92s   29d05m42.96s      2               0    5.861553e-07         447         431         409        16.112            0.005     16.145         16.145   16.146       16.144    0.022       0.018        12344573003518    2.7913370   29.0952610      100114      6   55168.187287200         273    16.144    20.737     27.781    2.350       2.541           0      131074            0            1    12344573 
   55168.274097200        16.159        0.026      1001142060002174    2.7913530   29.0952660   00h11m09.92s   29d05m42.96s      2               0    5.861553e-07         447         431         409        16.112            0.005     16.145         16.145   16.146       16.144    0.022       0.018        12344664003212    2.7913300   29.0952680      100114      6   55168.277137200         273    16.162    20.673     27.759    2.050       2.306           0      131072            0            1    12344664 
   55176.124297200        16.317        0.143      1001142060002174    2.7913530   29.0952660   00h11m09.92s   29d05m42.96s      2               0    5.861553e-07         447         431         409        16.112            0.005     16.145         16.145   16.146       16.144    0.022       0.018        11773703000646    2.7913150   29.0952960      100114      6   55176.126717200         290    20.085    20.476     27.611    2.650       4.663           0           0            0            1    11773703 
   55176.169077200        16.135        0.070      1001142060002174    2.7913530   29.0952660   00h11m09.92s   29d05m42.96s      2               0    5.861553e-07         447         431         409        16.112            0.005     16.145         16.145   16.146       16.144    0.022       0.018        11773692001983    2.7913330   29.0952510      100114      6   55176.171497200         290    16.445    19.838     26.731    2.350       2.513           0      131072            0            1    11773692 
   55183.120247200        16.180        0.183      1001142060002174    2.7913530   29.0952660   00h11m09.92s   29d05m42.96s      2               0    5.861553e-07         447         431         409        16.112            0.005     16.145         16.145   16.146       16.144    0.022       0.018        11781797002429    2.7913080   29.0952530      100114      6   55183.122077200         279    16.964    20.592     27.690    2.550       2.649           0      131072            0            1    11781797 
   55183.164917200        16.142        0.182      1001142060002174    2.7913530   29.0952660   00h11m09.92s   29d05m42.96s      2               0    5.861553e-07         447         431         409        16.112            0.005     16.145         16.145   16.146       16.144    0.022       0.018        11781690004930    2.7913300   29.0952640      100114      6   55183.166757200         279    16.044    21.175     27.639    2.350       2.429           0      131074            0            1    11781690 
   55197.089997200        16.157        0.037      1001142060002174    2.7913530   29.0952660   00h11m09.92s   29d05m42.96s      2               0    5.861553e-07         447         431         409        16.112            0.005     16.145         16.145   16.146       16.144    0.022       0.018        11691974002287    2.7913110   29.0952400      100114      6   55197.090587200         305    16.103    19.916     27.457    2.750       2.947           0      131072            0            1    11691974 
   55199.096657200        16.150        0.029      1001142060002174    2.7913530   29.0952660   00h11m09.92s   29d05m42.96s      2               0    5.861553e-07         447         431         409        16.112            0.005     16.145         16.145   16.146       16.144    0.022       0.018        14959062004949    2.7913560   29.0952800      100114      6   55199.097057200         307    16.141    21.360     27.780    2.450       2.465           0      131074            0            1    14959062 
   55201.108777200        16.160        0.027      1001142060002174    2.7913530   29.0952660   00h11m09.92s   29d05m42.96s      2               0    5.861553e-07         447         431         409        16.112            0.005     16.145         16.145   16.146       16.144    0.022       0.018        11702553003756    2.7913170   29.0952820      100114      6   55201.108987200         310    15.957    20.391     27.236    2.750       2.850           0      131072            0            1    11702553 
   55207.154177200        16.130        0.026      1001142060002174    2.7913530   29.0952660   00h11m09.92s   29d05m42.96s      2               0    5.861553e-07         447         431         409        16.112            0.005     16.145         16.145   16.146       16.144    0.022       0.018        11745244005371    2.7913080   29.0952090      100114      6   55207.153837200         316    16.116    21.574     27.743    1.950       2.145           0      131074            0            1    11745244 
   55207.228427200        16.166        0.027      1001142060002174    2.7913530   29.0952660   00h11m09.92s   29d05m42.96s      2               0    5.861553e-07         447         431         409        16.112            0.005     16.145         16.145   16.146       16.144    0.022       0.018        11745242004190    2.7912970   29.0952350      100114      6   55207.228077200         316    16.236    21.053     27.692    2.150       2.409           0      131072            0            1    11745242 
   55209.134757200        16.136        0.061      1001142060002174    2.7913530   29.0952660   00h11m09.92s   29d05m42.96s      2               0    5.861553e-07         447         431         409        16.112            0.005     16.145         16.145   16.146       16.144    0.022       0.018        11741608005295    2.7913210   29.0952400      100114      6   55209.134227200         318    16.138    21.561     27.790    2.150       2.452           0      131072            0            1    11741608 
   55209.179387200        16.144        0.061      1001142060002174    2.7913530   29.0952660   00h11m09.92s   29d05m42.96s      2               0    5.861553e-07         447         431         409        16.112            0.005     16.145         16.145   16.146       16.144    0.022       0.018        11741584004700    2.7913490   29.0952700      100114      6   55209.178857200         318    16.125    21.186     27.740    2.650       2.978           0      131074            0            1    11741584 
   55422.336907200        16.133        0.025      1001142060002174    2.7913530   29.0952660   00h11m09.92s   29d05m42.96s      2               0    5.861553e-07         447         431         409        16.112            0.005     16.145         16.145   16.146       16.144    0.022       0.018        11149840005082    2.7913460   29.0952750      100114      6   55422.339857200         521    16.126    21.584     27.680    2.550       2.767           0      131075            0            1    11149840 
   55422.350847200        16.139        0.025      1001142060002174    2.7913530   29.0952660   00h11m09.92s   29d05m42.96s      2               0    5.861553e-07         447         431         409        16.112            0.005     16.145         16.145   16.146       16.144    0.022       0.018        11150034005542    2.7913430   29.0952930      100114      6   55422.353787200         521    16.128    21.778     27.685    2.150       2.172           0      131074            0            1    11150034 
   55422.362757200        16.131        0.025      1001142060002174    2.7913530   29.0952660   00h11m09.92s   29d05m42.96s      2               0    5.861553e-07         447         431         409        16.112            0.005     16.145         16.145   16.146       16.144    0.022       0.018        11149808005492    2.7913420   29.0952610      100114      6   55422.365697200         521    16.124    21.773     27.688    2.250       2.450           0      131074            0            1    11149808 
   55422.374317200        16.131        0.025      1001142060002174    2.7913530   29.0952660   00h11m09.92s   29d05m42.96s      2               0    5.861553e-07         447         431         409        16.112            0.005     16.145         16.145   16.146       16.144    0.022       0.018        11149932005234    2.7913250   29.0952620      100114      6   55422.377267200         521    16.128    21.678     27.691    2.450       2.678           0      131074            0            1    11149932 
   55422.386737200        16.152        0.025      1001142060002174    2.7913530   29.0952660   00h11m09.92s   29d05m42.96s      2               0    5.861553e-07         447         431         409        16.112            0.005     16.145         16.145   16.146       16.144    0.022       0.018        11149844005758    2.7913180   29.0952350      100114      6   55422.389687200         521    16.147    21.949     27.693    1.950       2.123           0      131074            0            1    11149844 
   55422.412987200        16.130        0.025      1001142060002174    2.7913530   29.0952660   00h11m09.92s   29d05m42.96s      2               0    5.861553e-07         447         431         409        16.112            0.005     16.145         16.145   16.146       16.144    0.022       0.018        11149893005383    2.7913380   29.0952300      100114      6   55422.415937200         521    16.128    21.756     27.695    2.350       2.529           0      131074            0            1    11149893 
   55422.426747200        16.131        0.025      1001142060002174    2.7913530   29.0952660   00h11m09.92s   29d05m42.96s      2               0    5.861553e-07         447         431         409        16.112            0.005     16.145         16.145   16.146       16.144    0.022       0.018        11149865005426    2.7913430   29.0952940      100114      6   55422.429697200         521    16.127    21.736     27.695    2.350       2.496           0      131074            0            1    11149865 
   55422.439457200        16.144        0.025      1001142060002174    2.7913530   29.0952660   00h11m09.92s   29d05m42.96s      2               0    5.861553e-07         447         431         409        16.112            0.005     16.145         16.145   16.146       16.144    0.022       0.018        11149856005455    2.7913280   29.0952380      100114      6   55422.442407200         521    16.139    21.701     27.695    2.450       2.617           0      131075            0            1    11149856 
   55422.466737200        16.142        0.025      1001142060002174    2.7913530   29.0952660   00h11m09.92s   29d05m42.96s      2               0    5.861553e-07         447         431         409        16.112            0.005     16.145         16.145   16.146       16.144    0.022       0.018        11150061005233    2.7912990   29.0952910      100114      6   55422.469687200         521    16.136    21.569     27.691    2.750       2.690           0      131074            0            1    11150061 
   55422.483747200        16.143        0.025      1001142060002174    2.7913530   29.0952660   00h11m09.92s   29d05m42.96s      2               0    5.861553e-07         447         431         409        16.112            0.005     16.145         16.145   16.146       16.144    0.022       0.018        11149979005494    2.7913260   29.0952270      100114      6   55422.486707200         521    16.135    21.720     27.688    2.350       2.512           0      131074            0            1    11149979 
   55422.498897200        16.133        0.025      1001142060002174    2.7913530   29.0952660   00h11m09.92s   29d05m42.96s      2               0    5.861553e-07         447         431         409        16.112            0.005     16.145         16.145   16.146       16.144    0.022       0.018        11149810004915    2.7913220   29.0952620      100114      6   55422.501857200         521    16.127    21.492     27.683    2.450       2.668           0      131074            0            1    11149810 
   55423.307897200        16.135        0.024      1001142060002174    2.7913530   29.0952660   00h11m09.92s   29d05m42.96s      2               0    5.861553e-07         447         431         409        16.112            0.005     16.145         16.145   16.146       16.144    0.022       0.018        11147042005422    2.7913210   29.0952480      100114      6   55423.310907200         522    16.128    21.691     27.663    2.050       2.162           0      131074            0            1    11147042 
   55423.325617200        16.142        0.024      1001142060002174    2.7913530   29.0952660   00h11m09.92s   29d05m42.96s      2               0    5.861553e-07         447         431         409        16.112            0.005     16.145         16.145   16.146       16.144    0.022       0.018        11147017005527    2.7913330   29.0952760      100114      6   55423.328627200         522    16.134    21.731     27.670    2.050       2.189           0      131074            0            1    11147017 
   55423.339857200        16.137        0.024      1001142060002174    2.7913530   29.0952660   00h11m09.92s   29d05m42.96s      2               0    5.861553e-07         447         431         409        16.112            0.005     16.145         16.145   16.146       16.144    0.022       0.018        11147166005274    2.7913550   29.0952410      100114      6   55423.342877200         522    16.128    21.672     27.675    2.250       2.289           0      131074            0            1    11147166 
   55423.353677200        16.145        0.024      1001142060002174    2.7913530   29.0952660   00h11m09.92s   29d05m42.96s      2               0    5.861553e-07         447         431         409        16.112            0.005     16.145         16.145   16.146       16.144    0.022       0.018        11147138005624    2.7913310   29.0952670      100114      6   55423.356697200         522    16.138    21.888     27.678    1.850       2.052           0      131074            0            1    11147138 
   55423.365657200        16.135        0.024      1001142060002174    2.7913530   29.0952660   00h11m09.92s   29d05m42.96s      2               0    5.861553e-07         447         431         409        16.112            0.005     16.145         16.145   16.146       16.144    0.022       0.018        11146989005767    2.7913350   29.0952890      100114      6   55423.368677200         522    16.126    21.919     27.680    1.850       2.012           0      131074            0            1    11146989 
   55423.382637200        16.141        0.024      1001142060002174    2.7913530   29.0952660   00h11m09.92s   29d05m42.96s      2               0    5.861553e-07         447         431         409        16.112            0.005     16.145         16.145   16.146       16.144    0.022       0.018        11147033005739    2.7913300   29.0952360      100114      6   55423.385657200         522    16.133    21.777     27.682    2.150       2.303           0      131074            0            1    11147033 
   55423.397187200        16.125        0.024      1001142060002174    2.7913530   29.0952660   00h11m09.92s   29d05m42.96s      2               0    5.861553e-07         447         431         409        16.112            0.005     16.145         16.145   16.146       16.144    0.022       0.018        11147208005679    2.7913180   29.0952550      100114      6   55423.400207200         522    16.122    21.861     27.683    2.050       2.246           0      131074            0            1    11147208 
   55423.412007200        16.140        0.024      1001142060002174    2.7913530   29.0952660   00h11m09.92s   29d05m42.96s      2               0    5.861553e-07         447         431         409        16.112            0.005     16.145         16.145   16.146       16.144    0.022       0.018        11147124005708    2.7913140   29.0952570      100114      6   55423.415027200         522    16.133    21.848     27.683    2.050       2.235           0      131074            0            1    11147124 
   55423.426547200        16.142        0.024      1001142060002174    2.7913530   29.0952660   00h11m09.92s   29d05m42.96s      2               0    5.861553e-07         447         431         409        16.112            0.005     16.145         16.145   16.146       16.144    0.022       0.018        11147117005850    2.7913240   29.0952280      100114      6   55423.429567200         522    16.137    21.978     27.682    1.850       1.971           0      131074            0            1    11147117 
   55423.440577200        16.143        0.024      1001142060002174    2.7913530   29.0952660   00h11m09.92s   29d05m42.96s      2               0    5.861553e-07         447         431         409        16.112            0.005     16.145         16.145   16.146       16.144    0.022       0.018        11147201005540    2.7913300   29.0952960      100114      6   55423.443597200         522    16.140    21.808     27.681    2.150       2.383           0      131074            0            1    11147201 
   55423.466517200        16.145        0.024      1001142060002174    2.7913530   29.0952660   00h11m09.92s   29d05m42.96s      2               0    5.861553e-07         447         431         409        16.112            0.005     16.145         16.145   16.146       16.144    0.022       0.018        11147175005578    2.7913190   29.0952300      100114      6   55423.469537200         522    16.139    21.797     27.678    2.150       2.417           0      131074            0            1    11147175 
   55423.482907200        16.134        0.024      1001142060002174    2.7913530   29.0952660   00h11m09.92s   29d05m42.96s      2               0    5.861553e-07         447         431         409        16.112            0.005     16.145         16.145   16.146       16.144    0.022       0.018        11147187005450    2.7913350   29.0952540      100114      6   55423.485927200         522    16.124    21.805     27.674    2.050       2.240           0      131074            0            1    11147187 
   55423.497167200        16.133        0.024      1001142060002174    2.7913530   29.0952660   00h11m09.92s   29d05m42.96s      2               0    5.861553e-07         447         431         409        16.112            0.005     16.145         16.145   16.146       16.144    0.022       0.018        11147101005516    2.7912930   29.0952570      100114      6   55423.500187200         522    16.121    21.561     27.671    2.350       2.340           0      131074            0            1    11147101 
   55424.304627200        16.133        0.033      1001142060002174    2.7913530   29.0952660   00h11m09.92s   29d05m42.96s      2               0    5.861553e-07         447         431         409        16.112            0.005     16.145         16.145   16.146       16.144    0.022       0.018        11144740005231    2.7913520   29.0952770      100114      6   55424.307717200         523    16.107    21.658     27.573    1.950       2.163           0      131074            0            1    11144740 
   55424.332167200        16.133        0.033      1001142060002174    2.7913530   29.0952660   00h11m09.92s   29d05m42.96s      2               0    5.861553e-07         447         431         409        16.112            0.005     16.145         16.145   16.146       16.144    0.022       0.018        11144728005078    2.7913400   29.0952670      100114      6   55424.335247200         523    16.143    21.575     27.596    2.250       2.359           0      131074            0            1    11144728 
   55424.348687200        16.143        0.033      1001142060002174    2.7913530   29.0952660   00h11m09.92s   29d05m42.96s      2               0    5.861553e-07         447         431         409        16.112            0.005     16.145         16.145   16.146       16.144    0.022       0.018        11144712005266    2.7913330   29.0952560      100114      6   55424.351777200         523    16.140    21.661     27.607    2.150       2.209           0      131074            0            1    11144712 
   55424.373007200        16.132        0.033      1001142060002174    2.7913530   29.0952660   00h11m09.92s   29d05m42.96s      2               0    5.861553e-07         447         431         409        16.112            0.005     16.145         16.145   16.146       16.144    0.022       0.018        11144736005410    2.7913440   29.0952980      100114      6   55424.376097200         523    16.122    21.800     27.619    1.950       2.065           0      131074            0            1    11144736 
   55424.386287200        16.138        0.033      1001142060002174    2.7913530   29.0952660   00h11m09.92s   29d05m42.96s      2               0    5.861553e-07         447         431         409        16.112            0.005     16.145         16.145   16.146       16.144    0.022       0.018        11144739005486    2.7913260   29.0952690      100114      6   55424.389377200         523    16.137    21.770     27.625    2.050       2.297           0      131072            0            1    11144739 
   55424.399217200        16.130        0.033      1001142060002174    2.7913530   29.0952660   00h11m09.92s   29d05m42.96s      2               0    5.861553e-07         447         431         409        16.112            0.005     16.145         16.145   16.146       16.144    0.022       0.018        11144897005595    2.7913410   29.0952690      100114      6   55424.402307200         523    16.125    21.795     27.629    2.050       2.208           0      131074            0            1    11144897 
   55424.413257200        16.138        0.033      1001142060002174    2.7913530   29.0952660   00h11m09.92s   29d05m42.96s      2               0    5.861553e-07         447         431         409        16.112            0.005     16.145         16.145   16.146       16.144    0.022       0.018        11144757005582    2.7913160   29.0952610      100114      6   55424.416347200         523    16.133    21.805     27.633    2.050       2.268           0      131074            0            1    11144757 
   55424.428257200        16.136        0.033      1001142060002174    2.7913530   29.0952660   00h11m09.92s   29d05m42.96s      2               0    5.861553e-07         447         431         409        16.112            0.005     16.145         16.145   16.146       16.144    0.022       0.018        11144756005549    2.7913100   29.0952450      100114      6   55424.431347200         523    16.136    21.761     27.636    2.150       2.227           0      131074            0            1    11144756 
   55424.456717200        16.132        0.033      1001142060002174    2.7913530   29.0952660   00h11m09.92s   29d05m42.96s      2               0    5.861553e-07         447         431         409        16.112            0.005     16.145         16.145   16.146       16.144    0.022       0.018        11144849005560    2.7913280   29.0952460      100114      6   55424.459807200         523    16.135    21.652     27.639    2.350       2.732           0      131072            0            1    11144849 
   55424.469517200        16.117        0.033      1001142060002174    2.7913530   29.0952660   00h11m09.92s   29d05m42.96s      2               0    5.861553e-07         447         431         409        16.112            0.005     16.145         16.145   16.146       16.144    0.022       0.018        11144704005548    2.7913330   29.0952830      100114      6   55424.472607200         523    16.117    21.753     27.639    2.150       2.402           0      131074            0            1    11144704 
   55424.484247200        16.130        0.033      1001142060002174    2.7913530   29.0952660   00h11m09.92s   29d05m42.96s      2               0    5.861553e-07         447         431         409        16.112            0.005     16.145         16.145   16.146       16.144    0.022       0.018        11144794005491    2.7913140   29.0952820      100114      6   55424.487347200         523    16.134    21.790     27.639    2.050       2.314           0      131072            0            1    11144794 
   55424.496347200        16.130        0.033      1001142060002174    2.7913530   29.0952660   00h11m09.92s   29d05m42.96s      2               0    5.861553e-07         447         431         409        16.112            0.005     16.145         16.145   16.146       16.144    0.022       0.018        11144863005560    2.7913080   29.0952280      100114      6   55424.499437200         523    16.133    21.793     27.638    1.950       2.054           0      131074            0            1    11144863 
   55424.510947200        16.156        0.033      1001142060002174    2.7913530   29.0952660   00h11m09.92s   29d05m42.96s      2               0    5.861553e-07         447         431         409        16.112            0.005     16.145         16.145   16.146       16.144    0.022       0.018        11144852004005    2.7913030   29.0952320      100114      6   55424.514047200         523    16.163    20.941     27.635    2.150       2.342           0      131072            0            1    11144852 
   55425.307457200        16.152        0.038      1001142060002174    2.7913530   29.0952660   00h11m09.92s   29d05m42.96s      2               0    5.861553e-07         447         431         409        16.112            0.005     16.145         16.145   16.146       16.144    0.022       0.018        11141871005460    2.7913420   29.0952310      100114      6   55425.310607200         524    16.159    21.764     27.578    1.850       2.230           0      131072            0            1    11141871 
   55425.337167200        16.132        0.038      1001142060002174    2.7913530   29.0952660   00h11m09.92s   29d05m42.96s      2               0    5.861553e-07         447         431         409        16.112            0.005     16.145         16.145   16.146       16.144    0.022       0.018        11141949005347    2.7913320   29.0952520      100114      6   55425.340317200         524    16.147    21.827     27.604    1.850       1.977           0      131074            0            1    11141949 
   55425.350517200        16.134        0.038      1001142060002174    2.7913530   29.0952660   00h11m09.92s   29d05m42.96s      2               0    5.861553e-07         447         431         409        16.112            0.005     16.145         16.145   16.146       16.144    0.022       0.018        11141931005484    2.7913260   29.0952660      100114      6   55425.353677200         524    16.145    21.791     27.613    1.950       2.288           0      131072            0            1    11141931 
   55425.363627200        16.149        0.038      1001142060002174    2.7913530   29.0952660   00h11m09.92s   29d05m42.96s      2               0    5.861553e-07         447         431         409        16.112            0.005     16.145         16.145   16.146       16.144    0.022       0.018        11141741005548    2.7913140   29.0952430      100114      6   55425.366777200         524    16.160    21.864     27.619    1.850       2.212           0      131072            0            1    11141741 
   55425.376027200        16.144        0.038      1001142060002174    2.7913530   29.0952660   00h11m09.92s   29d05m42.96s      2               0    5.861553e-07         447         431         409        16.112            0.005     16.145         16.145   16.146       16.144    0.022       0.018        11141721005591    2.7913070   29.0952480      100114      6   55425.379187200         524    16.152    21.941     27.623    1.750       2.025           0      131072            0            1    11141721 
   55425.388077200        16.137        0.037      1001142060002174    2.7913530   29.0952660   00h11m09.92s   29d05m42.96s      2               0    5.861553e-07         447         431         409        16.112            0.005     16.145         16.145   16.146       16.144    0.022       0.018        11141831005573    2.7913160   29.0952380      100114      6   55425.391237200         524    16.141    21.932     27.626    1.750       2.167           0      131072            0            1    11141831 
   55425.404397200        16.137        0.038      1001142060002174    2.7913530   29.0952660   00h11m09.92s   29d05m42.96s      2               0    5.861553e-07         447         431         409        16.112            0.005     16.145         16.145   16.146       16.144    0.022       0.018        11141784005785    2.7912990   29.0952100      100114      6   55425.407557200         524    16.139    21.953     27.628    1.750       1.929           0      131074            0            1    11141784 
   55425.418827200        16.146        0.037      1001142060002174    2.7913530   29.0952660   00h11m09.92s   29d05m42.96s      2               0    5.861553e-07         447         431         409        16.112            0.005     16.145         16.145   16.146       16.144    0.022       0.018        11141881005645    2.7912900   29.0952490      100114      6   55425.421987200         524    16.151    21.910     27.627    1.850       2.039           0      131074            0            1    11141881 
   55425.433137200        16.133        0.037      1001142060002174    2.7913530   29.0952660   00h11m09.92s   29d05m42.96s      2               0    5.861553e-07         447         431         409        16.112            0.005     16.145         16.145   16.146       16.144    0.022       0.018        11141759005675    2.7912900   29.0952230      100114      6   55425.436297200         524    16.141    21.967     27.625    1.750       1.962           0      131074            0            1    11141759 
   55425.447817200        16.138        0.038      1001142060002174    2.7913530   29.0952660   00h11m09.92s   29d05m42.96s      2               0    5.861553e-07         447         431         409        16.112            0.005     16.145         16.145   16.146       16.144    0.022       0.018        11141908005482    2.7913030   29.0952540      100114      6   55425.450977200         524    16.141    21.839     27.620    1.950       2.187           0      131074            0            1    11141908 
   55425.462417200        16.133        0.038      1001142060002174    2.7913530   29.0952660   00h11m09.92s   29d05m42.96s      2               0    5.861553e-07         447         431         409        16.112            0.005     16.145         16.145   16.146       16.144    0.022       0.018        11141844005433    2.7913100   29.0952360      100114      6   55425.465587200         524    16.126    21.780     27.614    2.050       2.319           0      131074            0            1    11141844 
   55425.474857200        16.137        0.038      1001142060002174    2.7913530   29.0952660   00h11m09.92s   29d05m42.96s      2               0    5.861553e-07         447         431         409        16.112            0.005     16.145         16.145   16.146       16.144    0.022       0.018        11141807004747    2.7913310   29.0952280      100114      6   55425.478027200         524    16.134    21.402     27.607    2.450       2.690           0      131074            0            1    11141807 
   55425.490117200        16.140        0.038      1001142060002174    2.7913530   29.0952660   00h11m09.92s   29d05m42.96s      2               0    5.861553e-07         447         431         409        16.112            0.005     16.145         16.145   16.146       16.144    0.022       0.018        11141887005340    2.7913220   29.0952420      100114      6   55425.493277200         524    16.126    21.711     27.597    2.050       2.239           0      131074            0            1    11141887 
   55425.508007200        16.152        0.038      1001142060002174    2.7913530   29.0952660   00h11m09.92s   29d05m42.96s      2               0    5.861553e-07         447         431         409        16.112            0.005     16.145         16.145   16.146       16.144    0.022       0.018        11141907004350    2.7912870   29.0951900      100114      6   55425.511177200         524    16.130    21.178     27.582    1.850       2.040           0      131072            0            1    11141907 
   55426.298337200        16.172        0.068      1001142060002174    2.7913530   29.0952660   00h11m09.92s   29d05m42.96s      2               0    5.861553e-07         447         431         409        16.112            0.005     16.145         16.145   16.146       16.144    0.022       0.018        11198449004352    2.7913350   29.0952730      100114      6   55426.301557200         525    16.280    21.363     27.589    1.950       2.010           0      131072            0            1    11198449 
   55426.310667200        16.229        0.068      1001142060002174    2.7913530   29.0952660   00h11m09.92s   29d05m42.96s      2               0    5.861553e-07         447         431         409        16.112            0.005     16.145         16.145   16.146       16.144    0.022       0.018        11198465004705    2.7913450   29.0952760      100114      6   55426.313897200         525    16.263    21.440     27.602    2.150       2.266           0      131072            0            1    11198465 
   55426.323307200        16.097        0.068      1001142060002174    2.7913530   29.0952660   00h11m09.92s   29d05m42.96s      2               0    5.861553e-07         447         431         409        16.112            0.005     16.145         16.145   16.146       16.144    0.022       0.018        11198500005014    2.7913400   29.0952610      100114      6   55426.326537200         525    16.148    21.648     27.613    1.950       2.105           0      131075            0            1    11198500 
   55426.336037200        16.151        0.068      1001142060002174    2.7913530   29.0952660   00h11m09.92s   29d05m42.96s      2               0    5.861553e-07         447         431         409        16.112            0.005     16.145         16.145   16.146       16.144    0.022       0.018        11198463005563    2.7913250   29.0952250      100114      6   55426.339267200         525    16.122    21.828     27.622    1.850       2.017           0      131074            0            1    11198463 
   55426.350587200        16.144        0.068      1001142060002174    2.7913530   29.0952660   00h11m09.92s   29d05m42.96s      2               0    5.861553e-07         447         431         409        16.112            0.005     16.145         16.145   16.146       16.144    0.022       0.018        11198423005485    2.7913180   29.0952270      100114      6   55426.353817200         525    16.118    21.803     27.629    1.950       2.241           0      131072            0            1    11198423 
   55426.364347200        16.147        0.068      1001142060002174    2.7913530   29.0952660   00h11m09.92s   29d05m42.96s      2               0    5.861553e-07         447         431         409        16.112            0.005     16.145         16.145   16.146       16.144    0.022       0.018        11198510005476    2.7913020   29.0952160      100114      6   55426.367577200         525    16.125    21.765     27.634    2.050       2.197           0      131074            0            1    11198510 
   55426.378217200        16.157        0.068      1001142060002174    2.7913530   29.0952660   00h11m09.92s   29d05m42.96s      2               0    5.861553e-07         447         431         409        16.112            0.005     16.145         16.145   16.146       16.144    0.022       0.018        11198411005605    2.7913050   29.0952460      100114      6   55426.381447200         525    16.137    21.786     27.636    2.050       2.173           0      131075            0            1    11198411 
   55426.392757200        16.143        0.068      1001142060002174    2.7913530   29.0952660   00h11m09.92s   29d05m42.96s      2               0    5.861553e-07         447         431         409        16.112            0.005     16.145         16.145   16.146       16.144    0.022       0.018        11198443005596    2.7912900   29.0951940      100114      6   55426.395987200         525    16.119    21.837     27.636    1.950       2.076           0      131074            0            1    11198443 
   55426.406357200        16.150        0.068      1001142060002174    2.7913530   29.0952660   00h11m09.92s   29d05m42.96s      2               0    5.861553e-07         447         431         409        16.112            0.005     16.145         16.145   16.146       16.144    0.022       0.018        11198401005817    2.7912970   29.0952030      100114      6   55426.409587200         525    16.123    21.906     27.635    1.850       2.062           0      131074            0            1    11198401 
   55426.418877200        16.156        0.068      1001142060002174    2.7913530   29.0952660   00h11m09.92s   29d05m42.96s      2               0    5.861553e-07         447         431         409        16.112            0.005     16.145         16.145   16.146       16.144    0.022       0.018        11198404005666    2.7913010   29.0952580      100114      6   55426.422107200         525    16.131    21.847     27.632    1.950       2.260           0      131072            0            1    11198404 
   55426.430467200        16.163        0.068      1001142060002174    2.7913530   29.0952660   00h11m09.92s   29d05m42.96s      2               0    5.861553e-07         447         431         409        16.112            0.005     16.145         16.145   16.146       16.144    0.022       0.018        11198542005493    2.7912670   29.0951810      100114      6   55426.433697200         525    16.148    21.667     27.628    1.950       2.242           0      131072            0            1    11198542 
   55426.460817200        16.145        0.068      1001142060002174    2.7913530   29.0952660   00h11m09.92s   29d05m42.96s      2               0    5.861553e-07         447         431         409        16.112            0.005     16.145         16.145   16.146       16.144    0.022       0.018        11198420005750    2.7912920   29.0952270      100114      6   55426.464057200         525    16.101    21.878     27.612    1.850       2.046           0      131074            0            1    11198420 
   55426.473597200        16.180        0.068      1001142060002174    2.7913530   29.0952660   00h11m09.92s   29d05m42.96s      2               0    5.861553e-07         447         431         409        16.112            0.005     16.145         16.145   16.146       16.144    0.022       0.018        11198486004757    2.7913180   29.0952540      100114      6   55426.476837200         525    16.283    21.555     27.602    2.050       2.332           0      131072            0            1    11198486 
   55426.489177200        16.141        0.068      1001142060002174    2.7913530   29.0952660   00h11m09.92s   29d05m42.96s      2               0    5.861553e-07         447         431         409        16.112            0.005     16.145         16.145   16.146       16.144    0.022       0.018        11198427005386    2.7913130   29.0952550      100114      6   55426.492417200         525    16.079    21.687     27.589    2.050       2.335           0      131072            0            1    11198427 
   55428.308157200        16.152        0.022      1001142060002174    2.7913530   29.0952660   00h11m09.92s   29d05m42.96s      2               0    5.861553e-07         447         431         409        16.112            0.005     16.145         16.145   16.146       16.144    0.022       0.018        11194616004687    2.7913210   29.0952660      100114      6   55428.311517200         527    16.160    21.311     27.665    1.950       2.101           0      131074            0            1    11194616 
   55428.321847200        16.149        0.022      1001142060002174    2.7913530   29.0952660   00h11m09.92s   29d05m42.96s      2               0    5.861553e-07         447         431         409        16.112            0.005     16.145         16.145   16.146       16.144    0.022       0.018        11194651004687    2.7913290   29.0952460      100114      6   55428.325207200         527    16.163    21.226     27.671    2.150       2.361           0      131072            0            1    11194651 
   55428.336167200        16.149        0.022      1001142060002174    2.7913530   29.0952660   00h11m09.92s   29d05m42.96s      2               0    5.861553e-07         447         431         409        16.112            0.005     16.145         16.145   16.146       16.144    0.022       0.018        11194587004874    2.7913230   29.0952490      100114      6   55428.339527200         527    16.161    21.426     27.677    1.850       1.942           0      131074            0            1    11194587 
   55428.349097200        16.160        0.022      1001142060002174    2.7913530   29.0952660   00h11m09.92s   29d05m42.96s      2               0    5.861553e-07         447         431         409        16.112            0.005     16.145         16.145   16.146       16.144    0.022       0.018        11194665004726    2.7913420   29.0952510      100114      6   55428.352457200         527    16.172    21.329     27.681    2.050       2.189           0      131072            0            1    11194665 
   55428.363187200        16.139        0.022      1001142060002174    2.7913530   29.0952660   00h11m09.92s   29d05m42.96s      2               0    5.861553e-07         447         431         409        16.112            0.005     16.145         16.145   16.146       16.144    0.022       0.018        11194549004966    2.7913030   29.0952280      100114      6   55428.366547200         527    16.149    21.491     27.684    1.850       1.877           0      131074            0            1    11194549 
   55428.377497200        16.142        0.022      1001142060002174    2.7913530   29.0952660   00h11m09.92s   29d05m42.96s      2               0    5.861553e-07         447         431         409        16.112            0.005     16.145         16.145   16.146       16.144    0.022       0.018        11194527005001    2.7912970   29.0951920      100114      6   55428.380867200         527    16.156    21.509     27.687    1.950       2.358           0      131072            0            1    11194527 
   55428.411677200        16.142        0.022      1001142060002174    2.7913530   29.0952660   00h11m09.92s   29d05m42.96s      2               0    5.861553e-07         447         431         409        16.112            0.005     16.145         16.145   16.146       16.144    0.022       0.018        11194550005550    2.7912940   29.0952370      100114      6   55428.415047200         527    16.152    21.800     27.690    1.950       2.181           0      131072            0            1    11194550 
   55428.426357200        16.135        0.022      1001142060002174    2.7913530   29.0952660   00h11m09.92s   29d05m42.96s      2               0    5.861553e-07         447         431         409        16.112            0.005     16.145         16.145   16.146       16.144    0.022       0.018        11194633005524    2.7912600   29.0952060      100114      6   55428.429717200         527    16.145    21.756     27.690    2.050       2.303           0      131074            0            1    11194633 
   55428.439377200        16.140        0.022      1001142060002174    2.7913530   29.0952660   00h11m09.92s   29d05m42.96s      2               0    5.861553e-07         447         431         409        16.112            0.005     16.145         16.145   16.146       16.144    0.022       0.018        11194508005749    2.7913100   29.0952640      100114      6   55428.442737200         527    16.150    21.870     27.690    1.850       2.052           0      131072            0            1    11194508 
   55428.453277200        16.135        0.022      1001142060002174    2.7913530   29.0952660   00h11m09.92s   29d05m42.96s      2               0    5.861553e-07         447         431         409        16.112            0.005     16.145         16.145   16.146       16.144    0.022       0.018        11194522005548    2.7913190   29.0952490      100114      6   55428.456647200         527    16.144    21.744     27.689    2.050       2.214           0      131074            0            1    11194522 
   55428.465197200        16.136        0.022      1001142060002174    2.7913530   29.0952660   00h11m09.92s   29d05m42.96s      2               0    5.861553e-07         447         431         409        16.112            0.005     16.145         16.145   16.146       16.144    0.022       0.018        11194476005432    2.7912900   29.0952380      100114      6   55428.468567200         527    16.148    21.784     27.687    1.950       2.084           0      131074            0            1    11194476 
   55428.478057200        16.135        0.022      1001142060002174    2.7913530   29.0952660   00h11m09.92s   29d05m42.96s      2               0    5.861553e-07         447         431         409        16.112            0.005     16.145         16.145   16.146       16.144    0.022       0.018        11194525005323    2.7912980   29.0952280      100114      6   55428.481427200         527    16.146    21.705     27.685    2.050       2.401           0      131072            0            1    11194525 
   55428.491407200        16.171        0.022      1001142060002174    2.7913530   29.0952660   00h11m09.92s   29d05m42.96s      2               0    5.861553e-07         447         431         409        16.112            0.005     16.145         16.145   16.146       16.144    0.022       0.018        11194711005147    2.7913230   29.0952090      100114      6   55428.494777200         527    16.180    21.549     27.682    2.050       2.269           0      131072            0            1    11194711 
   55428.510497200        16.156        0.023      1001142060002174    2.7913530   29.0952660   00h11m09.92s   29d05m42.96s      2               0    5.861553e-07         447         431         409        16.112            0.005     16.145         16.145   16.146       16.144    0.022       0.018        11194520003859    2.7912920   29.0952590      100114      6   55428.513867200         527    16.162    20.897     27.676    2.150       2.359           0      131072            0            1    11194520 
   55429.289977200        16.146        0.022      1001142060002174    2.7913530   29.0952660   00h11m09.92s   29d05m42.96s      2               0    5.861553e-07         447         431         409        16.112            0.005     16.145         16.145   16.146       16.144    0.022       0.018        11192972004340    2.7913320   29.0952950      100114      6   55429.293397200         528    16.150    21.039     27.650    2.150       2.338           0      131074            0            1    11192972 
   55429.303857200        16.167        0.022      1001142060002174    2.7913530   29.0952660   00h11m09.92s   29d05m42.96s      2               0    5.861553e-07         447         431         409        16.112            0.005     16.145         16.145   16.146       16.144    0.022       0.018        11192909004439    2.7913160   29.0952350      100114      6   55429.307277200         528    16.176    21.175     27.658    1.950       2.085           0      131072            0            1    11192909 
   55429.325947200        16.159        0.022      1001142060002174    2.7913530   29.0952660   00h11m09.92s   29d05m42.96s      2               0    5.861553e-07         447         431         409        16.112            0.005     16.145         16.145   16.146       16.144    0.022       0.018        11192969004305    2.7912640   29.0952650      100114      6   55429.329377200         528    16.165    20.817     27.667    2.850       3.019           0      131072            0            1    11192969 
   55429.338257200        16.141        0.022      1001142060002174    2.7913530   29.0952660   00h11m09.92s   29d05m42.96s      2               0    5.861553e-07         447         431         409        16.112            0.005     16.145         16.145   16.146       16.144    0.022       0.018        11192989004635    2.7913120   29.0952460      100114      6   55429.341677200         528    16.149    21.313     27.671    1.850       2.164           0      131072            0            1    11192989 
   55429.350427200        16.153        0.022      1001142060002174    2.7913530   29.0952660   00h11m09.92s   29d05m42.96s      2               0    5.861553e-07         447         431         409        16.112            0.005     16.145         16.145   16.146       16.144    0.022       0.018        11192990004716    2.7913090   29.0952290      100114      6   55429.353857200         528    16.157    21.343     27.674    1.850       1.960           0      131074            0            1    11192990 
   55429.363447200        16.131        0.022      1001142060002174    2.7913530   29.0952660   00h11m09.92s   29d05m42.96s      2               0    5.861553e-07         447         431         409        16.112            0.005     16.145         16.145   16.146       16.144    0.022       0.018        11193077004623    2.7913070   29.0952440      100114      6   55429.366877200         528    16.134    21.308     27.676    1.950       2.072           0      131074            0            1    11193077 
   55429.378167200        16.170        0.022      1001142060002174    2.7913530   29.0952660   00h11m09.92s   29d05m42.96s      2               0    5.861553e-07         447         431         409        16.112            0.005     16.145         16.145   16.146       16.144    0.022       0.018        11192950004807    2.7912710   29.0952100      100114      6   55429.381597200         528    16.174    21.391     27.679    1.850       2.064           0      131072            0            1    11192950 
   55429.392507200        16.130        0.022      1001142060002174    2.7913530   29.0952660   00h11m09.92s   29d05m42.96s      2               0    5.861553e-07         447         431         409        16.112            0.005     16.145         16.145   16.146       16.144    0.022       0.018        11192927004940    2.7912810   29.0952040      100114      6   55429.395937200         528    16.133    21.370     27.680    1.950       1.999           0      131074            0            1    11192927 
   55429.407947200        16.143        0.022      1001142060002174    2.7913530   29.0952660   00h11m09.92s   29d05m42.96s      2               0    5.861553e-07         447         431         409        16.112            0.005     16.145         16.145   16.146       16.144    0.022       0.018        11193021004919    2.7912690   29.0952040      100114      6   55429.411377200         528    16.145    21.410     27.680    1.950       2.167           0      131074            0            1    11193021 
   55429.422387200        16.129        0.022      1001142060002174    2.7913530   29.0952660   00h11m09.92s   29d05m42.96s      2               0    5.861553e-07         447         431         409        16.112            0.005     16.145         16.145   16.146       16.144    0.022       0.018        11193084005020    2.7912820   29.0952490      100114      6   55429.425817200         528    16.134    21.511     27.680    1.950       2.303           0      131072            0            1    11193084 
   55429.434587200        16.157        0.022      1001142060002174    2.7913530   29.0952660   00h11m09.92s   29d05m42.96s      2               0    5.861553e-07         447         431         409        16.112            0.005     16.145         16.145   16.146       16.144    0.022       0.018        11192920005162    2.7912600   29.0952150      100114      6   55429.438017200         528    16.163    21.599     27.680    2.050       2.180           0      131074            0            1    11192920 
   55429.447877200        16.141        0.022      1001142060002174    2.7913530   29.0952660   00h11m09.92s   29d05m42.96s      2               0    5.861553e-07         447         431         409        16.112            0.005     16.145         16.145   16.146       16.144    0.022       0.018        11193089005718    2.7912730   29.0952170      100114      6   55429.451317200         528    16.147    21.814     27.678    1.950       1.996           0      131074            0            1    11193089 
   55429.460877200        16.127        0.022      1001142060002174    2.7913530   29.0952660   00h11m09.92s   29d05m42.96s      2               0    5.861553e-07         447         431         409        16.112            0.005     16.145         16.145   16.146       16.144    0.022       0.018        11192939005684    2.7912590   29.0952470      100114      6   55429.464317200         528    16.134    21.836     27.677    1.950       1.979           0      131074            0            1    11192939 
   55429.481797200        16.156        0.022      1001142060002174    2.7913530   29.0952660   00h11m09.92s   29d05m42.96s      2               0    5.861553e-07         447         431         409        16.112            0.005     16.145         16.145   16.146       16.144    0.022       0.018        11192958005192    2.7912850   29.0952560      100114      6   55429.485227200         528    16.159    21.467     27.673    2.350       2.610           0      131072            0            1    11192958 
   55429.496887200        16.140        0.022      1001142060002174    2.7913530   29.0952660   00h11m09.92s   29d05m42.96s      2               0    5.861553e-07         447         431         409        16.112            0.005     16.145         16.145   16.146       16.144    0.022       0.018        11193044005430    2.7912620   29.0951950      100114      6   55429.500327200         528    16.145    21.703     27.668    2.050       2.207           0      131072            0            1    11193044 
   55534.112357200        16.215        0.329      1001142060002174    2.7913530   29.0952660   00h11m09.92s   29d05m42.96s      2               0    5.861553e-07         447         431         409        16.112            0.005     16.145         16.145   16.146       16.144    0.022       0.018        10652254001732    2.7913510   29.0952450      100114      6   55534.115357200         634    17.901    20.894     27.485    1.850       2.065           0      131072            0            1    10652254 
   55534.157547200        16.159        0.327      1001142060002174    2.7913530   29.0952660   00h11m09.92s   29d05m42.96s      2               0    5.861553e-07         447         431         409        16.112            0.005     16.145         16.145   16.146       16.144    0.022       0.018        10652245004227    2.7913530   29.0952980      100114      6   55534.160537200         634    16.282    21.279     27.415    1.950       1.986           0      131072            0            1    10652245 
   55535.197867200        16.203        0.192      1001142060002174    2.7913530   29.0952660   00h11m09.92s   29d05m42.96s      2               0    5.861553e-07         447         431         409        16.112            0.005     16.145         16.145   16.146       16.144    0.022       0.018        10697474002268    2.7913350   29.0952380      100114      6   55535.200787200         635    17.472    21.142     27.791    2.150       2.375           0      131072            0            1    10697474 
   55535.281217200        16.164        0.191      1001142060002174    2.7913530   29.0952660   00h11m09.92s   29d05m42.96s      2               0    5.861553e-07         447         431         409        16.112            0.005     16.145         16.145   16.146       16.144    0.022       0.018        10697390004658    2.7913130   29.0952520      100114      6   55535.284127200         635    16.251    21.398     27.732    2.250       2.315           0      131074            0            1    10697390 
   55541.099387200        16.147        0.142      1001142060002174    2.7913530   29.0952660   00h11m09.92s   29d05m42.96s      2               0    5.861553e-07         447         431         409        16.112            0.005     16.145         16.145   16.146       16.144    0.022       0.018        10678008004833    2.7913110   29.0952380      100114      6   55541.101837200         641    16.154    21.349     27.676    2.350       2.472           0      131074            0            1    10678008 
   55541.143167200        16.152        0.142      1001142060002174    2.7913530   29.0952660   00h11m09.92s   29d05m42.96s      2               0    5.861553e-07         447         431         409        16.112            0.005     16.145         16.145   16.146       16.144    0.022       0.018        10678401002753    2.7913070   29.0952220      100114      6   55541.145617200         641    16.851    21.014     27.735    2.150       2.412           0      131072            0            1    10678401 
   55542.095217200        16.159        0.100      1001142060002174    2.7913530   29.0952660   00h11m09.92s   29d05m42.96s      2               0    5.861553e-07         447         431         409        16.112            0.005     16.145         16.145   16.146       16.144    0.022       0.018        13776404003549    2.7913590   29.0952750      100114      6   55542.097587200         642    16.219    20.830     27.709    3.450       3.632           0      131074            0            1    13776404 
   55542.139567200        16.147        0.100      1001142060002174    2.7913530   29.0952660   00h11m09.92s   29d05m42.96s      2               0    5.861553e-07         447         431         409        16.112            0.005     16.145         16.145   16.146       16.144    0.022       0.018        13776431003062    2.7913500   29.0952770      100114      6   55542.141937200         642    16.146    20.383     27.543    3.650       3.765           0      131074            0            1    13776431 
   55558.213927200        16.154        0.032      1001142060002174    2.7913530   29.0952660   00h11m09.92s   29d05m42.96s      2               0    5.861553e-07         447         431         409        16.112            0.005     16.145         16.145   16.146       16.144    0.022       0.018        10709511004586    2.7913020   29.0952510      100114      6   55558.214887200         655    16.147    21.273     27.622    2.150       2.389           0      131072            0            1    10709511 
   55558.271377200        16.158        0.032      1001142060002174    2.7913530   29.0952660   00h11m09.92s   29d05m42.96s      2               0    5.861553e-07         447         431         409        16.112            0.005     16.145         16.145   16.146       16.144    0.022       0.018        10709512003947    2.7913340   29.0952430      100114      6   55558.272337200         655    16.165    20.853     27.582    2.350       2.598           0      131072            0            1    10709512 
   55576.094157200        16.161        0.092      1001142060002174    2.7913530   29.0952660   00h11m09.92s   29d05m42.96s      2               0    5.861553e-07         447         431         409        16.112            0.005     16.145         16.145   16.146       16.144    0.022       0.018        12841904001987    2.7913260   29.0952500      100114      6   55576.093467200         674    15.948    19.438     27.195    3.750       3.971           0      131072            0            1    12841904 
   55576.150007200        16.124        0.093      1001142060002174    2.7913530   29.0952660   00h11m09.92s   29d05m42.96s      2               0    5.861553e-07         447         431         409        16.112            0.005     16.145         16.145   16.146       16.144    0.022       0.018        12842064001574    2.7913340   29.0952640      100114      6   55576.149317200         674    16.020    19.206     27.284    4.850       5.631           0      131072            0            1    12842064 
   55577.102247200        16.172        0.062      1001142060002174    2.7913530   29.0952660   00h11m09.92s   29d05m42.96s      2               0    5.861553e-07         447         431         409        16.112            0.005     16.145         16.145   16.146       16.144    0.022       0.018         9789652002817    2.7913210   29.0952360      100114      6   55577.101467200         675    16.220    20.358     27.535    2.450       2.636           0      131072            0            1     9789652 
   55577.146087200        16.093        0.062      1001142060002174    2.7913530   29.0952660   00h11m09.92s   29d05m42.96s      2               0    5.861553e-07         447         431         409        16.112            0.005     16.145         16.145   16.146       16.144    0.022       0.018         9789569002655    2.7913330   29.0952350      100114      6   55577.145307200         675    16.047    20.137     27.476    2.850       4.323           0      131072            0            1     9789569 
   55578.109887200        16.145        0.098      1001142060002174    2.7913530   29.0952660   00h11m09.92s   29d05m42.96s      2               0    5.861553e-07         447         431         409        16.112            0.005     16.145         16.145   16.146       16.144    0.022       0.018         9785815001517    2.7912890   29.0952440      100114      6   55578.109017200         676    16.779    19.684     27.353    2.050       2.357           0      131072            0            1     9785815 
   55578.153077200        16.150        0.098      1001142060002174    2.7913530   29.0952660   00h11m09.92s   29d05m42.96s      2               0    5.861553e-07         447         431         409        16.112            0.005     16.145         16.145   16.146       16.144    0.022       0.018         9786013001539    2.7913030   29.0952630      100114      6   55578.152207200         676    16.762    19.707     27.373    2.050       2.263           0      131072            0            1     9786013 
   55579.112827200        16.155        0.023      1001142060002174    2.7913530   29.0952660   00h11m09.92s   29d05m42.96s      2               0    5.861553e-07         447         431         409        16.112            0.005     16.145         16.145   16.146       16.144    0.022       0.018         9782441003621    2.7912930   29.0952220      100114      6   55579.111867200         678    16.159    20.749     27.661    2.350       2.586           0      131072            0            1     9782441 
   55579.156017200        16.145        0.023      1001142060002174    2.7913530   29.0952660   00h11m09.92s   29d05m42.96s      2               0    5.861553e-07         447         431         409        16.112            0.005     16.145         16.145   16.146       16.144    0.022       0.018         9782278003347    2.7912860   29.0952350      100114      6   55579.155057200         678    16.153    20.710     27.643    2.150       2.411           0      131072            0            1     9782278 
   55584.132047200        16.139        0.032      1001142060002174    2.7913530   29.0952660   00h11m09.92s   29d05m42.96s      2               0    5.861553e-07         447         431         409        16.112            0.005     16.145         16.145   16.146       16.144    0.022       0.018         9808957004706    2.7913460   29.0952660      100114      6   55584.130637200         683    16.145    21.294     27.647    2.250       2.370           0      131074            0            1     9808957 
   55584.182437200        16.160        0.033      1001142060002174    2.7913530   29.0952660   00h11m09.92s   29d05m42.96s      2               0    5.861553e-07         447         431         409        16.112            0.005     16.145         16.145   16.146       16.144    0.022       0.018         9808947003463    2.7913590   29.0952530      100114      6   55584.181027200         683    16.171    20.677     27.594    3.250       3.465           0      131074            0            1     9808947 
   55585.136547200        16.126        0.028      1001142060002174    2.7913530   29.0952660   00h11m09.92s   29d05m42.96s      2               0    5.861553e-07         447         431         409        16.112            0.005     16.145         16.145   16.146       16.144    0.022       0.018         9806324003975    2.7913320   29.0952500      100114      6   55585.135047200         684    16.104    20.857     27.611    3.050       3.208           0      131074            0            1     9806324 
   55585.179607200        16.153        0.028      1001142060002174    2.7913530   29.0952660   00h11m09.92s   29d05m42.96s      2               0    5.861553e-07         447         431         409        16.112            0.005     16.145         16.145   16.146       16.144    0.022       0.018         9806296003463    2.7913570   29.0952500      100114      6   55585.178097200         684    16.157    20.616     27.581    3.250       3.545           0      131074            0            1     9806296 
   55779.256517200        16.153        0.028      1001142060002174    2.7913530   29.0952660   00h11m09.92s   29d05m42.96s      2               0    5.861553e-07         447         431         409        16.112            0.005     16.145         16.145   16.146       16.144    0.022       0.018        10316383004209    2.7913370   29.0952730      100114      6   55779.258837200         877    16.133    20.928     27.483    2.450       2.620           0      131074            0            1    10316383 
   55779.299377200        16.145        0.028      1001142060002174    2.7913530   29.0952660   00h11m09.92s   29d05m42.96s      2               0    5.861553e-07         447         431         409        16.112            0.005     16.145         16.145   16.146       16.144    0.022       0.018        10316555005129    2.7913310   29.0952670      100114      6   55779.301697200         877    16.137    21.540     27.539    1.950       2.249           0      131072            0            1    10316555 
   55780.252137200        16.149        0.024      1001142060002174    2.7913530   29.0952660   00h11m09.92s   29d05m42.96s      2               0    5.861553e-07         447         431         409        16.112            0.005     16.145         16.145   16.146       16.144    0.022       0.018        10350625004248    2.7913390   29.0952380      100114      6   55780.254537200         878    16.137    20.944     27.492    2.150       2.400           0      131072            0            1    10350625 
   55780.296807200        16.134        0.024      1001142060002174    2.7913530   29.0952660   00h11m09.92s   29d05m42.96s      2               0    5.861553e-07         447         431         409        16.112            0.005     16.145         16.145   16.146       16.144    0.022       0.018        10350740004719    2.7913330   29.0952710      100114      6   55780.299207200         878    16.133    21.337     27.547    2.150       2.185           0      131074            0            1    10350740 
   55782.250877200        16.167        0.023      1001142060002174    2.7913530   29.0952660   00h11m09.92s   29d05m42.96s      2               0    5.861553e-07         447         431         409        16.112            0.005     16.145         16.145   16.146       16.144    0.022       0.018        10353420003472    2.7913270   29.0952640      100114      6   55782.253427200         880    16.166    20.528     27.488    2.650       2.853           0      131072            0            1    10353420 
   55782.303637200        16.149        0.022      1001142060002174    2.7913530   29.0952660   00h11m09.92s   29d05m42.96s      2               0    5.861553e-07         447         431         409        16.112            0.005     16.145         16.145   16.146       16.144    0.022       0.018        10353354004257    2.7913560   29.0952460      100114      6   55782.306187200         880    16.160    20.897     27.552    2.450       2.564           0      131074            0            1    10353354 
   55783.257337200        16.068        0.027      1001142060002174    2.7913530   29.0952660   00h11m09.92s   29d05m42.96s      2               0    5.861553e-07         447         431         409        16.112            0.005     16.145         16.145   16.146       16.144    0.022       0.018        10358010002913    2.7913150   29.0952730      100114      6   55783.259957200         881    16.052    20.112     27.487    3.850       6.913           0      131072            0            1    10358010 
   55783.300977200        16.139        0.026      1001142060002174    2.7913530   29.0952660   00h11m09.92s   29d05m42.96s      2               0    5.861553e-07         447         431         409        16.112            0.005     16.145         16.145   16.146       16.144    0.022       0.018        10357986003548    2.7913330   29.0952680      100114      6   55783.303597200         881    16.134    20.520     27.538    3.150       3.266           0      131074            0            1    10357986 
   55793.206157200        16.139        0.030      1001142060002174    2.7913530   29.0952660   00h11m09.92s   29d05m42.96s      2               0    5.861553e-07         447         431         409        16.112            0.005     16.145         16.145   16.146       16.144    0.022       0.018        10377768004046    2.7913050   29.0952280      100114      6   55793.209487200         891    16.128    21.095     27.466    2.450       2.802           0      131072            0            1    10377768 
   55793.250257200        16.151        0.030      1001142060002174    2.7913530   29.0952660   00h11m09.92s   29d05m42.96s      2               0    5.861553e-07         447         431         409        16.112            0.005     16.145         16.145   16.146       16.144    0.022       0.018        10377837003580    2.7912770   29.0952040      100114      6   55793.253587200         891    16.145    20.830     27.532    2.250       2.602           0      131072            0            1    10377837 
   55794.261357200        16.162        0.059      1001142060002174    2.7913530   29.0952660   00h11m09.92s   29d05m42.96s      2               0    5.861553e-07         447         431         409        16.112            0.005     16.145         16.145   16.146       16.144    0.022       0.018        10379376004735    2.7913490   29.0952740      100114      6   55794.264757200         892    16.124    21.243     27.516    2.150       2.354           0      131072            0            1    10379376 
   55809.166937200        16.142        0.051      1001142060002174    2.7913530   29.0952660   00h11m09.92s   29d05m42.96s      2               0    5.861553e-07         447         431         409        16.112            0.005     16.145         16.145   16.146       16.144    0.022       0.018        10480861003101    2.7913680   29.0952600      100114      6   55809.171207200         907    16.169    20.290     27.318    3.050       3.047           0      131074            0            1    10480861 
   55821.413337200        16.149        0.024      1001142060002174    2.7913530   29.0952660   00h11m09.92s   29d05m42.96s      2               0    5.861553e-07         447         431         409        16.112            0.005     16.145         16.145   16.146       16.144    0.022       0.018        10510181003346    2.7913470   29.0952750      100114      6   55821.418127200         919    16.149    20.579     27.552    2.350       2.485           0      131074            0            1    10510181 
   55821.457057200        16.143        0.024      1001142060002174    2.7913530   29.0952660   00h11m09.92s   29d05m42.96s      2               0    5.861553e-07         447         431         409        16.112            0.005     16.145         16.145   16.146       16.144    0.022       0.018        10510059003200    2.7913440   29.0952720      100114      6   55821.461857200         919    16.139    20.477     27.541    2.450       2.751           0      131072            0            1    10510059 
   55822.363587200        16.138        0.025      1001142060002174    2.7913530   29.0952660   00h11m09.92s   29d05m42.96s      2               0    5.861553e-07         447         431         409        16.112            0.005     16.145         16.145   16.146       16.144    0.022       0.018        10515122003895    2.7913470   29.0952660      100114      6   55822.368417200         920    16.144    20.751     27.547    2.650       2.854           0      131072            0            1    10515122 
   55822.406567200        16.147        0.025      1001142060002174    2.7913530   29.0952660   00h11m09.92s   29d05m42.96s      2               0    5.861553e-07         447         431         409        16.112            0.005     16.145         16.145   16.146       16.144    0.022       0.018        10515141003755    2.7913370   29.0952760      100114      6   55822.411387200         920    16.153    20.969     27.546    2.050       2.323           0      131072            0            1    10515141 
   55838.116477200        16.153        0.026      1001142060002174    2.7913530   29.0952660   00h11m09.92s   29d05m42.96s      2               0    5.861553e-07         447         431         409        16.112            0.005     16.145         16.145   16.146       16.144    0.022       0.018        10569624003751    2.7913250   29.0952800      100114      6   55838.121647200         936    16.145    20.739     27.437    2.450       2.569           0      131072            0            1    10569624 
   55838.195117200        16.146        0.026      1001142060002174    2.7913530   29.0952660   00h11m09.92s   29d05m42.96s      2               0    5.861553e-07         447         431         409        16.112            0.005     16.145         16.145   16.146       16.144    0.022       0.018        10569664003906    2.7913620   29.0952750      100114      6   55838.200287200         936    16.135    20.964     27.495    2.450       2.646           0      131074            0            1    10569664 
   56203.167877200        16.138        0.024      1001142060002174    2.7913530   29.0952660   00h11m09.92s   29d05m42.96s      2               0    5.861553e-07         447         431         409        16.112            0.005     16.145         16.145   16.146       16.144    0.022       0.018        14294148003480    2.7913430   29.0952820      100114      6   56203.173047200        1300    16.143    20.789     27.679    1.950       2.148           0      131072            0            1    14294148 
   56537.326577200        16.130        0.023      1001142060002174    2.7913530   29.0952660   00h11m09.92s   29d05m42.96s      2               0    5.861553e-07         447         431         409        16.112            0.005     16.145         16.145   16.146       16.144    0.022       0.018        18124330005556    2.7913800   29.0952610      100114      6   56537.330727200        1611    16.135    21.843     27.607    1.850       2.058           0      131074            0            1    18124330 
   56537.518877200        16.166        0.023      1001142060002174    2.7913530   29.0952660   00h11m09.92s   29d05m42.96s      2               0    5.861553e-07         447         431         409        16.112            0.005     16.145         16.145   16.146       16.144    0.022       0.018        18124487004139    2.7913720   29.0952660      100114      6   56537.523037200        1611    16.177    21.118     27.583    1.850       2.072           0      131072            0            1    18124487 
   56540.454177200        16.127        0.100      1001142060002174    2.7913530   29.0952660   00h11m09.92s   29d05m42.96s      2               0    5.861553e-07         447         431         409        16.112            0.005     16.145         16.145   16.146       16.144    0.022       0.018        18197418005567    2.7913760   29.0952640      100114      6   56540.458497200        1614    16.060    21.677     27.524    1.950       2.059           0      131074            0            1    18197418 
   56545.226097200        16.146        0.062      1001142060002174    2.7913530   29.0952660   00h11m09.92s   29d05m42.96s      2               0    5.861553e-07         447         431         409        16.112            0.005     16.145         16.145   16.146       16.144    0.022       0.018        18261747004732    2.7913740   29.0952650      100114      6   56545.230637200        1619    16.008    21.274     27.309    2.050       2.132           0      131072            0            1    18261747 
   56600.264077200        16.140        0.040      1001142060002174    2.7913530   29.0952660   00h11m09.92s   29d05m42.96s      2               0    5.861553e-07         447         431         409        16.112            0.005     16.145         16.145   16.146       16.144    0.022       0.018        18183309005154    2.7913720   29.0952630      100114      6   56600.268797200        1674    16.135    21.610     27.631    2.150       2.349           0      131072            0            1    18183309 
   56600.387007200        16.104        0.042      1001142060002174    2.7913530   29.0952660   00h11m09.92s   29d05m42.96s      2               0    5.861553e-07         447         431         409        16.112            0.005     16.145         16.145   16.146       16.144    0.022       0.018        18183411002206    2.7913900   29.0952620      100114      6   56600.391717200        1674    16.955    20.625     27.518    3.350       3.852           0      131072            0            1    18183411 
   56606.100207200        16.170        0.375      1001142060002174    2.7913530   29.0952660   00h11m09.92s   29d05m42.96s      2               0    5.861553e-07         447         431         409        16.112            0.005     16.145         16.145   16.146       16.144    0.022       0.018        18296938003086    2.7913700   29.0952680      100114      6   56606.104677200        1680    16.148    20.316     27.229    2.250       2.311           0      131072            0            1    18296938 
   56606.160287200        16.176        0.375      1001142060002174    2.7913530   29.0952660   00h11m09.92s   29d05m42.96s      2               0    5.861553e-07         447         431         409        16.112            0.005     16.145         16.145   16.146       16.144    0.022       0.018        18296981002707    2.7913720   29.0952690      100114      6   56606.164757200        1680    16.455    20.496     27.385    2.050       2.201           0      131072            0            1    18296981 
   56606.185397200        16.169        0.375      1001142060002174    2.7913530   29.0952660   00h11m09.92s   29d05m42.96s      2               0    5.861553e-07         447         431         409        16.112            0.005     16.145         16.145   16.146       16.144    0.022       0.018        18297010004725    2.7913670   29.0952660      100114      6   56606.189857200        1680    15.789    20.900     27.283    2.150       2.378           0      131072            0            1    18297010 
