   55059.431477200        19.053        0.044      1001142060002070    2.8185870   29.0992700   00h11m16.46s   29d05m57.37s      2               0    8.370528e-07         440         440         424        19.029            0.007     19.076         19.076   19.094       19.093    0.112       0.109        11898981005783    2.8185150   29.0992730      100114      6   55059.434587200         173    19.053    21.471     27.274    2.350       2.468           0      131072            0            1    11898981 
   55059.454527200        18.966        0.043      1001142060002070    2.8185870   29.0992700   00h11m16.46s   29d05m57.37s      2               0    8.370528e-07         440         440         424        19.029            0.007     19.076         19.076   19.094       19.093    0.112       0.109        11899087005854    2.8185200   29.0992450      100114      6   55059.457637200         173    18.962    21.484     27.272    2.350       2.597           0      131072            0            1    11899087 
   55061.424747200        19.020        0.043      1001142060002070    2.8185870   29.0992700   00h11m16.46s   29d05m57.37s      2               0    8.370528e-07         440         440         424        19.029            0.007     19.076         19.076   19.094       19.093    0.112       0.109        11894878005895    2.8185100   29.0992660      100114      6   55061.427997200         175    19.012    21.590     27.245    2.350       2.666           0      131072            0            1    11894878 
   55061.462657200        19.037        0.043      1001142060002070    2.8185870   29.0992700   00h11m16.46s   29d05m57.37s      2               0    8.370528e-07         440         440         424        19.029            0.007     19.076         19.076   19.094       19.093    0.112       0.109        11894740006022    2.8184970   29.0992380      100114      6   55061.465917200         175    19.016    21.695     27.233    2.150       2.354           0      131072            0            1    11894740 
   55063.441527200        19.047        0.043      1001142060002070    2.8185870   29.0992700   00h11m16.46s   29d05m57.37s      2               0    8.370528e-07         440         440         424        19.029            0.007     19.076         19.076   19.094       19.093    0.112       0.109        11890493006276    2.8184910   29.0991840      100114      6   55063.444907200         177    19.042    21.697     27.224    2.150       2.104           0      131072            0            1    11890493 
   55063.486237200        19.125        0.042      1001142060002070    2.8185870   29.0992700   00h11m16.46s   29d05m57.37s      2               0    8.370528e-07         440         440         424        19.029            0.007     19.076         19.076   19.094       19.093    0.112       0.109        11890517006139    2.8184800   29.0992250      100114      6   55063.489627200         177    19.137    21.727     27.220    2.050       2.461           0      131072            0            1    11890517 
   55066.424917200        19.058        0.046      1001142060002070    2.8185870   29.0992700   00h11m16.46s   29d05m57.37s      2               0    8.370528e-07         440         440         424        19.029            0.007     19.076         19.076   19.094       19.093    0.112       0.109        11884710005948    2.8185330   29.0992330      100114      6   55066.428497200         180    19.053    21.568     27.204    2.150       2.435           0      131072            0            1    11884710 
   55066.469697200        19.068        0.046      1001142060002070    2.8185870   29.0992700   00h11m16.46s   29d05m57.37s      2               0    8.370528e-07         440         440         424        19.029            0.007     19.076         19.076   19.094       19.093    0.112       0.109        11884677006130    2.8185330   29.0992290      100114      6   55066.473277200         180    19.055    21.681     27.209    1.950       2.053           0      131072            0            1    11884677 
   55069.414127200        19.122        0.045      1001142060002070    2.8185870   29.0992700   00h11m16.46s   29d05m57.37s      2               0    8.370528e-07         440         440         424        19.029            0.007     19.076         19.076   19.094       19.093    0.112       0.109        11880809005947    2.8184410   29.0991940      100114      6   55069.417897200         183    19.120    21.568     27.264    2.050       2.189           0      131072            0            1    11880809 
   55069.459987200        19.087        0.046      1001142060002070    2.8185870   29.0992700   00h11m16.46s   29d05m57.37s      2               0    8.370528e-07         440         440         424        19.029            0.007     19.076         19.076   19.094       19.093    0.112       0.109        11880766005639    2.8184150   29.0991930      100114      6   55069.463757200         183    19.092    21.404     27.266    2.350       2.157           0      131072            0            1    11880766 
   55084.358307200        19.067        0.065      1001142060002070    2.8185870   29.0992700   00h11m16.46s   29d05m57.37s      2               0    8.370528e-07         440         440         424        19.029            0.007     19.076         19.076   19.094       19.093    0.112       0.109        11839089004531    2.8184720   29.0992260      100114      6   55084.362847200         196    19.070    20.971     27.269    2.050       1.803           0      131072            0            1    11839089 
   55084.403037200        20.096        0.170      1001142060002070    2.8185870   29.0992700   00h11m16.46s   29d05m57.37s      2               0    8.370528e-07         440         440         424        19.029            0.007     19.076         19.076   19.094       19.093    0.112       0.109        11839119002379    2.8183480   29.0991520      100114      6   55084.407577200         196    20.085    19.710     27.266    6.450       3.180           0           0            0            1    11839119 
   55089.350597200        19.168        0.049      1001142060002070    2.8185870   29.0992700   00h11m16.46s   29d05m57.37s      2               0    8.370528e-07         440         440         424        19.029            0.007     19.076         19.076   19.094       19.093    0.112       0.109        11854279005120    2.8185410   29.0992400      100114      6   55089.355347200         201    19.161    21.243     27.253    2.750       2.846           0      131072            0            1    11854279 
   55089.394887200        19.100        0.045      1001142060002070    2.8185870   29.0992700   00h11m16.46s   29d05m57.37s      2               0    8.370528e-07         440         440         424        19.029            0.007     19.076         19.076   19.094       19.093    0.112       0.109        11854251005609    2.8185080   29.0992920      100114      6   55089.399627200         201    19.100    21.536     27.271    2.150       2.357           0      131072            0            1    11854251 
   55093.335147200        19.056        0.044      1001142060002070    2.8185870   29.0992700   00h11m16.46s   29d05m57.37s      2               0    8.370528e-07         440         440         424        19.029            0.007     19.076         19.076   19.094       19.093    0.112       0.109        11854138006016    2.8184740   29.0992110      100114      6   55093.340027200         205    19.058    21.509     27.223    2.150       2.154           0      131072            0            1    11854138 
   55095.329827200        19.074        0.046      1001142060002070    2.8185870   29.0992700   00h11m16.46s   29d05m57.37s      2               0    8.370528e-07         440         440         424        19.029            0.007     19.076         19.076   19.094       19.093    0.112       0.109        11932331005792    2.8185730   29.0992700      100114      6   55095.334757200         207    19.077    21.453     27.262    2.350       2.444           0      131072            0            1    11932331 
   55114.378347200        19.124        0.133      1001142060002070    2.8185870   29.0992700   00h11m16.46s   29d05m57.37s      2               0    8.370528e-07         440         440         424        19.029            0.007     19.076         19.076   19.094       19.093    0.112       0.109        11806483005140    2.8185230   29.0992540      100114      6   55114.383547200         223    18.995    21.058     27.619    2.450       2.425           0      131072            0            1    11806483 
   55114.422287200        18.984        0.206      1001142060002070    2.8185870   29.0992700   00h11m16.46s   29d05m57.37s      2               0    8.370528e-07         440         440         424        19.029            0.007     19.076         19.076   19.094       19.093    0.112       0.109        11806409002170    2.8185690   29.0992500      100114      6   55114.427497200         223    19.664    20.299     27.419    2.350       2.057           0           0            0            1    11806409 
   55119.413187200        19.076        0.055      1001142060002070    2.8185870   29.0992700   00h11m16.46s   29d05m57.37s      2               0    8.370528e-07         440         440         424        19.029            0.007     19.076         19.076   19.094       19.093    0.112       0.109        11838687004957    2.8185360   29.0992750      100114      6   55119.418367200         228    19.093    21.301     27.716    2.350       2.860           0      131072            0            1    11838687 
   55123.287437200        19.036        0.048      1001142060002070    2.8185870   29.0992700   00h11m16.46s   29d05m57.37s      2               0    8.370528e-07         440         440         424        19.029            0.007     19.076         19.076   19.094       19.093    0.112       0.109        11812963005287    2.8185440   29.0992640      100114      6   55123.292577200         232    19.047    21.571     27.757    2.350       2.460           0      131072            0            1    11812963 
   55123.336467200        19.023        0.048      1001142060002070    2.8185870   29.0992700   00h11m16.46s   29d05m57.37s      2               0    8.370528e-07         440         440         424        19.029            0.007     19.076         19.076   19.094       19.093    0.112       0.109        11812935005435    2.8185610   29.0992750      100114      6   55123.341607200         232    19.029    21.513     27.749    2.350       3.202           0      131072            0            1    11812935 
   55138.211887200        19.296        0.113      1001142060002070    2.8185870   29.0992700   00h11m16.46s   29d05m57.37s      2               0    8.370528e-07         440         440         424        19.029            0.007     19.076         19.076   19.094       19.093    0.112       0.109        11788529002906    2.8184810   29.0992340      100114      6   55138.216647200         245    19.296    20.421     27.769    2.250       2.630           0      131072            0            1    11788529 
   55138.255917200        19.126        0.092      1001142060002070    2.8185870   29.0992700   00h11m16.46s   29d05m57.37s      2               0    8.370528e-07         440         440         424        19.029            0.007     19.076         19.076   19.094       19.093    0.112       0.109        11788408002919    2.8185170   29.0992140      100114      6   55138.260667200         245    19.126    20.370     27.771    2.350       2.779           0      131072            0            1    11788408 
   55142.296147200        19.090        0.055      1001142060002070    2.8185870   29.0992700   00h11m16.46s   29d05m57.37s      2               0    8.370528e-07         440         440         424        19.029            0.007     19.076         19.076   19.094       19.093    0.112       0.109        11792905004747    2.8185980   29.0992590      100114      6   55142.300737200         282    19.088    21.168     27.762    2.350       2.685           0      131072            0            1    11792905 
   55142.340347200        19.126        0.056      1001142060002070    2.8185870   29.0992700   00h11m16.46s   29d05m57.37s      2               0    8.370528e-07         440         440         424        19.029            0.007     19.076         19.076   19.094       19.093    0.112       0.109        11792944004379    2.8186310   29.0992670      100114      6   55142.344937200         282    19.127    21.053     27.747    2.350       2.738           0      131072            0            1    11792944 
   55144.317337200        19.126        0.090      1001142060002070    2.8185870   29.0992700   00h11m16.46s   29d05m57.37s      2               0    8.370528e-07         440         440         424        19.029            0.007     19.076         19.076   19.094       19.093    0.112       0.109        11799803004922    2.8185720   29.0992550      100114      6   55144.321847200         250    19.135    21.261     27.744    2.150       2.434           0      131072            0            1    11799803 
   55144.361137200        19.163        0.092      1001142060002070    2.8185870   29.0992700   00h11m16.46s   29d05m57.37s      2               0    8.370528e-07         440         440         424        19.029            0.007     19.076         19.076   19.094       19.093    0.112       0.109        11799911004595    2.8185780   29.0992710      100114      6   55144.365637200         250    19.201    21.199     27.747    2.050       2.392           0      131072            0            1    11799911 
   55152.173527200        19.088        0.050      1001142060002070    2.8185870   29.0992700   00h11m16.46s   29d05m57.37s      2               0    8.370528e-07         440         440         424        19.029            0.007     19.076         19.076   19.094       19.093    0.112       0.109        11803159004933    2.8185020   29.0992870      100114      6   55152.177637200         258    19.094    21.336     27.794    2.750       2.940           0      131072            0            1    11803159 
   55152.217537200        18.978        0.049      1001142060002070    2.8185870   29.0992700   00h11m16.46s   29d05m57.37s      2               0    8.370528e-07         440         440         424        19.029            0.007     19.076         19.076   19.094       19.093    0.112       0.109        11803084004992    2.8185740   29.0992380      100114      6   55152.221637200         258    18.977    21.356     27.788    2.650       3.133           0      131072            0            1    11803084 
   55166.229767200        19.321        0.096      1001142060002070    2.8185870   29.0992700   00h11m16.46s   29d05m57.37s      2               0    8.370528e-07         440         440         424        19.029            0.007     19.076         19.076   19.094       19.093    0.112       0.109        11770064003103    2.8185370   29.0992460      100114      6   55166.232957200         271    19.309    20.552     27.783    2.250       2.648           0      131072            0            1    11770064 
   55168.184237200        19.084        0.091      1001142060002070    2.8185870   29.0992700   00h11m16.46s   29d05m57.37s      2               0    8.370528e-07         440         440         424        19.029            0.007     19.076         19.076   19.094       19.093    0.112       0.109        12344573003516    2.8185440   29.0992670      100114      6   55168.187287200         273    19.077    20.737     27.781    2.350       3.376           0      131072            0            1    12344573 
   55168.274097200        19.213        0.078      1001142060002070    2.8185870   29.0992700   00h11m16.46s   29d05m57.37s      2               0    8.370528e-07         440         440         424        19.029            0.007     19.076         19.076   19.094       19.093    0.112       0.109        12344664003267    2.8185180   29.0993000      100114      6   55168.277137200         273    19.216    20.673     27.760    2.050       2.558           0      131072            0            1    12344664 
   55183.120247200        19.532        0.232      1001142060002070    2.8185870   29.0992700   00h11m16.46s   29d05m57.37s      2               0    8.370528e-07         440         440         424        19.029            0.007     19.076         19.076   19.094       19.093    0.112       0.109        11781797002433    2.8184610   29.0991620      100114      6   55183.122077200         279    20.315    20.592     27.691    2.550       2.901           0      131072            0            1    11781797 
   55183.164917200        19.091        0.188      1001142060002070    2.8185870   29.0992700   00h11m16.46s   29d05m57.37s      2               0    8.370528e-07         440         440         424        19.029            0.007     19.076         19.076   19.094       19.093    0.112       0.109        11781690005027    2.8185800   29.0992650      100114      6   55183.166757200         279    18.994    21.175     27.640    2.350       2.849           0      131072            0            1    11781690 
   55194.097327200        19.157        0.088      1001142060002070    2.8185870   29.0992700   00h11m16.46s   29d05m57.37s      2               0    8.370528e-07         440         440         424        19.029            0.007     19.076         19.076   19.094       19.093    0.112       0.109        12652253003512    2.8185980   29.0992520      100114      6   55194.098187200         302    18.253    19.782     26.867    2.350       2.883           0      131072            0            1    12652253 
   55197.089997200        19.836        0.159      1001142060002070    2.8185870   29.0992700   00h11m16.46s   29d05m57.37s      2               0    8.370528e-07         440         440         424        19.029            0.007     19.076         19.076   19.094       19.093    0.112       0.109        11691974002262    2.8185680   29.0992560      100114      6   55197.090587200         305    19.781    19.916     27.460    2.750       3.856           0      131072            0            1    11691974 
   55199.096657200        19.088        0.053      1001142060002070    2.8185870   29.0992700   00h11m16.46s   29d05m57.37s      2               0    8.370528e-07         440         440         424        19.029            0.007     19.076         19.076   19.094       19.093    0.112       0.109        14959062005026    2.8186000   29.0992840      100114      6   55199.097057200         307    19.078    21.360     27.780    2.450       2.522           0      131072            0            1    14959062 
   55201.108777200        19.165        0.074      1001142060002070    2.8185870   29.0992700   00h11m16.46s   29d05m57.37s      2               0    8.370528e-07         440         440         424        19.029            0.007     19.076         19.076   19.094       19.093    0.112       0.109        11702553003804    2.8185860   29.0992980      100114      6   55201.108987200         310    18.962    20.391     27.234    2.750       4.092           0      131072            0            1    11702553 
   55207.154177200        19.091        0.048      1001142060002070    2.8185870   29.0992700   00h11m16.46s   29d05m57.37s      2               0    8.370528e-07         440         440         424        19.029            0.007     19.076         19.076   19.094       19.093    0.112       0.109        11745244005443    2.8185730   29.0992190      100114      6   55207.153837200         316    19.077    21.574     27.742    1.950       2.356           0      131072            0            1    11745244 
   55209.134757200        19.030        0.072      1001142060002070    2.8185870   29.0992700   00h11m16.46s   29d05m57.37s      2               0    8.370528e-07         440         440         424        19.029            0.007     19.076         19.076   19.094       19.093    0.112       0.109        11741608005425    2.8185480   29.0992590      100114      6   55209.134227200         318    19.032    21.561     27.791    2.150       2.493           0      131072            0            1    11741608 
   55209.179387200        19.092        0.075      1001142060002070    2.8185870   29.0992700   00h11m16.46s   29d05m57.37s      2               0    8.370528e-07         440         440         424        19.029            0.007     19.076         19.076   19.094       19.093    0.112       0.109        11741584004657    2.8186040   29.0992920      100114      6   55209.178857200         318    19.073    21.186     27.741    2.650       3.515           0      131072            0            1    11741584 
   55422.309447200        19.018        0.046      1001142060002070    2.8185870   29.0992700   00h11m16.46s   29d05m57.37s      2               0    8.370528e-07         440         440         424        19.029            0.007     19.076         19.076   19.094       19.093    0.112       0.109        11149993005281    2.8185860   29.0992690      100114      6   55422.312387200         521    19.006    21.616     27.666    2.250       2.659           0      131072            0            1    11149993 
   55422.336907200        19.051        0.046      1001142060002070    2.8185870   29.0992700   00h11m16.46s   29d05m57.37s      2               0    8.370528e-07         440         440         424        19.029            0.007     19.076         19.076   19.094       19.093    0.112       0.109        11149840005114    2.8185900   29.0992700      100114      6   55422.339857200         521    19.044    21.584     27.679    2.550       2.839           0      131072            0            1    11149840 
   55422.350847200        19.000        0.043      1001142060002070    2.8185870   29.0992700   00h11m16.46s   29d05m57.37s      2               0    8.370528e-07         440         440         424        19.029            0.007     19.076         19.076   19.094       19.093    0.112       0.109        11150034005577    2.8185670   29.0992990      100114      6   55422.353787200         521    18.989    21.778     27.685    2.150       2.521           0      131072            0            1    11150034 
   55422.362757200        19.045        0.044      1001142060002070    2.8185870   29.0992700   00h11m16.46s   29d05m57.37s      2               0    8.370528e-07         440         440         424        19.029            0.007     19.076         19.076   19.094       19.093    0.112       0.109        11149808005454    2.8185550   29.0992750      100114      6   55422.365697200         521    19.038    21.773     27.688    2.250       2.458           0      131072            0            1    11149808 
   55422.374317200        19.080        0.045      1001142060002070    2.8185870   29.0992700   00h11m16.46s   29d05m57.37s      2               0    8.370528e-07         440         440         424        19.029            0.007     19.076         19.076   19.094       19.093    0.112       0.109        11149932005312    2.8185640   29.0992490      100114      6   55422.377267200         521    19.077    21.678     27.691    2.450       2.877           0      131072            0            1    11149932 
   55422.386737200        19.022        0.042      1001142060002070    2.8185870   29.0992700   00h11m16.46s   29d05m57.37s      2               0    8.370528e-07         440         440         424        19.029            0.007     19.076         19.076   19.094       19.093    0.112       0.109        11149844005790    2.8185650   29.0992500      100114      6   55422.389687200         521    19.017    21.949     27.693    1.950       2.537           0      131072            0            1    11149844 
   55422.399047200        19.104        0.046      1001142060002070    2.8185870   29.0992700   00h11m16.46s   29d05m57.37s      2               0    8.370528e-07         440         440         424        19.029            0.007     19.076         19.076   19.094       19.093    0.112       0.109        11149936005415    2.8186020   29.0992970      100114      6   55422.401997200         521    19.105    21.759     27.694    2.350       2.692           0      131072            0            1    11149936 
   55422.412987200        18.999        0.044      1001142060002070    2.8185870   29.0992700   00h11m16.46s   29d05m57.37s      2               0    8.370528e-07         440         440         424        19.029            0.007     19.076         19.076   19.094       19.093    0.112       0.109        11149893005190    2.8185760   29.0992200      100114      6   55422.415937200         521    18.998    21.756     27.695    2.350       2.736           0      131072            0            1    11149893 
   55422.426747200        19.110        0.047      1001142060002070    2.8185870   29.0992700   00h11m16.46s   29d05m57.37s      2               0    8.370528e-07         440         440         424        19.029            0.007     19.076         19.076   19.094       19.093    0.112       0.109        11149865005471    2.8185720   29.0992920      100114      6   55422.429697200         521    19.106    21.736     27.695    2.350       2.968           0      131072            0            1    11149865 
   55422.439457200        19.096        0.045      1001142060002070    2.8185870   29.0992700   00h11m16.46s   29d05m57.37s      2               0    8.370528e-07         440         440         424        19.029            0.007     19.076         19.076   19.094       19.093    0.112       0.109        11149856005565    2.8185520   29.0992470      100114      6   55422.442407200         521    19.091    21.701     27.695    2.450       2.774           0      131072            0            1    11149856 
   55422.452697200        19.119        0.047      1001142060002070    2.8185870   29.0992700   00h11m16.46s   29d05m57.37s      2               0    8.370528e-07         440         440         424        19.029            0.007     19.076         19.076   19.094       19.093    0.112       0.109        11149851005513    2.8185320   29.0992640      100114      6   55422.455647200         521    19.111    21.656     27.693    2.550       2.943           0      131072            0            1    11149851 
   55422.466737200        19.024        0.045      1001142060002070    2.8185870   29.0992700   00h11m16.46s   29d05m57.37s      2               0    8.370528e-07         440         440         424        19.029            0.007     19.076         19.076   19.094       19.093    0.112       0.109        11150061005332    2.8185220   29.0992800      100114      6   55422.469687200         521    19.018    21.569     27.691    2.750       3.035           0      131072            0            1    11150061 
   55422.483747200        19.033        0.044      1001142060002070    2.8185870   29.0992700   00h11m16.46s   29d05m57.37s      2               0    8.370528e-07         440         440         424        19.029            0.007     19.076         19.076   19.094       19.093    0.112       0.109        11149979005426    2.8185250   29.0992500      100114      6   55422.486707200         521    19.025    21.720     27.687    2.350       2.656           0      131072            0            1    11149979 
   55422.498897200        18.976        0.049      1001142060002070    2.8185870   29.0992700   00h11m16.46s   29d05m57.37s      2               0    8.370528e-07         440         440         424        19.029            0.007     19.076         19.076   19.094       19.093    0.112       0.109        11149810004960    2.8185440   29.0992700      100114      6   55422.501857200         521    18.970    21.492     27.683    2.450       2.651           0      131072            0            1    11149810 
   55423.307897200        19.088        0.047      1001142060002070    2.8185870   29.0992700   00h11m16.46s   29d05m57.37s      2               0    8.370528e-07         440         440         424        19.029            0.007     19.076         19.076   19.094       19.093    0.112       0.109        11147042005451    2.8185750   29.0992460      100114      6   55423.310907200         522    19.081    21.691     27.662    2.050       2.464           0      131072            0            1    11147042 
   55423.325617200        19.052        0.045      1001142060002070    2.8185870   29.0992700   00h11m16.46s   29d05m57.37s      2               0    8.370528e-07         440         440         424        19.029            0.007     19.076         19.076   19.094       19.093    0.112       0.109        11147017005559    2.8185730   29.0992750      100114      6   55423.328627200         522    19.044    21.731     27.670    2.050       2.431           0      131072            0            1    11147017 
   55423.339857200        19.087        0.044      1001142060002070    2.8185870   29.0992700   00h11m16.46s   29d05m57.37s      2               0    8.370528e-07         440         440         424        19.029            0.007     19.076         19.076   19.094       19.093    0.112       0.109        11147166005459    2.8185940   29.0992500      100114      6   55423.342877200         522    19.078    21.672     27.674    2.250       2.413           0      131072            0            1    11147166 
   55423.353677200        19.049        0.044      1001142060002070    2.8185870   29.0992700   00h11m16.46s   29d05m57.37s      2               0    8.370528e-07         440         440         424        19.029            0.007     19.076         19.076   19.094       19.093    0.112       0.109        11147138005668    2.8185790   29.0992800      100114      6   55423.356697200         522    19.043    21.888     27.677    1.850       2.291           0      131072            0            1    11147138 
   55423.365657200        19.059        0.044      1001142060002070    2.8185870   29.0992700   00h11m16.46s   29d05m57.37s      2               0    8.370528e-07         440         440         424        19.029            0.007     19.076         19.076   19.094       19.093    0.112       0.109        11146989005843    2.8185710   29.0992940      100114      6   55423.368677200         522    19.051    21.919     27.679    1.850       2.220           0      131072            0            1    11146989 
   55423.382637200        18.955        0.042      1001142060002070    2.8185870   29.0992700   00h11m16.46s   29d05m57.37s      2               0    8.370528e-07         440         440         424        19.029            0.007     19.076         19.076   19.094       19.093    0.112       0.109        11147033005844    2.8185930   29.0992300      100114      6   55423.385657200         522    18.948    21.777     27.681    2.150       2.402           0      131072            0            1    11147033 
   55423.397187200        19.051        0.044      1001142060002070    2.8185870   29.0992700   00h11m16.46s   29d05m57.37s      2               0    8.370528e-07         440         440         424        19.029            0.007     19.076         19.076   19.094       19.093    0.112       0.109        11147208005774    2.8185540   29.0992570      100114      6   55423.400207200         522    19.047    21.861     27.682    2.050       2.354           0      131072            0            1    11147208 
   55423.412007200        19.040        0.043      1001142060002070    2.8185870   29.0992700   00h11m16.46s   29d05m57.37s      2               0    8.370528e-07         440         440         424        19.029            0.007     19.076         19.076   19.094       19.093    0.112       0.109        11147124005755    2.8185460   29.0992630      100114      6   55423.415027200         522    19.034    21.848     27.682    2.050       2.465           0      131072            0            1    11147124 
   55423.426547200        19.010        0.040      1001142060002070    2.8185870   29.0992700   00h11m16.46s   29d05m57.37s      2               0    8.370528e-07         440         440         424        19.029            0.007     19.076         19.076   19.094       19.093    0.112       0.109        11147117005872    2.8185700   29.0992330      100114      6   55423.429567200         522    19.006    21.978     27.682    1.850       1.933           0      131072            0            1    11147117 
   55423.440577200        19.076        0.043      1001142060002070    2.8185870   29.0992700   00h11m16.46s   29d05m57.37s      2               0    8.370528e-07         440         440         424        19.029            0.007     19.076         19.076   19.094       19.093    0.112       0.109        11147201005132    2.8185690   29.0993190      100114      6   55423.443597200         522    19.073    21.808     27.681    2.150       2.568           0      131072            0            1    11147201 
   55423.466517200        19.161        0.046      1001142060002070    2.8185870   29.0992700   00h11m16.46s   29d05m57.37s      2               0    8.370528e-07         440         440         424        19.029            0.007     19.076         19.076   19.094       19.093    0.112       0.109        11147175005655    2.8185430   29.0992200      100114      6   55423.469537200         522    19.155    21.797     27.677    2.150       2.522           0      131072            0            1    11147175 
   55423.482907200        19.002        0.044      1001142060002070    2.8185870   29.0992700   00h11m16.46s   29d05m57.37s      2               0    8.370528e-07         440         440         424        19.029            0.007     19.076         19.076   19.094       19.093    0.112       0.109        11147187005444    2.8185540   29.0992540      100114      6   55423.485927200         522    18.992    21.805     27.674    2.050       2.421           0      131072            0            1    11147187 
   55424.318437200        19.055        0.051      1001142060002070    2.8185870   29.0992700   00h11m16.46s   29d05m57.37s      2               0    8.370528e-07         440         440         424        19.029            0.007     19.076         19.076   19.094       19.093    0.112       0.109        11144697005267    2.8186150   29.0992840      100114      6   55424.321517200         523    19.033    21.634     27.585    2.050       2.425           0      131072            0            1    11144697 
   55424.332167200        19.077        0.053      1001142060002070    2.8185870   29.0992700   00h11m16.46s   29d05m57.37s      2               0    8.370528e-07         440         440         424        19.029            0.007     19.076         19.076   19.094       19.093    0.112       0.109        11144728005121    2.8185910   29.0992950      100114      6   55424.335247200         523    19.086    21.575     27.596    2.250       2.591           0      131072            0            1    11144728 
   55424.348687200        19.031        0.052      1001142060002070    2.8185870   29.0992700   00h11m16.46s   29d05m57.37s      2               0    8.370528e-07         440         440         424        19.029            0.007     19.076         19.076   19.094       19.093    0.112       0.109        11144712005293    2.8185610   29.0992620      100114      6   55424.351777200         523    19.027    21.661     27.607    2.150       2.378           0      131072            0            1    11144712 
   55424.360497200        18.996        0.049      1001142060002070    2.8185870   29.0992700   00h11m16.46s   29d05m57.37s      2               0    8.370528e-07         440         440         424        19.029            0.007     19.076         19.076   19.094       19.093    0.112       0.109        11144729005391    2.8185920   29.0992550      100114      6   55424.363587200         523    18.988    21.644     27.613    2.250       2.520           0      131072            0            1    11144729 
   55424.373007200        19.023        0.049      1001142060002070    2.8185870   29.0992700   00h11m16.46s   29d05m57.37s      2               0    8.370528e-07         440         440         424        19.029            0.007     19.076         19.076   19.094       19.093    0.112       0.109        11144736005504    2.8185740   29.0993340      100114      6   55424.376097200         523    19.014    21.800     27.619    1.950       2.122           0      131072            0            1    11144736 
   55424.386287200        19.058        0.050      1001142060002070    2.8185870   29.0992700   00h11m16.46s   29d05m57.37s      2               0    8.370528e-07         440         440         424        19.029            0.007     19.076         19.076   19.094       19.093    0.112       0.109        11144739005489    2.8185810   29.0992700      100114      6   55424.389377200         523    19.057    21.770     27.625    2.050       2.262           0      131072            0            1    11144739 
   55424.399217200        19.002        0.049      1001142060002070    2.8185870   29.0992700   00h11m16.46s   29d05m57.37s      2               0    8.370528e-07         440         440         424        19.029            0.007     19.076         19.076   19.094       19.093    0.112       0.109        11144897005651    2.8185630   29.0992610      100114      6   55424.402307200         523    18.997    21.795     27.629    2.050       2.301           0      131072            0            1    11144897 
   55424.413257200        19.085        0.050      1001142060002070    2.8185870   29.0992700   00h11m16.46s   29d05m57.37s      2               0    8.370528e-07         440         440         424        19.029            0.007     19.076         19.076   19.094       19.093    0.112       0.109        11144757005704    2.8185350   29.0992660      100114      6   55424.416347200         523    19.080    21.805     27.633    2.050       2.329           0      131072            0            1    11144757 
   55424.428257200        19.005        0.048      1001142060002070    2.8185870   29.0992700   00h11m16.46s   29d05m57.37s      2               0    8.370528e-07         440         440         424        19.029            0.007     19.076         19.076   19.094       19.093    0.112       0.109        11144756005610    2.8185450   29.0992330      100114      6   55424.431347200         523    19.005    21.761     27.636    2.150       2.465           0      131072            0            1    11144756 
   55424.456717200        19.078        0.050      1001142060002070    2.8185870   29.0992700   00h11m16.46s   29d05m57.37s      2               0    8.370528e-07         440         440         424        19.029            0.007     19.076         19.076   19.094       19.093    0.112       0.109        11144849005512    2.8185610   29.0992490      100114      6   55424.459807200         523    19.081    21.652     27.639    2.350       2.483           0      131072            0            1    11144849 
   55424.469517200        19.052        0.049      1001142060002070    2.8185870   29.0992700   00h11m16.46s   29d05m57.37s      2               0    8.370528e-07         440         440         424        19.029            0.007     19.076         19.076   19.094       19.093    0.112       0.109        11144704005572    2.8185520   29.0992980      100114      6   55424.472607200         523    19.053    21.753     27.639    2.150       2.454           0      131072            0            1    11144704 
   55424.484247200        19.047        0.049      1001142060002070    2.8185870   29.0992700   00h11m16.46s   29d05m57.37s      2               0    8.370528e-07         440         440         424        19.029            0.007     19.076         19.076   19.094       19.093    0.112       0.109        11144794005527    2.8185440   29.0992910      100114      6   55424.487347200         523    19.052    21.790     27.639    2.050       2.272           0      131072            0            1    11144794 
   55424.496347200        19.067        0.050      1001142060002070    2.8185870   29.0992700   00h11m16.46s   29d05m57.37s      2               0    8.370528e-07         440         440         424        19.029            0.007     19.076         19.076   19.094       19.093    0.112       0.109        11144863005634    2.8185630   29.0992290      100114      6   55424.499437200         523    19.070    21.793     27.638    1.950       2.124           0      131072            0            1    11144863 
   55424.510947200        19.104        0.065      1001142060002070    2.8185870   29.0992700   00h11m16.46s   29d05m57.37s      2               0    8.370528e-07         440         440         424        19.029            0.007     19.076         19.076   19.094       19.093    0.112       0.109        11144852003946    2.8185300   29.0992070      100114      6   55424.514047200         523    19.111    20.941     27.635    2.150       2.244           0      131072            0            1    11144852 
   55425.307457200        19.071        0.055      1001142060002070    2.8185870   29.0992700   00h11m16.46s   29d05m57.37s      2               0    8.370528e-07         440         440         424        19.029            0.007     19.076         19.076   19.094       19.093    0.112       0.109        11141871005442    2.8185640   29.0992250      100114      6   55425.310607200         524    19.079    21.764     27.577    1.850       2.174           0      131072            0            1    11141871 
   55425.337167200        19.065        0.054      1001142060002070    2.8185870   29.0992700   00h11m16.46s   29d05m57.37s      2               0    8.370528e-07         440         440         424        19.029            0.007     19.076         19.076   19.094       19.093    0.112       0.109        11141949005474    2.8185740   29.0992550      100114      6   55425.340317200         524    19.080    21.827     27.603    1.850       2.291           0      131072            0            1    11141949 
   55425.350517200        19.002        0.053      1001142060002070    2.8185870   29.0992700   00h11m16.46s   29d05m57.37s      2               0    8.370528e-07         440         440         424        19.029            0.007     19.076         19.076   19.094       19.093    0.112       0.109        11141931005527    2.8185500   29.0992530      100114      6   55425.353677200         524    19.013    21.791     27.611    1.950       2.247           0      131072            0            1    11141931 
   55425.388077200        19.031        0.053      1001142060002070    2.8185870   29.0992700   00h11m16.46s   29d05m57.37s      2               0    8.370528e-07         440         440         424        19.029            0.007     19.076         19.076   19.094       19.093    0.112       0.109        11141831005681    2.8185680   29.0992410      100114      6   55425.391237200         524    19.036    21.932     27.624    1.750       2.125           0      131072            0            1    11141831 
   55425.404397200        19.129        0.053      1001142060002070    2.8185870   29.0992700   00h11m16.46s   29d05m57.37s      2               0    8.370528e-07         440         440         424        19.029            0.007     19.076         19.076   19.094       19.093    0.112       0.109        11141784005820    2.8185270   29.0992200      100114      6   55425.407557200         524    19.131    21.953     27.626    1.750       1.848           0      131072            0            1    11141784 
   55425.418827200        19.110        0.053      1001142060002070    2.8185870   29.0992700   00h11m16.46s   29d05m57.37s      2               0    8.370528e-07         440         440         424        19.029            0.007     19.076         19.076   19.094       19.093    0.112       0.109        11141881005669    2.8185170   29.0992520      100114      6   55425.421987200         524    19.115    21.910     27.626    1.850       1.941           0      131072            0            1    11141881 
   55425.433137200        19.072        0.052      1001142060002070    2.8185870   29.0992700   00h11m16.46s   29d05m57.37s      2               0    8.370528e-07         440         440         424        19.029            0.007     19.076         19.076   19.094       19.093    0.112       0.109        11141759005788    2.8185110   29.0992180      100114      6   55425.436297200         524    19.081    21.967     27.623    1.750       1.926           0      131072            0            1    11141759 
   55425.447817200        19.071        0.053      1001142060002070    2.8185870   29.0992700   00h11m16.46s   29d05m57.37s      2               0    8.370528e-07         440         440         424        19.029            0.007     19.076         19.076   19.094       19.093    0.112       0.109        11141908005590    2.8185450   29.0992550      100114      6   55425.450977200         524    19.074    21.839     27.619    1.950       2.383           0      131072            0            1    11141908 
   55425.462417200        19.060        0.053      1001142060002070    2.8185870   29.0992700   00h11m16.46s   29d05m57.37s      2               0    8.370528e-07         440         440         424        19.029            0.007     19.076         19.076   19.094       19.093    0.112       0.109        11141844005494    2.8185300   29.0992390      100114      6   55425.465587200         524    19.053    21.780     27.613    2.050       2.321           0      131072            0            1    11141844 
   55425.474857200        19.089        0.060      1001142060002070    2.8185870   29.0992700   00h11m16.46s   29d05m57.37s      2               0    8.370528e-07         440         440         424        19.029            0.007     19.076         19.076   19.094       19.093    0.112       0.109        11141807004732    2.8185260   29.0992410      100114      6   55425.478027200         524    19.085    21.402     27.606    2.450       2.776           0      131072            0            1    11141807 
   55425.490117200        18.947        0.052      1001142060002070    2.8185870   29.0992700   00h11m16.46s   29d05m57.37s      2               0    8.370528e-07         440         440         424        19.029            0.007     19.076         19.076   19.094       19.093    0.112       0.109        11141887005305    2.8185540   29.0992510      100114      6   55425.493277200         524    18.932    21.711     27.596    2.050       2.210           0      131072            0            1    11141887 
   55425.508007200        19.070        0.064      1001142060002070    2.8185870   29.0992700   00h11m16.46s   29d05m57.37s      2               0    8.370528e-07         440         440         424        19.029            0.007     19.076         19.076   19.094       19.093    0.112       0.109        11141907004343    2.8185440   29.0991820      100114      6   55425.511177200         524    19.047    21.178     27.581    1.850       2.238           0      131072            0            1    11141907 
   55426.298337200        19.147        0.084      1001142060002070    2.8185870   29.0992700   00h11m16.46s   29d05m57.37s      2               0    8.370528e-07         440         440         424        19.029            0.007     19.076         19.076   19.094       19.093    0.112       0.109        11198449004452    2.8186060   29.0992730      100114      6   55426.301557200         525    19.256    21.363     27.589    1.950       2.303           0      131072            0            1    11198449 
   55426.310667200        19.102        0.083      1001142060002070    2.8185870   29.0992700   00h11m16.46s   29d05m57.37s      2               0    8.370528e-07         440         440         424        19.029            0.007     19.076         19.076   19.094       19.093    0.112       0.109        11198465004712    2.8186120   29.0992740      100114      6   55426.313897200         525    19.135    21.440     27.602    2.150       2.772           0      131072            0            1    11198465 
   55426.323307200        18.969        0.079      1001142060002070    2.8185870   29.0992700   00h11m16.46s   29d05m57.37s      2               0    8.370528e-07         440         440         424        19.029            0.007     19.076         19.076   19.094       19.093    0.112       0.109        11198500005062    2.8185890   29.0992610      100114      6   55426.326537200         525    19.020    21.648     27.613    1.950       2.116           0      131072            0            1    11198500 
   55426.336037200        19.028        0.077      1001142060002070    2.8185870   29.0992700   00h11m16.46s   29d05m57.37s      2               0    8.370528e-07         440         440         424        19.029            0.007     19.076         19.076   19.094       19.093    0.112       0.109        11198463005547    2.8185560   29.0992320      100114      6   55426.339267200         525    18.999    21.828     27.622    1.850       2.066           0      131072            0            1    11198463 
   55426.350587200        19.011        0.076      1001142060002070    2.8185870   29.0992700   00h11m16.46s   29d05m57.37s      2               0    8.370528e-07         440         440         424        19.029            0.007     19.076         19.076   19.094       19.093    0.112       0.109        11198423005613    2.8185700   29.0992500      100114      6   55426.353817200         525    18.985    21.803     27.629    1.950       2.150           0      131072            0            1    11198423 
   55426.364347200        19.096        0.077      1001142060002070    2.8185870   29.0992700   00h11m16.46s   29d05m57.37s      2               0    8.370528e-07         440         440         424        19.029            0.007     19.076         19.076   19.094       19.093    0.112       0.109        11198510005431    2.8185300   29.0992400      100114      6   55426.367577200         525    19.075    21.765     27.634    2.050       2.303           0      131072            0            1    11198510 
   55426.392757200        18.978        0.077      1001142060002070    2.8185870   29.0992700   00h11m16.46s   29d05m57.37s      2               0    8.370528e-07         440         440         424        19.029            0.007     19.076         19.076   19.094       19.093    0.112       0.109        11198443005652    2.8185060   29.0991960      100114      6   55426.395987200         525    18.954    21.837     27.636    1.950       2.293           0      131072            0            1    11198443 
   55426.406357200        19.075        0.077      1001142060002070    2.8185870   29.0992700   00h11m16.46s   29d05m57.37s      2               0    8.370528e-07         440         440         424        19.029            0.007     19.076         19.076   19.094       19.093    0.112       0.109        11198401005903    2.8185450   29.0991930      100114      6   55426.409587200         525    19.048    21.906     27.635    1.850       2.193           0      131072            0            1    11198401 
   55426.418877200        19.143        0.078      1001142060002070    2.8185870   29.0992700   00h11m16.46s   29d05m57.37s      2               0    8.370528e-07         440         440         424        19.029            0.007     19.076         19.076   19.094       19.093    0.112       0.109        11198404005711    2.8185450   29.0992590      100114      6   55426.422107200         525    19.118    21.847     27.632    1.950       2.048           0      131072            0            1    11198404 
   55426.430467200        19.110        0.080      1001142060002070    2.8185870   29.0992700   00h11m16.46s   29d05m57.37s      2               0    8.370528e-07         440         440         424        19.029            0.007     19.076         19.076   19.094       19.093    0.112       0.109        11198542005317    2.8185220   29.0991790      100114      6   55426.433697200         525    19.095    21.667     27.628    1.950       2.314           0      131072            0            1    11198542 
   55426.460817200        19.054        0.077      1001142060002070    2.8185870   29.0992700   00h11m16.46s   29d05m57.37s      2               0    8.370528e-07         440         440         424        19.029            0.007     19.076         19.076   19.094       19.093    0.112       0.109        11198420005753    2.8185180   29.0992230      100114      6   55426.464057200         525    19.010    21.878     27.612    1.850       2.248           0      131072            0            1    11198420 
   55426.473597200        19.031        0.081      1001142060002070    2.8185870   29.0992700   00h11m16.46s   29d05m57.37s      2               0    8.370528e-07         440         440         424        19.029            0.007     19.076         19.076   19.094       19.093    0.112       0.109        11198486004795    2.8185560   29.0992300      100114      6   55426.476837200         525    19.134    21.555     27.602    2.050       2.094           0      131072            0            1    11198486 
   55426.489177200        19.105        0.078      1001142060002070    2.8185870   29.0992700   00h11m16.46s   29d05m57.37s      2               0    8.370528e-07         440         440         424        19.029            0.007     19.076         19.076   19.094       19.093    0.112       0.109        11198427005394    2.8185430   29.0992600      100114      6   55426.492417200         525    19.043    21.687     27.589    2.050       2.455           0      131072            0            1    11198427 
   55428.291957200        19.059        0.054      1001142060002070    2.8185870   29.0992700   00h11m16.46s   29d05m57.37s      2               0    8.370528e-07         440         440         424        19.029            0.007     19.076         19.076   19.094       19.093    0.112       0.109        11194687004572    2.8186050   29.0992890      100114      6   55428.295317200         527    19.065    21.113     27.655    2.250       2.683           0      131072            0            1    11194687 
   55428.308157200        19.120        0.063      1001142060002070    2.8185870   29.0992700   00h11m16.46s   29d05m57.37s      2               0    8.370528e-07         440         440         424        19.029            0.007     19.076         19.076   19.094       19.093    0.112       0.109        11194616004663    2.8186020   29.0992600      100114      6   55428.311517200         527    19.127    21.311     27.664    1.950       2.606           0      131072            0            1    11194616 
   55428.321847200        19.039        0.055      1001142060002070    2.8185870   29.0992700   00h11m16.46s   29d05m57.37s      2               0    8.370528e-07         440         440         424        19.029            0.007     19.076         19.076   19.094       19.093    0.112       0.109        11194651004631    2.8185990   29.0992290      100114      6   55428.325207200         527    19.053    21.226     27.671    2.150       2.268           0      131072            0            1    11194651 
   55428.336167200        19.219        0.052      1001142060002070    2.8185870   29.0992700   00h11m16.46s   29d05m57.37s      2               0    8.370528e-07         440         440         424        19.029            0.007     19.076         19.076   19.094       19.093    0.112       0.109        11194587004924    2.8185820   29.0992640      100114      6   55428.339527200         527    19.230    21.426     27.676    1.850       2.000           0      131072            0            1    11194587 
   55428.349097200        19.034        0.049      1001142060002070    2.8185870   29.0992700   00h11m16.46s   29d05m57.37s      2               0    8.370528e-07         440         440         424        19.029            0.007     19.076         19.076   19.094       19.093    0.112       0.109        11194665004811    2.8185910   29.0992410      100114      6   55428.352457200         527    19.045    21.329     27.680    2.050       2.484           0      131072            0            1    11194665 
   55428.363187200        19.067        0.049      1001142060002070    2.8185870   29.0992700   00h11m16.46s   29d05m57.37s      2               0    8.370528e-07         440         440         424        19.029            0.007     19.076         19.076   19.094       19.093    0.112       0.109        11194549005056    2.8185550   29.0992140      100114      6   55428.366547200         527    19.078    21.491     27.684    1.850       2.103           0      131072            0            1    11194549 
   55428.377497200        19.013        0.047      1001142060002070    2.8185870   29.0992700   00h11m16.46s   29d05m57.37s      2               0    8.370528e-07         440         440         424        19.029            0.007     19.076         19.076   19.094       19.093    0.112       0.109        11194527005053    2.8185610   29.0991790      100114      6   55428.380867200         527    19.027    21.509     27.686    1.950       2.259           0      131072            0            1    11194527 
   55428.389627200        19.033        0.047      1001142060002070    2.8185870   29.0992700   00h11m16.46s   29d05m57.37s      2               0    8.370528e-07         440         440         424        19.029            0.007     19.076         19.076   19.094       19.093    0.112       0.109        11194569005228    2.8185650   29.0992630      100114      6   55428.392997200         527    19.046    21.649     27.688    1.850       2.196           0      131072            0            1    11194569 
   55428.426357200        19.062        0.045      1001142060002070    2.8185870   29.0992700   00h11m16.46s   29d05m57.37s      2               0    8.370528e-07         440         440         424        19.029            0.007     19.076         19.076   19.094       19.093    0.112       0.109        11194633005491    2.8185040   29.0991970      100114      6   55428.429717200         527    19.072    21.756     27.690    2.050       2.348           0      131072            0            1    11194633 
   55428.453277200        19.091        0.046      1001142060002070    2.8185870   29.0992700   00h11m16.46s   29d05m57.37s      2               0    8.370528e-07         440         440         424        19.029            0.007     19.076         19.076   19.094       19.093    0.112       0.109        11194522005603    2.8185350   29.0992630      100114      6   55428.456647200         527    19.100    21.744     27.688    2.050       2.201           0      131072            0            1    11194522 
   55428.465197200        19.067        0.044      1001142060002070    2.8185870   29.0992700   00h11m16.46s   29d05m57.37s      2               0    8.370528e-07         440         440         424        19.029            0.007     19.076         19.076   19.094       19.093    0.112       0.109        11194476005449    2.8185370   29.0992450      100114      6   55428.468567200         527    19.079    21.784     27.687    1.950       2.287           0      131072            0            1    11194476 
   55428.478057200        19.053        0.046      1001142060002070    2.8185870   29.0992700   00h11m16.46s   29d05m57.37s      2               0    8.370528e-07         440         440         424        19.029            0.007     19.076         19.076   19.094       19.093    0.112       0.109        11194525005324    2.8185220   29.0992220      100114      6   55428.481427200         527    19.063    21.705     27.684    2.050       2.421           0      131072            0            1    11194525 
   55428.491407200        18.954        0.047      1001142060002070    2.8185870   29.0992700   00h11m16.46s   29d05m57.37s      2               0    8.370528e-07         440         440         424        19.029            0.007     19.076         19.076   19.094       19.093    0.112       0.109        11194711005184    2.8185830   29.0992310      100114      6   55428.494777200         527    18.963    21.549     27.681    2.050       2.483           0      131072            0            1    11194711 
   55428.510497200        19.189        0.066      1001142060002070    2.8185870   29.0992700   00h11m16.46s   29d05m57.37s      2               0    8.370528e-07         440         440         424        19.029            0.007     19.076         19.076   19.094       19.093    0.112       0.109        11194520003880    2.8185630   29.0992440      100114      6   55428.513867200         527    19.195    20.897     27.675    2.150       2.358           0      131072            0            1    11194520 
   55429.289977200        19.046        0.054      1001142060002070    2.8185870   29.0992700   00h11m16.46s   29d05m57.37s      2               0    8.370528e-07         440         440         424        19.029            0.007     19.076         19.076   19.094       19.093    0.112       0.109        11192972004375    2.8185950   29.0993170      100114      6   55429.293397200         528    19.050    21.039     27.650    2.150       2.805           0      131072            0            1    11192972 
   55429.303857200        18.986        0.054      1001142060002070    2.8185870   29.0992700   00h11m16.46s   29d05m57.37s      2               0    8.370528e-07         440         440         424        19.029            0.007     19.076         19.076   19.094       19.093    0.112       0.109        11192909004477    2.8185780   29.0992680      100114      6   55429.307277200         528    18.995    21.175     27.657    1.950       2.547           0      131072            0            1    11192909 
   55429.325947200        19.042        0.056      1001142060002070    2.8185870   29.0992700   00h11m16.46s   29d05m57.37s      2               0    8.370528e-07         440         440         424        19.029            0.007     19.076         19.076   19.094       19.093    0.112       0.109        11192969004324    2.8184990   29.0992710      100114      6   55429.329377200         528    19.048    20.817     27.667    2.850       3.429           0      131072            0            1    11192969 
   55429.338257200        19.069        0.053      1001142060002070    2.8185870   29.0992700   00h11m16.46s   29d05m57.37s      2               0    8.370528e-07         440         440         424        19.029            0.007     19.076         19.076   19.094       19.093    0.112       0.109        11192989004727    2.8186060   29.0992480      100114      6   55429.341677200         528    19.076    21.313     27.671    1.850       2.300           0      131072            0            1    11192989 
   55429.350427200        19.173        0.056      1001142060002070    2.8185870   29.0992700   00h11m16.46s   29d05m57.37s      2               0    8.370528e-07         440         440         424        19.029            0.007     19.076         19.076   19.094       19.093    0.112       0.109        11192990004789    2.8185720   29.0992660      100114      6   55429.353857200         528    19.177    21.343     27.674    1.850       2.394           0      131072            0            1    11192990 
   55429.363447200        19.020        0.056      1001142060002070    2.8185870   29.0992700   00h11m16.46s   29d05m57.37s      2               0    8.370528e-07         440         440         424        19.029            0.007     19.076         19.076   19.094       19.093    0.112       0.109        11193077004649    2.8186130   29.0992500      100114      6   55429.366877200         528    19.023    21.308     27.676    1.950       2.464           0      131072            0            1    11193077 
   55429.378167200        19.153        0.051      1001142060002070    2.8185870   29.0992700   00h11m16.46s   29d05m57.37s      2               0    8.370528e-07         440         440         424        19.029            0.007     19.076         19.076   19.094       19.093    0.112       0.109        11192950004765    2.8185300   29.0992240      100114      6   55429.381597200         528    19.157    21.391     27.679    1.850       1.889           0      131072            0            1    11192950 
   55429.392507200        19.140        0.051      1001142060002070    2.8185870   29.0992700   00h11m16.46s   29d05m57.37s      2               0    8.370528e-07         440         440         424        19.029            0.007     19.076         19.076   19.094       19.093    0.112       0.109        11192927004988    2.8185490   29.0992210      100114      6   55429.395937200         528    19.143    21.370     27.680    1.950       1.995           0      131072            0            1    11192927 
   55429.407947200        19.016        0.049      1001142060002070    2.8185870   29.0992700   00h11m16.46s   29d05m57.37s      2               0    8.370528e-07         440         440         424        19.029            0.007     19.076         19.076   19.094       19.093    0.112       0.109        11193021004976    2.8185340   29.0992010      100114      6   55429.411377200         528    19.018    21.410     27.680    1.950       3.680           0      131072            0            1    11193021 
   55429.422387200        19.143        0.049      1001142060002070    2.8185870   29.0992700   00h11m16.46s   29d05m57.37s      2               0    8.370528e-07         440         440         424        19.029            0.007     19.076         19.076   19.094       19.093    0.112       0.109        11193084005132    2.8185090   29.0992620      100114      6   55429.425817200         528    19.148    21.511     27.680    1.950       2.132           0      131072            0            1    11193084 
   55429.434587200        19.107        0.047      1001142060002070    2.8185870   29.0992700   00h11m16.46s   29d05m57.37s      2               0    8.370528e-07         440         440         424        19.029            0.007     19.076         19.076   19.094       19.093    0.112       0.109        11192920005203    2.8184940   29.0992170      100114      6   55429.438017200         528    19.112    21.599     27.680    2.050       2.076           0      131072            0            1    11192920 
   55429.447877200        19.027        0.043      1001142060002070    2.8185870   29.0992700   00h11m16.46s   29d05m57.37s      2               0    8.370528e-07         440         440         424        19.029            0.007     19.076         19.076   19.094       19.093    0.112       0.109        11193089005631    2.8185220   29.0992240      100114      6   55429.451317200         528    19.032    21.814     27.678    1.950       2.084           0      131072            0            1    11193089 
   55429.460877200        19.080        0.043      1001142060002070    2.8185870   29.0992700   00h11m16.46s   29d05m57.37s      2               0    8.370528e-07         440         440         424        19.029            0.007     19.076         19.076   19.094       19.093    0.112       0.109        11192939005642    2.8184810   29.0992500      100114      6   55429.464317200         528    19.087    21.836     27.677    1.950       1.888           0      131072            0            1    11192939 
   55429.481797200        19.046        0.047      1001142060002070    2.8185870   29.0992700   00h11m16.46s   29d05m57.37s      2               0    8.370528e-07         440         440         424        19.029            0.007     19.076         19.076   19.094       19.093    0.112       0.109        11192958005179    2.8185610   29.0992520      100114      6   55429.485227200         528    19.049    21.467     27.672    2.350       2.727           0      131072            0            1    11192958 
   55429.496887200        19.159        0.046      1001142060002070    2.8185870   29.0992700   00h11m16.46s   29d05m57.37s      2               0    8.370528e-07         440         440         424        19.029            0.007     19.076         19.076   19.094       19.093    0.112       0.109        11193044005476    2.8184820   29.0992020      100114      6   55429.500327200         528    19.164    21.703     27.668    2.050       1.942           0      131072            0            1    11193044 
   55534.157547200        19.087        0.332      1001142060002070    2.8185870   29.0992700   00h11m16.46s   29d05m57.37s      2               0    8.370528e-07         440         440         424        19.029            0.007     19.076         19.076   19.094       19.093    0.112       0.109        10652245004290    2.8186160   29.0992640      100114      6   55534.160537200         634    19.210    21.279     27.408    1.950       2.137           0      131072            0            1    10652245 
   55535.197867200        19.093        0.239      1001142060002070    2.8185870   29.0992700   00h11m16.46s   29d05m57.37s      2               0    8.370528e-07         440         440         424        19.029            0.007     19.076         19.076   19.094       19.093    0.112       0.109        10697474002316    2.8185290   29.0991070      100114      6   55535.200787200         635    20.362    21.142     27.790    2.150       3.057           0      131072            0            1    10697474 
   55535.281217200        19.139        0.197      1001142060002070    2.8185870   29.0992700   00h11m16.46s   29d05m57.37s      2               0    8.370528e-07         440         440         424        19.029            0.007     19.076         19.076   19.094       19.093    0.112       0.109        10697390004777    2.8185490   29.0992480      100114      6   55535.284127200         635    19.227    21.398     27.731    2.250       2.371           0      131072            0            1    10697390 
   55541.099387200        19.061        0.149      1001142060002070    2.8185870   29.0992700   00h11m16.46s   29d05m57.37s      2               0    8.370528e-07         440         440         424        19.029            0.007     19.076         19.076   19.094       19.093    0.112       0.109        10678008004802    2.8185890   29.0992600      100114      6   55541.101837200         641    19.068    21.349     27.678    2.350       2.895           0      131072            0            1    10678008 
   55541.143167200        19.068        0.193      1001142060002070    2.8185870   29.0992700   00h11m16.46s   29d05m57.37s      2               0    8.370528e-07         440         440         424        19.029            0.007     19.076         19.076   19.094       19.093    0.112       0.109        10678401002848    2.8184960   29.0992310      100114      6   55541.145617200         641    19.767    21.014     27.736    2.150       2.700           0      131072            0            1    10678401 
   55542.095217200        19.004        0.116      1001142060002070    2.8185870   29.0992700   00h11m16.46s   29d05m57.37s      2               0    8.370528e-07         440         440         424        19.029            0.007     19.076         19.076   19.094       19.093    0.112       0.109        13776404003587    2.8186140   29.0993370      100114      6   55542.097587200         642    19.064    20.830     27.709    3.450       5.587           0      131072            0            1    13776404 
   55542.139567200        19.324        0.127      1001142060002070    2.8185870   29.0992700   00h11m16.46s   29d05m57.37s      2               0    8.370528e-07         440         440         424        19.029            0.007     19.076         19.076   19.094       19.093    0.112       0.109        13776431003027    2.8186530   29.0993000      100114      6   55542.141937200         642    19.323    20.383     27.543    3.650       4.640           0      131072            0            1    13776431 
   55558.213927200        19.137        0.060      1001142060002070    2.8185870   29.0992700   00h11m16.46s   29d05m57.37s      2               0    8.370528e-07         440         440         424        19.029            0.007     19.076         19.076   19.094       19.093    0.112       0.109        10709511004194    2.8185840   29.0992770      100114      6   55558.214887200         655    19.129    21.273     27.622    2.150       2.758           0      131072            0            1    10709511 
   55558.271377200        19.202        0.073      1001142060002070    2.8185870   29.0992700   00h11m16.46s   29d05m57.37s      2               0    8.370528e-07         440         440         424        19.029            0.007     19.076         19.076   19.094       19.093    0.112       0.109        10709512003992    2.8186290   29.0992410      100114      6   55558.272337200         655    19.210    20.853     27.582    2.350       2.796           0      131072            0            1    10709512 
   55576.094157200        19.173        0.195      1001142060002070    2.8185870   29.0992700   00h11m16.46s   29d05m57.37s      2               0    8.370528e-07         440         440         424        19.029            0.007     19.076         19.076   19.094       19.093    0.112       0.109        12841904001970    2.8186100   29.0993850      100114      6   55576.093467200         674    18.960    19.438     27.196    3.750       4.774           0           0            0            1    12841904 
   55577.102247200        19.154        0.122      1001142060002070    2.8185870   29.0992700   00h11m16.46s   29d05m57.37s      2               0    8.370528e-07         440         440         424        19.029            0.007     19.076         19.076   19.094       19.093    0.112       0.109         9789652002859    2.8185160   29.0992690      100114      6   55577.101467200         675    19.202    20.358     27.535    2.450       3.305           0      131072            0            1     9789652 
   55577.146087200        19.093        0.117      1001142060002070    2.8185870   29.0992700   00h11m16.46s   29d05m57.37s      2               0    8.370528e-07         440         440         424        19.029            0.007     19.076         19.076   19.094       19.093    0.112       0.109         9789569002620    2.8185640   29.0992840      100114      6   55577.145307200         675    19.048    20.137     27.476    2.850       5.211           0      131072            0            1     9789569 
   55579.112827200        19.233        0.077      1001142060002070    2.8185870   29.0992700   00h11m16.46s   29d05m57.37s      2               0    8.370528e-07         440         440         424        19.029            0.007     19.076         19.076   19.094       19.093    0.112       0.109         9782441003583    2.8184840   29.0992220      100114      6   55579.111867200         678    19.237    20.749     27.661    2.350       2.990           0      131072            0            1     9782441 
   55579.156017200        18.935        0.080      1001142060002070    2.8185870   29.0992700   00h11m16.46s   29d05m57.37s      2               0    8.370528e-07         440         440         424        19.029            0.007     19.076         19.076   19.094       19.093    0.112       0.109         9782278003402    2.8185020   29.0992370      100114      6   55579.155057200         678    18.943    20.710     27.643    2.150       2.561           0      131072            0            1     9782278 
   55584.132047200        19.124        0.056      1001142060002070    2.8185870   29.0992700   00h11m16.46s   29d05m57.37s      2               0    8.370528e-07         440         440         424        19.029            0.007     19.076         19.076   19.094       19.093    0.112       0.109         9808957004707    2.8185870   29.0992480      100114      6   55584.130637200         683    19.130    21.294     27.647    2.250       2.418           0      131072            0            1     9808957 
   55584.182437200        18.959        0.073      1001142060002070    2.8185870   29.0992700   00h11m16.46s   29d05m57.37s      2               0    8.370528e-07         440         440         424        19.029            0.007     19.076         19.076   19.094       19.093    0.112       0.109         9808947003494    2.8186340   29.0993080      100114      6   55584.181027200         683    18.969    20.677     27.594    3.250       3.753           0      131072            0            1     9808947 
   55585.136547200        19.132        0.062      1001142060002070    2.8185870   29.0992700   00h11m16.46s   29d05m57.37s      2               0    8.370528e-07         440         440         424        19.029            0.007     19.076         19.076   19.094       19.093    0.112       0.109         9806324004019    2.8185700   29.0992520      100114      6   55585.135047200         684    19.111    20.857     27.611    3.050       3.352           0      131072            0            1     9806324 
   55585.179607200        19.062        0.069      1001142060002070    2.8185870   29.0992700   00h11m16.46s   29d05m57.37s      2               0    8.370528e-07         440         440         424        19.029            0.007     19.076         19.076   19.094       19.093    0.112       0.109         9806296003545    2.8186800   29.0992850      100114      6   55585.178097200         684    19.065    20.616     27.582    3.250       5.125           0      131072            0            1     9806296 
   55779.256517200        19.186        0.062      1001142060002070    2.8185870   29.0992700   00h11m16.46s   29d05m57.37s      2               0    8.370528e-07         440         440         424        19.029            0.007     19.076         19.076   19.094       19.093    0.112       0.109        10316383004056    2.8186160   29.0992930      100114      6   55779.258837200         877    19.165    20.928     27.482    2.450       3.559           0      131072            0            1    10316383 
   55779.299377200        19.018        0.049      1001142060002070    2.8185870   29.0992700   00h11m16.46s   29d05m57.37s      2               0    8.370528e-07         440         440         424        19.029            0.007     19.076         19.076   19.094       19.093    0.112       0.109        10316555005185    2.8185760   29.0992780      100114      6   55779.301697200         877    19.009    21.540     27.539    1.950       2.439           0      131072            0            1    10316555 
   55780.252137200        19.110        0.063      1001142060002070    2.8185870   29.0992700   00h11m16.46s   29d05m57.37s      2               0    8.370528e-07         440         440         424        19.029            0.007     19.076         19.076   19.094       19.093    0.112       0.109        10350625004254    2.8185810   29.0992640      100114      6   55780.254537200         878    19.099    20.944     27.493    2.150       2.778           0      131072            0            1    10350625 
   55780.296807200        19.132        0.055      1001142060002070    2.8185870   29.0992700   00h11m16.46s   29d05m57.37s      2               0    8.370528e-07         440         440         424        19.029            0.007     19.076         19.076   19.094       19.093    0.112       0.109        10350740004762    2.8185840   29.0992660      100114      6   55780.299207200         878    19.131    21.337     27.547    2.150       2.501           0      131072            0            1    10350740 
   55782.250877200        19.190        0.096      1001142060002070    2.8185870   29.0992700   00h11m16.46s   29d05m57.37s      2               0    8.370528e-07         440         440         424        19.029            0.007     19.076         19.076   19.094       19.093    0.112       0.109        10353420003442    2.8185700   29.0992960      100114      6   55782.253427200         880    19.189    20.528     27.487    2.650       3.218           0      131072            0            1    10353420 
   55782.303637200        19.179        0.061      1001142060002070    2.8185870   29.0992700   00h11m16.46s   29d05m57.37s      2               0    8.370528e-07         440         440         424        19.029            0.007     19.076         19.076   19.094       19.093    0.112       0.109        10353354004233    2.8186250   29.0992900      100114      6   55782.306187200         880    19.189    20.897     27.551    2.450       2.790           0      131072            0            1    10353354 
   55783.257337200        18.925        0.076      1001142060002070    2.8185870   29.0992700   00h11m16.46s   29d05m57.37s      2               0    8.370528e-07         440         440         424        19.029            0.007     19.076         19.076   19.094       19.093    0.112       0.109        10358010002865    2.8186680   29.0993300      100114      6   55783.259957200         881    18.909    20.112     27.485    3.850       6.727           0      131072            0            1    10358010 
   55783.300977200        18.934        0.066      1001142060002070    2.8185870   29.0992700   00h11m16.46s   29d05m57.37s      2               0    8.370528e-07         440         440         424        19.029            0.007     19.076         19.076   19.094       19.093    0.112       0.109        10357986003640    2.8186080   29.0992700      100114      6   55783.303597200         881    18.929    20.520     27.537    3.150       3.818           0      131072            0            1    10357986 
   55793.206157200        19.190        0.062      1001142060002070    2.8185870   29.0992700   00h11m16.46s   29d05m57.37s      2               0    8.370528e-07         440         440         424        19.029            0.007     19.076         19.076   19.094       19.093    0.112       0.109        10377768004435    2.8185140   29.0992310      100114      6   55793.209487200         891    19.179    21.095     27.465    2.450       3.023           0      131072            0            1    10377768 
   55793.250257200        19.121        0.071      1001142060002070    2.8185870   29.0992700   00h11m16.46s   29d05m57.37s      2               0    8.370528e-07         440         440         424        19.029            0.007     19.076         19.076   19.094       19.093    0.112       0.109        10377837003877    2.8185180   29.0992000      100114      6   55793.253587200         891    19.115    20.830     27.531    2.250       2.892           0      131072            0            1    10377837 
   55794.261357200        19.230        0.080      1001142060002070    2.8185870   29.0992700   00h11m16.46s   29d05m57.37s      2               0    8.370528e-07         440         440         424        19.029            0.007     19.076         19.076   19.094       19.093    0.112       0.109        10379376004689    2.8185740   29.0992600      100114      6   55794.264757200         892    19.192    21.243     27.515    2.150       2.468           0      131072            0            1    10379376 
   55809.166937200        19.130        0.095      1001142060002070    2.8185870   29.0992700   00h11m16.46s   29d05m57.37s      2               0    8.370528e-07         440         440         424        19.029            0.007     19.076         19.076   19.094       19.093    0.112       0.109        10480861003116    2.8187440   29.0992770      100114      6   55809.171207200         907    19.157    20.290     27.318    3.050       3.634           0      131072            0            1    10480861 
   55821.413337200        19.342        0.083      1001142060002070    2.8185870   29.0992700   00h11m16.46s   29d05m57.37s      2               0    8.370528e-07         440         440         424        19.029            0.007     19.076         19.076   19.094       19.093    0.112       0.109        10510181003361    2.8186030   29.0993020      100114      6   55821.418127200         919    19.342    20.579     27.551    2.350       2.398           0      131072            0            1    10510181 
   55822.363587200        18.949        0.070      1001142060002070    2.8185870   29.0992700   00h11m16.46s   29d05m57.37s      2               0    8.370528e-07         440         440         424        19.029            0.007     19.076         19.076   19.094       19.093    0.112       0.109        10515122003835    2.8186200   29.0993010      100114      6   55822.368417200         920    18.955    20.751     27.548    2.650       3.659           0      131072            0            1    10515122 
   55822.406567200        19.149        0.066      1001142060002070    2.8185870   29.0992700   00h11m16.46s   29d05m57.37s      2               0    8.370528e-07         440         440         424        19.029            0.007     19.076         19.076   19.094       19.093    0.112       0.109        10515141004022    2.8186630   29.0992810      100114      6   55822.411387200         920    19.155    20.969     27.546    2.050       2.948           0      131072            0            1    10515141 
   55838.116477200        18.996        0.072      1001142060002070    2.8185870   29.0992700   00h11m16.46s   29d05m57.37s      2               0    8.370528e-07         440         440         424        19.029            0.007     19.076         19.076   19.094       19.093    0.112       0.109        10569624003773    2.8185740   29.0992690      100114      6   55838.121647200         936    18.987    20.739     27.436    2.450       3.524           0      131072            0            1    10569624 
   56203.110667200        19.251        0.073      1001142060002070    2.8185870   29.0992700   00h11m16.46s   29d05m57.37s      2               0    8.370528e-07         440         440         424        19.029            0.007     19.076         19.076   19.094       19.093    0.112       0.109        14294087003820    2.8186210   29.0992530      100114      6   56203.115837200        1300    19.274    20.672     27.614    3.250       3.742           0      131072            0            1    14294087 
   56203.167877200        19.234        0.093      1001142060002070    2.8185870   29.0992700   00h11m16.46s   29d05m57.37s      2               0    8.370528e-07         440         440         424        19.029            0.007     19.076         19.076   19.094       19.093    0.112       0.109        14294148003538    2.8185790   29.0993030      100114      6   56203.173047200        1300    19.239    20.789     27.679    1.950       1.947           0      131072            0            1    14294148 
   56537.326577200        19.035        0.045      1001142060002070    2.8185870   29.0992700   00h11m16.46s   29d05m57.37s      2               0    8.370528e-07         440         440         424        19.029            0.007     19.076         19.076   19.094       19.093    0.112       0.109        18124330005566    2.8186110   29.0992740      100114      6   56537.330727200        1611    19.039    21.843     27.607    1.850       2.295           0      131072            0            1    18124330 
   56537.518877200        19.070        0.064      1001142060002070    2.8185870   29.0992700   00h11m16.46s   29d05m57.37s      2               0    8.370528e-07         440         440         424        19.029            0.007     19.076         19.076   19.094       19.093    0.112       0.109        18124487004126    2.8186550   29.0992750      100114      6   56537.523037200        1611    19.081    21.118     27.583    1.850       2.995           0      131072            0            1    18124487 
   56540.454177200        19.017        0.108      1001142060002070    2.8185870   29.0992700   00h11m16.46s   29d05m57.37s      2               0    8.370528e-07         440         440         424        19.029            0.007     19.076         19.076   19.094       19.093    0.112       0.109        18197418005538    2.8186160   29.0992690      100114      6   56540.458497200        1614    18.951    21.677     27.526    1.950       2.022           0      131072            0            1    18197418 
   56545.226097200        19.104        0.079      1001142060002070    2.8185870   29.0992700   00h11m16.46s   29d05m57.37s      2               0    8.370528e-07         440         440         424        19.029            0.007     19.076         19.076   19.094       19.093    0.112       0.109        18261747004681    2.8186130   29.0992890      100114      6   56545.230637200        1619    18.967    21.274     27.309    2.050       2.290           0      131072            0            1    18261747 
   56600.264077200        19.086        0.059      1001142060002070    2.8185870   29.0992700   00h11m16.46s   29d05m57.37s      2               0    8.370528e-07         440         440         424        19.029            0.007     19.076         19.076   19.094       19.093    0.112       0.109        18183309005228    2.8186040   29.0992670      100114      6   56600.268797200        1674    19.081    21.610     27.632    2.150       2.304           0      131072            0            1    18183309 
   56600.387007200        19.638        0.208      1001142060002070    2.8185870   29.0992700   00h11m16.46s   29d05m57.37s      2               0    8.370528e-07         440         440         424        19.029            0.007     19.076         19.076   19.094       19.093    0.112       0.109        18183411002239    2.8187110   29.0993710      100114      6   56600.391717200        1674    20.489    20.625     27.519    3.350       3.732           0           0            0            1    18183411 
   56606.100207200        19.254        0.385      1001142060002070    2.8185870   29.0992700   00h11m16.46s   29d05m57.37s      2               0    8.370528e-07         440         440         424        19.029            0.007     19.076         19.076   19.094       19.093    0.112       0.109        18296938002879    2.8185760   29.0992550      100114      6   56606.104677200        1680    19.233    20.316     27.226    2.250       2.862           0      131072            0            1    18296938 
   56606.160287200        18.940        0.390      1001142060002070    2.8185870   29.0992700   00h11m16.46s   29d05m57.37s      2               0    8.370528e-07         440         440         424        19.029            0.007     19.076         19.076   19.094       19.093    0.112       0.109        18296981002714    2.8186080   29.0992550      100114      6   56606.164757200        1680    19.218    20.496     27.384    2.050       2.956           0      131072            0            1    18296981 
   56606.185397200        19.085        0.378      1001142060002070    2.8185870   29.0992700   00h11m16.46s   29d05m57.37s      2               0    8.370528e-07         440         440         424        19.029            0.007     19.076         19.076   19.094       19.093    0.112       0.109        18297010004773    2.8186140   29.0992740      100114      6   56606.189857200        1680    18.706    20.900     27.282    2.150       2.645           0      131072            0            1    18297010 
