   55755.486877200        15.652        0.021        27912100005004  324.9714000    0.4743040   21h39m53.14s   00d28m27.49s      2               0    4.985939e-07         125         125         116        15.675            0.007     15.661         15.661   15.658       15.661    0.026       0.007        10216166002759  324.9713700    0.4743260        2791     10   55755.491387200         853    15.651    20.864     27.544    2.450       2.531           0      131072            0            1    10216166 
   55772.262997200        15.439        0.076        27912100005004  324.9714000    0.4743040   21h39m53.14s   00d28m27.49s      2               0    4.985939e-07         125         125         116        15.675            0.007     15.661         15.661   15.658       15.661    0.026       0.007        10273767000908  324.9713930    0.4742830        2791     10   55772.268247200         870    17.772    21.107     27.312    2.150       2.282           0      131072            0            1    10273767 
   55772.205887200        15.714        0.074        27912100005004  324.9714000    0.4743040   21h39m53.14s   00d28m27.49s      2               0    4.985939e-07         125         125         116        15.675            0.007     15.661         15.661   15.658       15.661    0.026       0.007        10273780002378  324.9713890    0.4743110        2791     10   55772.211137200         870    15.703    20.626     27.094    2.650       2.700           0      131072            0            1    10273780 
   55780.200067200        15.653        0.026        27912100005004  324.9714000    0.4743040   21h39m53.14s   00d28m27.49s      2               0    4.985939e-07         125         125         116        15.675            0.007     15.661         15.661   15.658       15.661    0.026       0.007        10351620002780  324.9713750    0.4743050        2791     10   55780.205527200         878    15.656    21.000     27.481    2.050       2.180           0      131072            0            1    10351620 
   55780.243977200        15.654        0.026        27912100005004  324.9714000    0.4743040   21h39m53.14s   00d28m27.49s      2               0    4.985939e-07         125         125         116        15.675            0.007     15.661         15.661   15.658       15.661    0.026       0.007        10351704003156  324.9713650    0.4742980        2791     10   55780.249437200         878    15.653    21.383     27.527    1.750       1.808           0      131072            0            1    10351704 
   55783.374317200        15.660        0.028        27912100005004  324.9714000    0.4743040   21h39m53.14s   00d28m27.49s      2               0    4.985939e-07         125         125         116        15.675            0.007     15.661         15.661   15.658       15.661    0.026       0.007        10355148002680  324.9713680    0.4743130        2791     10   55783.379827200         881    15.662    20.839     27.539    2.250       2.248           0      131072            0            1    10355148 
   55783.331327200        15.661        0.028        27912100005004  324.9714000    0.4743040   21h39m53.14s   00d28m27.49s      2               0    4.985939e-07         125         125         116        15.675            0.007     15.661         15.661   15.658       15.661    0.026       0.007        10355205002586  324.9713870    0.4743200        2791     10   55783.336847200         881    15.667    20.800     27.541    2.250       2.299           0      131072            0            1    10355205 
   55838.219707200        15.676        0.028        27912100005004  324.9714000    0.4743040   21h39m53.14s   00d28m27.49s      2               0    4.985939e-07         125         125         116        15.675            0.007     15.661         15.661   15.658       15.661    0.026       0.007        10569525002716  324.9713930    0.4743180        2791     10   55838.223747200         936    15.666    20.853     27.465    2.250       2.309           0      131072            0            1    10569525 
   55446.220867200        15.659        0.031        27912100005004  324.9714000    0.4743040   21h39m53.14s   00d28m27.49s      2               0    4.985939e-07         125         125         116        15.675            0.007     15.661         15.661   15.658       15.661    0.026       0.007        10914159003610  324.9713690    0.4742830        2791     10   55446.226197200         541    15.656    21.586     27.623    2.150       2.248           0      131072            0            1    10914159 
   55446.176917200        15.661        0.031        27912100005004  324.9714000    0.4743040   21h39m53.14s   00d28m27.49s      2               0    4.985939e-07         125         125         116        15.675            0.007     15.661         15.661   15.658       15.661    0.026       0.007        10914335003481  324.9713830    0.4742810        2791     10   55446.182247200         541    15.659    21.567     27.604    1.950       2.079           0      131072            0            1    10914335 
   55443.222937200        15.657        0.026        27912100005004  324.9714000    0.4743040   21h39m53.14s   00d28m27.49s      2               0    4.985939e-07         125         125         116        15.675            0.007     15.661         15.661   15.658       15.661    0.026       0.007        10917260003621  324.9713690    0.4743010        2791     10   55443.228347200         538    15.658    21.629     27.628    1.950       2.054           0      131072            0            1    10917260 
   55443.173127200        15.666        0.026        27912100005004  324.9714000    0.4743040   21h39m53.14s   00d28m27.49s      2               0    4.985939e-07         125         125         116        15.675            0.007     15.661         15.661   15.658       15.661    0.026       0.007        10917290003309  324.9714140    0.4742890        2791     10   55443.178527200         538    15.673    21.385     27.602    2.150       2.264           0      131072            0            1    10917290 
   55410.451837200        15.660        0.216        27912100005004  324.9714000    0.4743040   21h39m53.14s   00d28m27.49s      2               0    4.985939e-07         125         125         116        15.675            0.007     15.661         15.661   15.658       15.661    0.026       0.007        11105156003243  324.9713830    0.4743130        2791     10   55410.457187200         509    15.506    21.162     27.417    1.950       2.066           0      131072            0            1    11105156 
   55410.495627200        15.657        0.216        27912100005004  324.9714000    0.4743040   21h39m53.14s   00d28m27.49s      2               0    4.985939e-07         125         125         116        15.675            0.007     15.661         15.661   15.658       15.661    0.026       0.007        11105231002872  324.9713930    0.4743200        2791     10   55410.500977200         509    15.593    20.884     27.460    2.050       2.127           0      131072            0            1    11105231 
   55418.242827200        15.663        0.157        27912100005004  324.9714000    0.4743040   21h39m53.14s   00d28m27.49s      2               0    4.985939e-07         125         125         116        15.675            0.007     15.661         15.661   15.658       15.661    0.026       0.007        11128134002509  324.9713740    0.4743270        2791     10   55418.248337200         517    15.755    20.813     26.681    2.650       2.788           0      131072            0            1    11128134 
   55418.196957200        15.655        0.157        27912100005004  324.9714000    0.4743040   21h39m53.14s   00d28m27.49s      2               0    4.985939e-07         125         125         116        15.675            0.007     15.661         15.661   15.658       15.661    0.026       0.007        11128160002412  324.9713990    0.4743120        2791     10   55418.202467200         517    15.618    20.358     26.626    3.250       3.576           0      131072            0            1    11128160 
   55422.182097200        15.669        0.026        27912100005004  324.9714000    0.4743040   21h39m53.14s   00d28m27.49s      2               0    4.985939e-07         125         125         116        15.675            0.007     15.661         15.661   15.658       15.661    0.026       0.007        11148984002929  324.9713800    0.4743190        2791     10   55422.187657200         521    15.663    21.059     27.562    2.550       2.612           0      131072            0            1    11148984 
   55422.226017200        15.652        0.026        27912100005004  324.9714000    0.4743040   21h39m53.14s   00d28m27.49s      2               0    4.985939e-07         125         125         116        15.675            0.007     15.661         15.661   15.658       15.661    0.026       0.007        11149015003362  324.9713970    0.4743060        2791     10   55422.231577200         521    15.647    21.433     27.607    2.250       2.406           0      131072            0            1    11149015 
   55429.248187200        15.658        0.024        27912100005004  324.9714000    0.4743040   21h39m53.14s   00d28m27.49s      2               0    4.985939e-07         125         125         116        15.675            0.007     15.661         15.661   15.658       15.661    0.026       0.007        11191830002686  324.9713680    0.4742880        2791     10   55429.253767200         528    15.665    20.950     27.634    1.750       1.867           0      131072            0            1    11191830 
   55429.292357200        15.654        0.024        27912100005004  324.9714000    0.4743040   21h39m53.14s   00d28m27.49s      2               0    4.985939e-07         125         125         116        15.675            0.007     15.661         15.661   15.658       15.661    0.026       0.007        11191918002707  324.9713520    0.4743190        2791     10   55429.297947200         528    15.665    21.045     27.642    1.650       1.866           0      131072            0            1    11191918 
   55426.295937200        15.615        0.088        27912100005004  324.9714000    0.4743040   21h39m53.14s   00d28m27.49s      2               0    4.985939e-07         125         125         116        15.675            0.007     15.661         15.661   15.658       15.661    0.026       0.007        11197883002905  324.9713730    0.4742980        2791     10   55426.301527200         525    16.032    21.524     27.542    1.550       1.589           0      131072            0            1    11197883 
   55438.384397200        15.678        0.026        27912100005004  324.9714000    0.4743040   21h39m53.14s   00d28m27.49s      2               0    4.985939e-07         125         125         116        15.675            0.007     15.661         15.661   15.658       15.661    0.026       0.007        11219320002681  324.9713620    0.4743490        2791     10   55438.389897200         606    15.668    20.829     27.580    2.650       2.747           0      131072            0            1    11219320 
   55438.341427200        15.662        0.026        27912100005004  324.9714000    0.4743040   21h39m53.14s   00d28m27.49s      2               0    4.985939e-07         125         125         116        15.675            0.007     15.661         15.661   15.658       15.661    0.026       0.007        11219366002925  324.9713840    0.4743070        2791     10   55438.346927200         606    15.652    20.996     27.600    2.450       2.461           0      131072            0            1    11219366 
   55385.433627200        15.679        0.024        27912100005004  324.9714000    0.4743040   21h39m53.14s   00d28m27.49s      2               0    4.985939e-07         125         125         116        15.675            0.007     15.661         15.661   15.658       15.661    0.026       0.007        11235339003893  324.9713600    0.4743240        2791     10   55385.437857200         484    15.680    21.743     27.641    2.250       2.312           0      131072            0            1    11235339 
   55385.390487200        15.652        0.024        27912100005004  324.9714000    0.4743040   21h39m53.14s   00d28m27.49s      2               0    4.985939e-07         125         125         116        15.675            0.007     15.661         15.661   15.658       15.661    0.026       0.007        11235358004069  324.9713710    0.4743040        2791     10   55385.394727200         484    15.653    21.896     27.644    1.950       2.092           0      131072            0            1    11235358 
   55380.354617200        15.681        0.030        27912100005004  324.9714000    0.4743040   21h39m53.14s   00d28m27.49s      2               0    4.985939e-07         125         125         116        15.675            0.007     15.661         15.661   15.658       15.661    0.026       0.007        11246584002579  324.9713910    0.4743320        2791     10   55380.358537200         479    15.688    20.719     27.634    2.850       2.858           0      131072            0            1    11246584 
   55380.310957200        15.671        0.030        27912100005004  324.9714000    0.4743040   21h39m53.14s   00d28m27.49s      2               0    4.985939e-07         125         125         116        15.675            0.007     15.661         15.661   15.658       15.661    0.026       0.007        11246626002549  324.9713990    0.4743040        2791     10   55380.314877200         479    15.663    20.682     27.599    2.850       2.907           0      131072            0            1    11246626 
   55355.342397200        15.666        0.026        27912100005004  324.9714000    0.4743040   21h39m53.14s   00d28m27.49s      2               0    4.985939e-07         125         125         116        15.675            0.007     15.661         15.661   15.658       15.661    0.026       0.007        11349545002831  324.9713840    0.4743320        2791     10   55355.344367200         454    15.670    20.952     27.554    3.350       3.352           0      131072            0            1    11349545 
   55353.464537200        15.671        0.024        27912100005004  324.9714000    0.4743040   21h39m53.14s   00d28m27.49s      2               0    4.985939e-07         125         125         116        15.675            0.007     15.661         15.661   15.658       15.661    0.026       0.007        11352183003688  324.9713560    0.4743030        2791     10   55353.466337200         453    15.671    21.588     27.690    1.950       2.202           0      131072            0            1    11352183 
   55361.438287200        15.671        0.022        27912100005004  324.9714000    0.4743040   21h39m53.14s   00d28m27.49s      2               0    4.985939e-07         125         125         116        15.675            0.007     15.661         15.661   15.658       15.661    0.026       0.007        11376114003775  324.9713730    0.4743140        2791     10   55361.440777200         460    15.681    21.747     27.640    1.950       2.091           0      131072            0            1    11376114 
   55361.481947200        15.651        0.023        27912100005004  324.9714000    0.4743040   21h39m53.14s   00d28m27.49s      2               0    4.985939e-07         125         125         116        15.675            0.007     15.661         15.661   15.658       15.661    0.026       0.007        11376214002589  324.9713910    0.4743030        2791     10   55361.484437200         460    15.662    20.749     27.652    2.350       2.455           0      131072            0            1    11376214 
   55360.470207200        15.662        0.026        27912100005004  324.9714000    0.4743040   21h39m53.14s   00d28m27.49s      2               0    4.985939e-07         125         125         116        15.675            0.007     15.661         15.661   15.658       15.661    0.026       0.007        11380373003434  324.9713940    0.4743010        2791     10   55360.472617200         459    15.672    21.450     27.642    2.450       2.538           0      131072            0            1    11380373 
   55366.473097200        15.655        0.026        27912100005004  324.9714000    0.4743040   21h39m53.14s   00d28m27.49s      2               0    4.985939e-07         125         125         116        15.675            0.007     15.661         15.661   15.658       15.661    0.026       0.007        11399922003520  324.9713790    0.4743210        2791     10   55366.475997200         465    15.659    21.557     27.694    2.050       2.067           0      131072            0            1    11399922 
   55367.392397200        15.669        0.024        27912100005004  324.9714000    0.4743040   21h39m53.14s   00d28m27.49s      2               0    4.985939e-07         125         125         116        15.675            0.007     15.661         15.661   15.658       15.661    0.026       0.007        11404427003415  324.9713960    0.4743020        2791     10   55367.395367200         466    15.664    21.424     27.633    2.450       2.523           0      131072            0            1    11404427 
   55367.435687200        15.662        0.024        27912100005004  324.9714000    0.4743040   21h39m53.14s   00d28m27.49s      2               0    4.985939e-07         125         125         116        15.675            0.007     15.661         15.661   15.658       15.661    0.026       0.007        11404470003541  324.9713710    0.4743030        2791     10   55367.438657200         466    15.664    21.469     27.652    2.450       2.535           0      131074            0            1    11404470 
   55372.434957200        15.670        0.024        27912100005004  324.9714000    0.4743040   21h39m53.14s   00d28m27.49s      2               0    4.985939e-07         125         125         116        15.675            0.007     15.661         15.661   15.658       15.661    0.026       0.007        11412126002841  324.9713580    0.4743090        2791     10   55372.438307200         471    15.676    21.022     27.691    1.950       2.077           0      131072            0            1    11412126 
   55372.390467200        15.657        0.024        27912100005004  324.9714000    0.4743040   21h39m53.14s   00d28m27.49s      2               0    4.985939e-07         125         125         116        15.675            0.007     15.661         15.661   15.658       15.661    0.026       0.007        11412172002672  324.9713660    0.4742920        2791     10   55372.393817200         471    15.661    20.769     27.672    2.250       2.377           0      131072            0            1    11412172 
   55108.131057200        15.653        0.025        27912100005004  324.9714000    0.4743040   21h39m53.14s   00d28m27.49s      2               0    4.985939e-07         125         125         116        15.675            0.007     15.661         15.661   15.658       15.661    0.026       0.007        11807604002012  324.9713530    0.4743010        2791     10   55108.135057200         219    15.645    20.224     27.236    1.950       2.057           0      131072            0            1    11807604 
   55107.287177200        15.665        0.040        27912100005004  324.9714000    0.4743040   21h39m53.14s   00d28m27.49s      2               0    4.985939e-07         125         125         116        15.675            0.007     15.661         15.661   15.658       15.661    0.026       0.007        11808485001896  324.9713580    0.4742930        2791     10   55107.291237200         218    15.641    20.050     27.220    2.050       2.166           0      131072            0            1    11808485 
   55080.318577200        15.674        0.029        27912100005004  324.9714000    0.4743040   21h39m53.14s   00d28m27.49s      2               0    4.985939e-07         125         125         116        15.675            0.007     15.661         15.661   15.658       15.661    0.026       0.007        11816161002013  324.9713580    0.4742820        2791     10   55080.323917200         194    15.658    20.248     27.146    1.950       2.059           0      131072            0            1    11816161 
   55080.275007200        15.656        0.029        27912100005004  324.9714000    0.4743040   21h39m53.14s   00d28m27.49s      2               0    4.985939e-07         125         125         116        15.675            0.007     15.661         15.661   15.658       15.661    0.026       0.007        11816217002037  324.9713570    0.4742780        2791     10   55080.280357200         194    15.644    20.296     27.154    1.950       2.155           0      131072            0            1    11816217 
   55088.245757200        15.658        0.028        27912100005004  324.9714000    0.4743040   21h39m53.14s   00d28m27.49s      2               0    4.985939e-07         125         125         116        15.675            0.007     15.661         15.661   15.658       15.661    0.026       0.007        11840356003573  324.9713630    0.4742900        2791     10   55088.250827200         200    15.661    21.651     27.246    1.950       1.967           0      131072            0            1    11840356 
   55088.289367200        15.658        0.028        27912100005004  324.9714000    0.4743040   21h39m53.14s   00d28m27.49s      2               0    4.985939e-07         125         125         116        15.675            0.007     15.661         15.661   15.658       15.661    0.026       0.007        11840378003731  324.9713540    0.4742910        2791     10   55088.294437200         200    15.652    21.691     27.241    1.950       2.005           0      131072            0            1    11840378 
   55047.449997200        15.661        0.073        27912100005004  324.9714000    0.4743040   21h39m53.14s   00d28m27.49s      2               0    4.985939e-07         125         125         116        15.675            0.007     15.661         15.661   15.658       15.661    0.026       0.007        11858629002203  324.9713370    0.4743030        2791     10   55047.455407200         161    15.648    20.388     27.188    1.750       1.891           0      131072            0            1    11858629 
   55047.266377200        15.674        0.073        27912100005004  324.9714000    0.4743040   21h39m53.14s   00d28m27.49s      2               0    4.985939e-07         125         125         116        15.675            0.007     15.661         15.661   15.658       15.661    0.026       0.007        11858638001648  324.9713800    0.4742920        2791     10   55047.271777200         161    15.764    19.802     27.081    2.050       2.147           0      131072            0            1    11858638 
   55046.364747200        15.664        0.036        27912100005004  324.9714000    0.4743040   21h39m53.14s   00d28m27.49s      2               0    4.985939e-07         125         125         116        15.675            0.007     15.661         15.661   15.658       15.661    0.026       0.007        11859426002635  324.9713540    0.4743050        2791     10   55046.370127200         160    15.660    20.757     27.251    1.950       2.034           0      131072            0            1    11859426 
   55046.267207200        15.662        0.036        27912100005004  324.9714000    0.4743040   21h39m53.14s   00d28m27.49s      2               0    4.985939e-07         125         125         116        15.675            0.007     15.661         15.661   15.658       15.661    0.026       0.007        11859492002482  324.9713720    0.4742920        2791     10   55046.272587200         160    15.673    20.603     27.250    2.050       2.072           0      131072            0            1    11859492 
   55053.224747200        15.657        0.025        27912100005004  324.9714000    0.4743040   21h39m53.14s   00d28m27.49s      2               0    4.985939e-07         125         125         116        15.675            0.007     15.661         15.661   15.658       15.661    0.026       0.007        11866811002328  324.9713440    0.4742910        2791     10   55053.230267200         167    15.658    20.459     27.161    1.850       1.892           0      131072            0            1    11866811 
   55053.298097200        15.663        0.025        27912100005004  324.9714000    0.4743040   21h39m53.14s   00d28m27.49s      2               0    4.985939e-07         125         125         116        15.675            0.007     15.661         15.661   15.658       15.661    0.026       0.007        11866892002439  324.9713700    0.4742930        2791     10   55053.303617200         167    15.655    20.542     27.211    1.950       2.011           0      131072            0            1    11866892 
   55054.404897200        15.665        0.050        27912100005004  324.9714000    0.4743040   21h39m53.14s   00d28m27.49s      2               0    4.985939e-07         125         125         116        15.675            0.007     15.661         15.661   15.658       15.661    0.026       0.007        11868638002702  324.9713530    0.4742840        2791     10   55054.410427200         168    15.668    20.905     27.193    1.650       1.733           0      131072            0            1    11868638 
   55067.151497200        15.660        0.038        27912100005004  324.9714000    0.4743040   21h39m53.14s   00d28m27.49s      2               0    4.985939e-07         125         125         116        15.675            0.007     15.661         15.661   15.658       15.661    0.026       0.007        11881759003211  324.9713530    0.4742720        2791     10   55067.157067200         181    15.672    21.132     27.139    1.850       1.902           0      131072            0            1    11881759 
   55066.374237200        15.671        0.027        27912100005004  324.9714000    0.4743040   21h39m53.14s   00d28m27.49s      2               0    4.985939e-07         125         125         116        15.675            0.007     15.661         15.661   15.658       15.661    0.026       0.007        11883889003472  324.9713480    0.4743160        2791     10   55066.379817200         180    15.677    21.459     27.152    1.850       1.858           0      131072            0            1    11883889 
   55062.339447200        15.664        0.029        27912100005004  324.9714000    0.4743040   21h39m53.14s   00d28m27.49s      2               0    4.985939e-07         125         125         116        15.675            0.007     15.661         15.661   15.658       15.661    0.026       0.007        11891288003544  324.9713500    0.4743000        2791     10   55062.345037200         176    15.642    21.489     27.196    2.150       2.219           0      131072            0            1    11891288 
   55062.399247200        15.661        0.029        27912100005004  324.9714000    0.4743040   21h39m53.14s   00d28m27.49s      2               0    4.985939e-07         125         125         116        15.675            0.007     15.661         15.661   15.658       15.661    0.026       0.007        11891384003557  324.9713690    0.4743150        2791     10   55062.404837200         176    15.640    21.586     27.178    1.850       1.995           0      131072            0            1    11891384 
   55060.340277200        15.673        0.025        27912100005004  324.9714000    0.4743040   21h39m53.14s   00d28m27.49s      2               0    4.985939e-07         125         125         116        15.675            0.007     15.661         15.661   15.658       15.661    0.026       0.007        11895828003506  324.9713350    0.4742800        2791     10   55060.345867200         174    15.686    21.590     27.233    1.850       1.995           0      131072            0            1    11895828 
   55060.251067200        15.652        0.025        27912100005004  324.9714000    0.4743040   21h39m53.14s   00d28m27.49s      2               0    4.985939e-07         125         125         116        15.675            0.007     15.661         15.661   15.658       15.661    0.026       0.007        11895856003369  324.9713470    0.4743000        2791     10   55060.256647200         174    15.669    21.329     27.226    2.150       2.171           0      131072            0            1    11895856 
   55055.164297200        15.679        0.030        27912100005004  324.9714000    0.4743040   21h39m53.14s   00d28m27.49s      2               0    4.985939e-07         125         125         116        15.675            0.007     15.661         15.661   15.658       15.661    0.026       0.007        11902310002628  324.9713610    0.4743080        2791     10   55055.169837200         169    15.713    20.737     27.024    2.450       2.557           0      131072            0            1    11902310 
   55014.291107200        15.656        0.033        27912100005004  324.9714000    0.4743040   21h39m53.14s   00d28m27.49s      2               0    4.985939e-07         125         125         116        15.675            0.007     15.661         15.661   15.658       15.661    0.026       0.007        11913014002531  324.9713510    0.4743190        2791     10   55014.294977200         128    15.663    20.465     27.053    2.350       2.331           0      131072            0            1    11913014 
   55014.409407200        15.668        0.032        27912100005004  324.9714000    0.4743040   21h39m53.14s   00d28m27.49s      2               0    4.985939e-07         125         125         116        15.675            0.007     15.661         15.661   15.658       15.661    0.026       0.007        11913114003727  324.9713470    0.4743060        2791     10   55014.413277200         128    15.686    21.589     27.190    1.950       2.007           0      131072            0            1    11913114 
   55025.340997200        15.650        0.029        27912100005004  324.9714000    0.4743040   21h39m53.14s   00d28m27.49s      2               0    4.985939e-07         125         125         116        15.675            0.007     15.661         15.661   15.658       15.661    0.026       0.007        11944012002894  324.9713660    0.4742780        2791     10   55025.345527200         139    15.658    20.962     27.210    1.750       1.837           0      131072            0            1    11944012 
   55025.244547200        15.674        0.029        27912100005004  324.9714000    0.4743040   21h39m53.14s   00d28m27.49s      2               0    4.985939e-07         125         125         116        15.675            0.007     15.661         15.661   15.658       15.661    0.026       0.007        11944035002669  324.9713340    0.4743370        2791     10   55025.249077200         139    15.672    20.543     27.090    2.750       2.799           0      131072            0            1    11944035 
   55040.351617200        15.660        0.031        27912100005004  324.9714000    0.4743040   21h39m53.14s   00d28m27.49s      2               0    4.985939e-07         125         125         116        15.675            0.007     15.661         15.661   15.658       15.661    0.026       0.007        11985010003621  324.9713630    0.4743110        2791     10   55040.356827200         154    15.657    21.649     27.255    1.850       1.837           0      131072            0            1    11985010 
   55040.245867200        15.666        0.032        27912100005004  324.9714000    0.4743040   21h39m53.14s   00d28m27.49s      2               0    4.985939e-07         125         125         116        15.675            0.007     15.661         15.661   15.658       15.661    0.026       0.007        11985095002784  324.9713740    0.4743380        2791     10   55040.251067200         154    15.665    20.872     27.191    2.650       2.745           0      131072            0            1    11985095 
   55035.233447200        15.637        0.045        27912100005004  324.9714000    0.4743040   21h39m53.14s   00d28m27.49s      2               0    4.985939e-07         125         125         116        15.675            0.007     15.661         15.661   15.658       15.661    0.026       0.007        11999677002380  324.9713400    0.4743080        2791     10   55035.238457200         149    15.976    20.903     26.943    2.150       2.262           0      131072            0            1    11999677 
   55035.324977200        15.652        0.045        27912100005004  324.9714000    0.4743040   21h39m53.14s   00d28m27.49s      2               0    4.985939e-07         125         125         116        15.675            0.007     15.661         15.661   15.658       15.661    0.026       0.007        11999707003638  324.9713850    0.4742740        2791     10   55035.329987200         149    15.662    21.632     27.179    1.750       1.869           0      131072            0            1    11999707 
   55008.335927200        15.656        0.024        27912100005004  324.9714000    0.4743040   21h39m53.14s   00d28m27.49s      2               0    4.985939e-07         125         125         116        15.675            0.007     15.661         15.661   15.658       15.661    0.026       0.007        15104209003220  324.9713950    0.4743080        2791     10   55008.339367200         122    15.656    21.147     27.173    2.450       2.425           0      131072            0            1    15104209 
   55008.478057200        15.651        0.024        27912100005004  324.9714000    0.4743040   21h39m53.14s   00d28m27.49s      2               0    4.985939e-07         125         125         116        15.675            0.007     15.661         15.661   15.658       15.661    0.026       0.007        15104241003327  324.9713930    0.4743170        2791     10   55008.481507200         122    15.642    21.220     27.225    1.950       1.990           0      131072            0            1    15104241 
   56911.164437200        15.660        0.028        27912100005004  324.9714000    0.4743040   21h39m53.14s   00d28m27.49s      2               0    4.985939e-07         125         125         116        15.675            0.007     15.661         15.661   15.658       15.661    0.026       0.007        21287728002478  324.9713940    0.4742950        2791     10   56911.169637200        1975    15.669    20.833     27.584    1.750       1.914           0      131072            0            1    21287728 
   56911.200277200        15.654        0.028        27912100005004  324.9714000    0.4743040   21h39m53.14s   00d28m27.49s      2               0    4.985939e-07         125         125         116        15.675            0.007     15.661         15.661   15.658       15.661    0.026       0.007        21287756002456  324.9713880    0.4743050        2791     10   56911.205477200        1975    15.650    20.839     27.591    1.750       1.846           0      131072            0            1    21287756 
   56912.158427200        15.656        0.024        27912100005004  324.9714000    0.4743040   21h39m53.14s   00d28m27.49s      2               0    4.985939e-07         125         125         116        15.675            0.007     15.661         15.661   15.658       15.661    0.026       0.007        21321088003084  324.9713950    0.4742940        2791     10   56912.163597200        1976    15.666    21.323     27.561    1.950       1.954           0      131072            0            1    21321088 
   56912.201807200        15.648        0.024        27912100005004  324.9714000    0.4743040   21h39m53.14s   00d28m27.49s      2               0    4.985939e-07         125         125         116        15.675            0.007     15.661         15.661   15.658       15.661    0.026       0.007        21321127002773  324.9713970    0.4742930        2791     10   56912.206967200        1976    15.661    21.113     27.587    1.650       1.808           0      131072            0            1    21321127 
   56913.156607200        15.659        0.024        27912100005004  324.9714000    0.4743040   21h39m53.14s   00d28m27.49s      2               0    4.985939e-07         125         125         116        15.675            0.007     15.661         15.661   15.658       15.661    0.026       0.007        21329677003232  324.9714010    0.4743080        2791     10   56913.161737200        1977    15.664    21.540     27.561    1.750       1.873           0      131072            0            1    21329677 
   56913.367427200        15.666        0.024        27912100005004  324.9714000    0.4743040   21h39m53.14s   00d28m27.49s      2               0    4.985939e-07         125         125         116        15.675            0.007     15.661         15.661   15.658       15.661    0.026       0.007        21329686002479  324.9713970    0.4742960        2791     10   56913.372547200        1977    15.662    20.791     27.546    2.150       2.201           0      131072            0            1    21329686 
   56915.152397200        15.662        0.021        27912100005004  324.9714000    0.4743040   21h39m53.14s   00d28m27.49s      2               0    4.985939e-07         125         125         116        15.675            0.007     15.661         15.661   15.658       15.661    0.026       0.007        21349602003264  324.9714050    0.4743020        2791     10   56915.157447200        1978    15.667    21.596     27.556    1.750       1.859           0      131072            0            1    21349602 
   56915.196547200        15.659        0.021        27912100005004  324.9714000    0.4743040   21h39m53.14s   00d28m27.49s      2               0    4.985939e-07         125         125         116        15.675            0.007     15.661         15.661   15.658       15.661    0.026       0.007        21349631003347  324.9713940    0.4742970        2791     10   56915.201597200        1978    15.668    21.793     27.588    1.550       1.718           0      131072            0            1    21349631 
   56914.201277200        15.659        0.023        27912100005004  324.9714000    0.4743040   21h39m53.14s   00d28m27.49s      2               0    4.985939e-07         125         125         116        15.675            0.007     15.661         15.661   15.658       15.661    0.026       0.007        21368785003385  324.9713970    0.4742970        2791     10   56914.206367200        1979    15.664    21.684     27.581    1.650       1.731           0      131072            0            1    21368785 
   56914.155937200        15.657        0.023        27912100005004  324.9714000    0.4743040   21h39m53.14s   00d28m27.49s      2               0    4.985939e-07         125         125         116        15.675            0.007     15.661         15.661   15.658       15.661    0.026       0.007        21368788003116  324.9713900    0.4742910        2791     10   56914.161027200        1979    15.665    21.428     27.547    1.950       2.008           0      131072            0            1    21368788 
   56916.150627200        15.659        0.022        27912100005004  324.9714000    0.4743040   21h39m53.14s   00d28m27.49s      2               0    4.985939e-07         125         125         116        15.675            0.007     15.661         15.661   15.658       15.661    0.026       0.007        21378522003269  324.9713930    0.4742880        2791     10   56916.155637200        1980    15.662    21.570     27.557    1.750       1.718           0      131072            0            1    21378522 
   56916.244687200        15.663        0.022        27912100005004  324.9714000    0.4743040   21h39m53.14s   00d28m27.49s      2               0    4.985939e-07         125         125         116        15.675            0.007     15.661         15.661   15.658       15.661    0.026       0.007        21378559003219  324.9713970    0.4742960        2791     10   56916.249697200        1980    15.672    21.549     27.600    1.950       2.093           0      131072            0            1    21378559 
   56917.149637200        15.661        0.028        27912100005004  324.9714000    0.4743040   21h39m53.14s   00d28m27.49s      2               0    4.985939e-07         125         125         116        15.675            0.007     15.661         15.661   15.658       15.661    0.026       0.007        21394089002756  324.9713960    0.4742860        2791     10   56917.154607200        1981    15.651    21.097     27.543    2.450       2.446           0      131072            0            1    21394089 
   56917.192157200        15.658        0.028        27912100005004  324.9714000    0.4743040   21h39m53.14s   00d28m27.49s      2               0    4.985939e-07         125         125         116        15.675            0.007     15.661         15.661   15.658       15.661    0.026       0.007        21394124003150  324.9713940    0.4742830        2791     10   56917.197117200        1981    15.650    21.496     27.562    1.850       1.937           0      131072            0            1    21394124 
   56920.207547200        15.658        0.027        27912100005004  324.9714000    0.4743040   21h39m53.14s   00d28m27.49s      2               0    4.985939e-07         125         125         116        15.675            0.007     15.661         15.661   15.658       15.661    0.026       0.007        21437641003349  324.9713950    0.4742950        2791     10   56920.212377200        1983    15.646    21.646     27.605    1.750       2.056           0      131072            0            1    21437641 
   56920.246607200        15.658        0.027        27912100005004  324.9714000    0.4743040   21h39m53.14s   00d28m27.49s      2               0    4.985939e-07         125         125         116        15.675            0.007     15.661         15.661   15.658       15.661    0.026       0.007        21437666003412  324.9713910    0.4742880        2791     10   56920.251437200        1983    15.643    21.630     27.612    1.850       1.955           0      131072            0            1    21437666 
   56921.147817200        15.658        0.025        27912100005004  324.9714000    0.4743040   21h39m53.14s   00d28m27.49s      2               0    4.985939e-07         125         125         116        15.675            0.007     15.661         15.661   15.658       15.661    0.026       0.007        21454786003025  324.9714010    0.4742950        2791     10   56921.152597200        1984    15.657    21.313     27.594    2.350       2.420           0      131072            0            1    21454786 
   56921.189957200        15.657        0.025        27912100005004  324.9714000    0.4743040   21h39m53.14s   00d28m27.49s      2               0    4.985939e-07         125         125         116        15.675            0.007     15.661         15.661   15.658       15.661    0.026       0.007        21454825003316  324.9714000    0.4742940        2791     10   56921.194737200        1984    15.658    21.594     27.639    1.950       1.965           0      131072            0            1    21454825 
   56922.140377200        15.657        0.022        27912100005004  324.9714000    0.4743040   21h39m53.14s   00d28m27.49s      2               0    4.985939e-07         125         125         116        15.675            0.007     15.661         15.661   15.658       15.661    0.026       0.007        21473809003351  324.9713940    0.4742970        2791     10   56922.145117200        1985    15.661    21.611     27.631    1.750       1.826           0      131072            0            1    21473809 
   56922.182557200        15.652        0.022        27912100005004  324.9714000    0.4743040   21h39m53.14s   00d28m27.49s      2               0    4.985939e-07         125         125         116        15.675            0.007     15.661         15.661   15.658       15.661    0.026       0.007        21473845003297  324.9713920    0.4742900        2791     10   56922.187287200        1985    15.653    21.542     27.635    1.850       1.953           0      131072            0            1    21473845 
   56923.139007200        15.651        0.023        27912100005004  324.9714000    0.4743040   21h39m53.14s   00d28m27.49s      2               0    4.985939e-07         125         125         116        15.675            0.007     15.661         15.661   15.658       15.661    0.026       0.007        21491872003160  324.9713980    0.4742980        2791     10   56923.143687200        1986    15.645    21.396     27.624    2.050       2.169           0      131072            0            1    21491872 
   56923.181237200        15.655        0.023        27912100005004  324.9714000    0.4743040   21h39m53.14s   00d28m27.49s      2               0    4.985939e-07         125         125         116        15.675            0.007     15.661         15.661   15.658       15.661    0.026       0.007        21491901003300  324.9713890    0.4742980        2791     10   56923.185917200        1986    15.650    21.593     27.637    1.750       1.885           0      131072            0            1    21491901 
   56924.137987200        15.655        0.021        27912100005004  324.9714000    0.4743040   21h39m53.14s   00d28m27.49s      2               0    4.985939e-07         125         125         116        15.675            0.007     15.661         15.661   15.658       15.661    0.026       0.007        21509449003409  324.9713950    0.4742920        2791     10   56924.142617200        1987    15.662    21.612     27.633    1.750       1.798           0      131072            0            1    21509449 
   56924.180217200        15.653        0.021        27912100005004  324.9714000    0.4743040   21h39m53.14s   00d28m27.49s      2               0    4.985939e-07         125         125         116        15.675            0.007     15.661         15.661   15.658       15.661    0.026       0.007        21509485003345  324.9713980    0.4742900        2791     10   56924.184847200        1987    15.660    21.685     27.640    1.750       1.915           0      131072            0            1    21509485 
   56925.197797200        15.656        0.024        27912100005004  324.9714000    0.4743040   21h39m53.14s   00d28m27.49s      2               0    4.985939e-07         125         125         116        15.675            0.007     15.661         15.661   15.658       15.661    0.026       0.007        21525625003195  324.9713940    0.4742910        2791     10   56925.202367200        1988    15.656    21.446     27.615    2.150       2.179           0      131072            0            1    21525625 
   56925.233167200        15.657        0.024        27912100005004  324.9714000    0.4743040   21h39m53.14s   00d28m27.49s      2               0    4.985939e-07         125         125         116        15.675            0.007     15.661         15.661   15.658       15.661    0.026       0.007        21525654003160  324.9713980    0.4742940        2791     10   56925.237737200        1988    15.662    21.311     27.619    2.450       2.489           0      131072            0            1    21525654 
   56926.133207200        15.662        0.021        27912100005004  324.9714000    0.4743040   21h39m53.14s   00d28m27.49s      2               0    4.985939e-07         125         125         116        15.675            0.007     15.661         15.661   15.658       15.661    0.026       0.007        21534164003320  324.9713940    0.4742990        2791     10   56926.137727200        1989    15.674    21.664     27.614    1.650       1.732           0      131072            0            1    21534164 
   56926.177687200        15.664        0.021        27912100005004  324.9714000    0.4743040   21h39m53.14s   00d28m27.49s      2               0    4.985939e-07         125         125         116        15.675            0.007     15.661         15.661   15.658       15.661    0.026       0.007        21534192003449  324.9713980    0.4742960        2791     10   56926.182197200        1989    15.676    21.760     27.629    1.650       1.890           0      131072            0            1    21534192 
   56927.138897200        15.660        0.026        27912100005004  324.9714000    0.4743040   21h39m53.14s   00d28m27.49s      2               0    4.985939e-07         125         125         116        15.675            0.007     15.661         15.661   15.658       15.661    0.026       0.007        21550827003211  324.9713890    0.4742910        2791     10   56927.143357200        1990    15.650    21.490     27.595    1.950       1.975           0      131072            0            1    21550827 
   56927.187867200        15.670        0.026        27912100005004  324.9714000    0.4743040   21h39m53.14s   00d28m27.49s      2               0    4.985939e-07         125         125         116        15.675            0.007     15.661         15.661   15.658       15.661    0.026       0.007        21550868003083  324.9713880    0.4743000        2791     10   56927.192327200        1990    15.664    21.458     27.608    2.050       2.132           0      131072            0            1    21550868 
   56928.137467200        15.656        0.033        27912100005004  324.9714000    0.4743040   21h39m53.14s   00d28m27.49s      2               0    4.985939e-07         125         125         116        15.675            0.007     15.661         15.661   15.658       15.661    0.026       0.007        21559293002358  324.9713880    0.4742970        2791     10   56928.141867200        1991    15.631    20.774     27.574    3.550       3.657           0      131072            0            1    21559293 
   56928.182547200        15.668        0.033        27912100005004  324.9714000    0.4743040   21h39m53.14s   00d28m27.49s      2               0    4.985939e-07         125         125         116        15.675            0.007     15.661         15.661   15.658       15.661    0.026       0.007        21559331002472  324.9713960    0.4742850        2791     10   56928.186947200        1991    15.661    20.908     27.595    3.250       3.325           0      131072            0            1    21559331 
   55723.345217200        15.669        0.025        27912100005004  324.9714000    0.4743040   21h39m53.14s   00d28m27.49s      2               0    4.985939e-07         125         125         116        15.675            0.007     15.661         15.661   15.658       15.661    0.026       0.007         9677084002218  324.9713870    0.4742970        2791     10   55723.347427200         821    15.658    20.332     27.460    3.250       3.315           0      131072            0            1     9677084 
   55723.403817200        15.652        0.025        27912100005004  324.9714000    0.4743040   21h39m53.14s   00d28m27.49s      2               0    4.985939e-07         125         125         116        15.675            0.007     15.661         15.661   15.658       15.661    0.026       0.007         9677099003349  324.9713930    0.4743060        2791     10   55723.406027200         821    15.642    21.423     27.535    2.250       2.307           0      131072            0            1     9677099 
