   55755.486877200        18.142        0.040        27912050009500  325.3571640    1.8725640   21h41m25.72s   01d52m21.23s      2               0    4.855332e-07         123          74          66        18.062            0.008     18.068         18.068   18.080       18.071    0.075       0.027        10215989001959  325.3571580    1.8725860        2791      5   55755.491387200         853    18.144    20.871     27.889    2.850       3.090           0    46268416            0            1    10215989 
   55772.262997200        18.668        0.209        27912050009500  325.3571640    1.8725640   21h41m25.72s   01d52m21.23s      2               0    4.855332e-07         123          74          66        18.062            0.008     18.068         18.068   18.080       18.071    0.075       0.027        10273888000618  325.3571030    1.8725070        2791      5   55772.268247200         870    20.886    21.086     27.581    2.350       4.039           0           0            0            1    10273888 
   55772.205887200        18.025        0.149        27912050009500  325.3571640    1.8725640   21h41m25.72s   01d52m21.23s      2               0    4.855332e-07         123          74          66        18.062            0.008     18.068         18.068   18.080       18.071    0.075       0.027        10273900001723  325.3571620    1.8725580        2791      5   55772.211137200         870    18.090    20.782     27.417    2.550       2.742           0      131072            0            1    10273900 
   55780.200067200        18.050        0.067        27912050009500  325.3571640    1.8725640   21h41m25.72s   01d52m21.23s      2               0    4.855332e-07         123          74          66        18.062            0.008     18.068         18.068   18.080       18.071    0.075       0.027        10352366002049  325.3571590    1.8725730        2791      5   55780.205527200         878    18.051    21.191     27.817    1.950       2.003           0      131072            0            1    10352366 
   55780.243977200        18.527        0.068        27912050009500  325.3571640    1.8725640   21h41m25.72s   01d52m21.23s      2               0    4.855332e-07         123          74          66        18.062            0.008     18.068         18.068   18.080       18.071    0.075       0.027        10352460002371  325.3572340    1.8725350        2791      5   55780.249437200         878    18.511    21.574     27.853    1.650       1.384           0    46268416            0            1    10352460 
   55783.374317200        19.191        0.075        27912050009500  325.3571640    1.8725640   21h41m25.72s   01d52m21.23s      2               0    4.855332e-07         123          74          66        18.062            0.008     18.068         18.068   18.080       18.071    0.075       0.027        10360000001921  325.3572410    1.8724950        2791      5   55783.379827200         881    19.197    20.790     27.878    2.750       7.187           0    46137360            0            1    10360000 
   55783.331327200        18.085        0.039        27912050009500  325.3571640    1.8725640   21h41m25.72s   01d52m21.23s      2               0    4.855332e-07         123          74          66        18.062            0.008     18.068         18.068   18.080       18.071    0.075       0.027        10360059001861  325.3571480    1.8725540        2791      5   55783.336847200         881    18.092    20.962     27.876    2.250       2.520           0      131072            0            1    10360059 
   55838.219707200        18.043        0.036        27912050009500  325.3571640    1.8725640   21h41m25.72s   01d52m21.23s      2               0    4.855332e-07         123          74          66        18.062            0.008     18.068         18.068   18.080       18.071    0.075       0.027        10568857002006  325.3571570    1.8725670        2791      5   55838.223747200         936    18.047    21.129     27.807    2.050       2.104           0      131072            0            1    10568857 
   55446.220867200        18.077        0.033        27912050009500  325.3571640    1.8725640   21h41m25.72s   01d52m21.23s      2               0    4.855332e-07         123          74          66        18.062            0.008     18.068         18.068   18.080       18.071    0.075       0.027        10908994002852  325.3571250    1.8725570        2791      5   55446.226197200         541    18.078    21.768     27.955    2.050       1.994           0      131072            0            1    10908994 
   55446.176917200        18.067        0.034        27912050009500  325.3571640    1.8725640   21h41m25.72s   01d52m21.23s      2               0    4.855332e-07         123          74          66        18.062            0.008     18.068         18.068   18.080       18.071    0.075       0.027        10909171002710  325.3571410    1.8725640        2791      5   55446.182247200         541    18.069    21.700     27.936    1.950       2.021           0      131072            0            1    10909171 
   55443.222937200        18.068        0.031        27912050009500  325.3571640    1.8725640   21h41m25.72s   01d52m21.23s      2               0    4.855332e-07         123          74          66        18.062            0.008     18.068         18.068   18.080       18.071    0.075       0.027        10917537002780  325.3571460    1.8725770        2791      5   55443.228347200         538    18.074    21.828     27.960    1.850       2.015           0      131072            0            1    10917537 
   55443.173127200        18.088        0.032        27912050009500  325.3571640    1.8725640   21h41m25.72s   01d52m21.23s      2               0    4.855332e-07         123          74          66        18.062            0.008     18.068         18.068   18.080       18.071    0.075       0.027        10917566002575  325.3571720    1.8725860        2791      5   55443.178527200         538    18.100    21.583     27.935    2.050       2.121           0    33685504            0            1    10917566 
   55410.451837200        18.067        0.287        27912050009500  325.3571640    1.8725640   21h41m25.72s   01d52m21.23s      2               0    4.855332e-07         123          74          66        18.062            0.008     18.068         18.068   18.080       18.071    0.075       0.027        11105403002474  325.3571380    1.8725710        2791      5   55410.457187200         509    17.773    21.260     27.607    1.850       1.948           0    12713984            0            1    11105403 
   55410.495627200        18.071        0.288        27912050009500  325.3571640    1.8725640   21h41m25.72s   01d52m21.23s      2               0    4.855332e-07         123          74          66        18.062            0.008     18.068         18.068   18.080       18.071    0.075       0.027        11105479002111  325.3571450    1.8725430        2791      5   55410.500977200         509    17.917    20.835     27.700    2.350       2.298           0    12713984            0            1    11105479 
   55418.242827200        18.077        0.217        27912050009500  325.3571640    1.8725640   21h41m25.72s   01d52m21.23s      2               0    4.855332e-07         123          74          66        18.062            0.008     18.068         18.068   18.080       18.071    0.075       0.027        11128639002096  325.3571410    1.8725830        2791      5   55418.248337200         517    18.050    20.678     27.010    3.350       3.277           0      131072            0            1    11128639 
   55418.196957200        18.091        0.218        27912050009500  325.3571640    1.8725640   21h41m25.72s   01d52m21.23s      2               0    4.855332e-07         123          74          66        18.062            0.008     18.068         18.068   18.080       18.071    0.075       0.027        11128665001961  325.3571600    1.8725920        2791      5   55418.202467200         517    18.031    20.106     27.041    4.950       4.253           0      131072            0            1    11128665 
   55422.182097200        18.072        0.036        27912050009500  325.3571640    1.8725640   21h41m25.72s   01d52m21.23s      2               0    4.855332e-07         123          74          66        18.062            0.008     18.068         18.068   18.080       18.071    0.075       0.027        11149499002243  325.3571580    1.8725560        2791      5   55422.187657200         521    18.051    21.211     27.898    2.550       2.565           0      131072            0            1    11149499 
   55422.226017200        18.071        0.034        27912050009500  325.3571640    1.8725640   21h41m25.72s   01d52m21.23s      2               0    4.855332e-07         123          74          66        18.062            0.008     18.068         18.068   18.080       18.071    0.075       0.027        11149531002674  325.3571580    1.8725570        2791      5   55422.231577200         521    18.061    21.646     27.952    2.150       2.346           0      131072            0            1    11149531 
   55429.248187200        18.096        0.193        27912050009500  325.3571640    1.8725640   21h41m25.72s   01d52m21.23s      2               0    4.855332e-07         123          74          66        18.062            0.008     18.068         18.068   18.080       18.071    0.075       0.027        11197295002036  325.3571510    1.8725630        2791      5   55429.253767200         528    17.939    20.973     27.791    1.650       1.685           0    12713984            0            1    11197295 
   55429.292357200        18.065        0.193        27912050009500  325.3571640    1.8725640   21h41m25.72s   01d52m21.23s      2               0    4.855332e-07         123          74          66        18.062            0.008     18.068         18.068   18.080       18.071    0.075       0.027        11197384002052  325.3571450    1.8725810        2791      5   55429.297947200         528    17.883    21.043     27.770    1.550       1.717           0      131072            0            1    11197384 
   55426.295937200        17.993        0.259        27912050009500  325.3571640    1.8725640   21h41m25.72s   01d52m21.23s      2               0    4.855332e-07         123          74          66        18.062            0.008     18.068         18.068   18.080       18.071    0.075       0.027        11200486002036  325.3571160    1.8725600        2791      5   55426.301527200         525    18.100    21.357     27.473    1.350       1.075           0    12713984            0            1    11200486 
   55438.384397200        18.074        0.038        27912050009500  325.3571640    1.8725640   21h41m25.72s   01d52m21.23s      2               0    4.855332e-07         123          74          66        18.062            0.008     18.068         18.068   18.080       18.071    0.075       0.027        11218564002004  325.3571490    1.8725520        2791      5   55438.389897200         606    18.057    21.004     27.923    2.650       3.064           0      131072            0            1    11218564 
   55438.341427200        18.117        0.036        27912050009500  325.3571640    1.8725640   21h41m25.72s   01d52m21.23s      2               0    4.855332e-07         123          74          66        18.062            0.008     18.068         18.068   18.080       18.071    0.075       0.027        11218611002219  325.3571350    1.8725660        2791      5   55438.346927200         606    18.099    21.209     27.944    2.350       2.476           0      131072            0            1    11218611 
   55385.433627200        18.093        0.032        27912050009500  325.3571640    1.8725640   21h41m25.72s   01d52m21.23s      2               0    4.855332e-07         123          74          66        18.062            0.008     18.068         18.068   18.080       18.071    0.075       0.027        11233774003157  325.3571400    1.8725670        2791      5   55385.437857200         484    18.090    21.982     27.973    2.050       2.093           0      131072            0            1    11233774 
   55385.390487200        18.084        0.032        27912050009500  325.3571640    1.8725640   21h41m25.72s   01d52m21.23s      2               0    4.855332e-07         123          74          66        18.062            0.008     18.068         18.068   18.080       18.071    0.075       0.027        11233793003261  325.3571530    1.8725630        2791      5   55385.394727200         484    18.085    22.093     27.980    1.850       1.889           0      131072            0            1    11233793 
   55380.354617200        18.068        0.040        27912050009500  325.3571640    1.8725640   21h41m25.72s   01d52m21.23s      2               0    4.855332e-07         123          74          66        18.062            0.008     18.068         18.068   18.080       18.071    0.075       0.027        11246788001798  325.3571540    1.8725600        2791      5   55380.358537200         479    18.075    20.851     27.968    2.850       3.081           0      131072            0            1    11246788 
   55380.310957200        18.132        0.040        27912050009500  325.3571640    1.8725640   21h41m25.72s   01d52m21.23s      2               0    4.855332e-07         123          74          66        18.062            0.008     18.068         18.068   18.080       18.071    0.075       0.027        11246833001793  325.3571490    1.8725780        2791      5   55380.314877200         479    18.126    20.778     27.932    2.950       3.129           0      131072            0            1    11246833 
   55355.342397200        18.084        0.036        27912050009500  325.3571640    1.8725640   21h41m25.72s   01d52m21.23s      2               0    4.855332e-07         123          74          66        18.062            0.008     18.068         18.068   18.080       18.071    0.075       0.027        11349760002103  325.3571550    1.8725590        2791      5   55355.344367200         454    18.085    20.925     27.883    3.850       3.558           0      131072            0            1    11349760 
   55353.464537200        18.058        0.093        27912050009500  325.3571640    1.8725640   21h41m25.72s   01d52m21.23s      2               0    4.855332e-07         123          74          66        18.062            0.008     18.068         18.068   18.080       18.071    0.075       0.027        11351965002794  325.3571240    1.8725580        2791      5   55353.466337200         453    18.042    21.693     27.997    1.950       1.916           0      131072            0            1    11351965 
   55361.438287200        18.086        0.035        27912050009500  325.3571640    1.8725640   21h41m25.72s   01d52m21.23s      2               0    4.855332e-07         123          74          66        18.062            0.008     18.068         18.068   18.080       18.071    0.075       0.027        11375426002917  325.3571420    1.8725730        2791      5   55361.440777200         460    18.090    21.938     27.981    1.850       1.989           0     2228224            0            1    11375426 
   55361.481947200        18.064        0.041        27912050009500  325.3571640    1.8725640   21h41m25.72s   01d52m21.23s      2               0    4.855332e-07         123          74          66        18.062            0.008     18.068         18.068   18.080       18.071    0.075       0.027        11375526001923  325.3571570    1.8726070        2791      5   55361.484437200         460    18.071    20.949     27.991    2.250       2.329           0      131072            0            1    11375526 
   55360.470207200        18.045        0.033        27912050009500  325.3571640    1.8725640   21h41m25.72s   01d52m21.23s      2               0    4.855332e-07         123          74          66        18.062            0.008     18.068         18.068   18.080       18.071    0.075       0.027        11379289002719  325.3571620    1.8725910        2791      5   55360.472617200         459    18.052    21.640     27.979    2.350       2.427           0      131072            0            1    11379289 
   55367.392397200        18.066        0.031        27912050009500  325.3571640    1.8725640   21h41m25.72s   01d52m21.23s      2               0    4.855332e-07         123          74          66        18.062            0.008     18.068         18.068   18.080       18.071    0.075       0.027        11404207002580  325.3571590    1.8725770        2791      5   55367.395367200         466    18.059    21.562     27.966    2.450       2.634           0      131072            0            1    11404207 
   55367.435687200        18.095        0.031        27912050009500  325.3571640    1.8725640   21h41m25.72s   01d52m21.23s      2               0    4.855332e-07         123          74          66        18.062            0.008     18.068         18.068   18.080       18.071    0.075       0.027        11404250002697  325.3571460    1.8725660        2791      5   55367.438657200         466    18.089    21.589     27.981    2.450       2.562           0      131072            0            1    11404250 
   55372.434957200        18.071        0.062        27912050009500  325.3571640    1.8725640   21h41m25.72s   01d52m21.23s      2               0    4.855332e-07         123          74          66        18.062            0.008     18.068         18.068   18.080       18.071    0.075       0.027        11411913002151  325.3571320    1.8725700        2791      5   55372.438307200         471    18.066    21.165     28.014    1.950       1.927           0    12713984            0            1    11411913 
   55372.390467200        18.112        0.064        27912050009500  325.3571640    1.8725640   21h41m25.72s   01d52m21.23s      2               0    4.855332e-07         123          74          66        18.062            0.008     18.068         18.068   18.080       18.071    0.075       0.027        11411962001957  325.3571530    1.8725760        2791      5   55372.393817200         471    18.110    20.918     28.002    2.250       2.271           0    12713984            0            1    11411962 
   55108.131057200        18.089        0.045        27912050009500  325.3571640    1.8725640   21h41m25.72s   01d52m21.23s      2               0    4.855332e-07         123          74          66        18.062            0.008     18.068         18.068   18.080       18.071    0.075       0.027        11807208001427  325.3571470    1.8725720        2791      5   55108.135057200         219    18.090    20.445     27.624    1.850       1.904           0      131072            0            1    11807208 
   55107.287177200        18.053        0.049        27912050009500  325.3571640    1.8725640   21h41m25.72s   01d52m21.23s      2               0    4.855332e-07         123          74          66        18.062            0.008     18.068         18.068   18.080       18.071    0.075       0.027        11808304001354  325.3571480    1.8725700        2791      5   55107.291237200         218    18.036    20.221     27.605    2.050       2.115           0      131072            0            1    11808304 
   55080.318577200        18.017        0.063        27912050009500  325.3571640    1.8725640   21h41m25.72s   01d52m21.23s      2               0    4.855332e-07         123          74          66        18.062            0.008     18.068         18.068   18.080       18.071    0.075       0.027        11816322001539  325.3571330    1.8725700        2791      5   55080.323917200         194    17.992    20.664     27.591    1.650       1.789           0      131072            0            1    11816322 
   55080.275007200        18.108        0.064        27912050009500  325.3571640    1.8725640   21h41m25.72s   01d52m21.23s      2               0    4.855332e-07         123          74          66        18.062            0.008     18.068         18.068   18.080       18.071    0.075       0.027        11816378001585  325.3571390    1.8725640        2791      5   55080.280357200         194    18.088    20.713     27.601    1.650       1.723           0      131072            0            1    11816378 
   55088.245757200        18.053        0.036        27912050009500  325.3571640    1.8725640   21h41m25.72s   01d52m21.23s      2               0    4.855332e-07         123          74          66        18.062            0.008     18.068         18.068   18.080       18.071    0.075       0.027        11841499002793  325.3571530    1.8725710        2791      5   55088.250827200         200    18.064    21.768     27.650    2.050       1.995           0      131072            0            1    11841499 
   55088.289367200        18.067        0.036        27912050009500  325.3571640    1.8725640   21h41m25.72s   01d52m21.23s      2               0    4.855332e-07         123          74          66        18.062            0.008     18.068         18.068   18.080       18.071    0.075       0.027        11841521002976  325.3571450    1.8725850        2791      5   55088.294437200         200    18.069    21.757     27.647    2.150       2.012           0      131072            0            1    11841521 
   55047.449997200        18.036        0.093        27912050009500  325.3571640    1.8725640   21h41m25.72s   01d52m21.23s      2               0    4.855332e-07         123          74          66        18.062            0.008     18.068         18.068   18.080       18.071    0.075       0.027        11860100001614  325.3571430    1.8725820        2791      5   55047.455407200         161    18.017    20.576     27.558    1.750       1.923           0     2228224            0            1    11860100 
   55047.266377200        18.126        0.100        27912050009500  325.3571640    1.8725640   21h41m25.72s   01d52m21.23s      2               0    4.855332e-07         123          74          66        18.062            0.008     18.068         18.068   18.080       18.071    0.075       0.027        11860110001285  325.3571670    1.8725980        2791      5   55047.271777200         161    18.235    20.105     27.494    1.950       2.398           0      131072            0            1    11860110 
   55046.364747200        18.073        0.052        27912050009500  325.3571640    1.8725640   21h41m25.72s   01d52m21.23s      2               0    4.855332e-07         123          74          66        18.062            0.008     18.068         18.068   18.080       18.071    0.075       0.027        11860306001995  325.3571360    1.8725840        2791      5   55046.370127200         160    18.081    21.004     27.649    1.850       1.972           0      131072            0            1    11860306 
   55046.267207200        18.085        0.053        27912050009500  325.3571640    1.8725640   21h41m25.72s   01d52m21.23s      2               0    4.855332e-07         123          74          66        18.062            0.008     18.068         18.068   18.080       18.071    0.075       0.027        11860374001784  325.3571720    1.8725650        2791      5   55046.272587200         160    18.103    20.839     27.639    1.950       2.020           0      131072            0            1    11860374 
   55053.224747200        18.016        0.097        27912050009500  325.3571640    1.8725640   21h41m25.72s   01d52m21.23s      2               0    4.855332e-07         123          74          66        18.062            0.008     18.068         18.068   18.080       18.071    0.075       0.027        11867659001668  325.3571550    1.8725710        2791      5   55053.230267200         167    17.976    20.635     27.492    1.750       1.894           0    12713984            0            1    11867659 
   55053.298097200        17.980        0.096        27912050009500  325.3571640    1.8725640   21h41m25.72s   01d52m21.23s      2               0    4.855332e-07         123          74          66        18.062            0.008     18.068         18.068   18.080       18.071    0.075       0.027        11867790001773  325.3571660    1.8725600        2791      5   55053.303617200         167    17.945    20.674     27.556    1.950       2.041           0    12713984            0            1    11867790 
   55054.404897200        18.007        0.086        27912050009500  325.3571640    1.8725640   21h41m25.72s   01d52m21.23s      2               0    4.855332e-07         123          74          66        18.062            0.008     18.068         18.068   18.080       18.071    0.075       0.027        11870240002009  325.3571140    1.8725890        2791      5   55054.410427200         168    17.953    21.090     27.512    1.550       1.628           0    12713984            0            1    11870240 
   55067.151497200        18.020        0.219        27912050009500  325.3571640    1.8725640   21h41m25.72s   01d52m21.23s      2               0    4.855332e-07         123          74          66        18.062            0.008     18.068         18.068   18.080       18.071    0.075       0.027        11881579002348  325.3571430    1.8725720        2791      5   55067.157067200         181    17.907    21.296     27.406    1.750       1.852           0    12713984            0            1    11881579 
   55066.374237200        18.044        0.066        27912050009500  325.3571640    1.8725640   21h41m25.72s   01d52m21.23s      2               0    4.855332e-07         123          74          66        18.062            0.008     18.068         18.068   18.080       18.071    0.075       0.027        11883667002728  325.3571350    1.8725700        2791      5   55066.379817200         180    18.028    21.645     27.537    1.850       1.920           0    14811136            0            1    11883667 
   55062.339447200        18.057        0.049        27912050009500  325.3571640    1.8725640   21h41m25.72s   01d52m21.23s      2               0    4.855332e-07         123          74          66        18.062            0.008     18.068         18.068   18.080       18.071    0.075       0.027        11890286002890  325.3571560    1.8725730        2791      5   55062.345037200         176    18.053    21.684     27.606    2.150       2.200           0      131072            0            1    11890286 
   55062.399247200        18.064        0.049        27912050009500  325.3571640    1.8725640   21h41m25.72s   01d52m21.23s      2               0    4.855332e-07         123          74          66        18.062            0.008     18.068         18.068   18.080       18.071    0.075       0.027        11890383002812  325.3571430    1.8725830        2791      5   55062.404837200         176    18.055    21.785     27.592    1.850       1.867           0      131072            0            1    11890383 
   55060.340277200        18.084        0.043        27912050009500  325.3571640    1.8725640   21h41m25.72s   01d52m21.23s      2               0    4.855332e-07         123          74          66        18.062            0.008     18.068         18.068   18.080       18.071    0.075       0.027        11895440002818  325.3571200    1.8725710        2791      5   55060.345867200         174    18.108    21.827     27.628    1.750       1.784           0      131072            0            1    11895440 
   55060.251067200        18.070        0.043        27912050009500  325.3571640    1.8725640   21h41m25.72s   01d52m21.23s      2               0    4.855332e-07         123          74          66        18.062            0.008     18.068         18.068   18.080       18.071    0.075       0.027        11895468002606  325.3571390    1.8725880        2791      5   55060.256647200         174    18.088    21.233     27.616    2.750       2.378           0      131072            0            1    11895468 
   55055.164297200        18.064        0.045        27912050009500  325.3571640    1.8725640   21h41m25.72s   01d52m21.23s      2               0    4.855332e-07         123          74          66        18.062            0.008     18.068         18.068   18.080       18.071    0.075       0.027        11901571001955  325.3571330    1.8725880        2791      5   55055.169837200         169    18.071    20.755     27.381    2.750       2.749           0      131072            0            1    11901571 
   55014.291107200        18.076        0.060        27912050009500  325.3571640    1.8725640   21h41m25.72s   01d52m21.23s      2               0    4.855332e-07         123          74          66        18.062            0.008     18.068         18.068   18.080       18.071    0.075       0.027        11912174001939  325.3571580    1.8725830        2791      5   55014.294977200         128    18.065    20.410     27.418    2.850       2.527           0      131072            0            1    11912174 
   55014.409407200        18.065        0.055        27912050009500  325.3571640    1.8725640   21h41m25.72s   01d52m21.23s      2               0    4.855332e-07         123          74          66        18.062            0.008     18.068         18.068   18.080       18.071    0.075       0.027        11912274003293  325.3571690    1.8725700        2791      5   55014.413277200         128    18.060    21.784     27.552    1.850       1.841           0      131072            0            1    11912274 
   55025.340997200        18.029        0.060        27912050009500  325.3571640    1.8725640   21h41m25.72s   01d52m21.23s      2               0    4.855332e-07         123          74          66        18.062            0.008     18.068         18.068   18.080       18.071    0.075       0.027        11945067002228  325.3571560    1.8725570        2791      5   55025.345527200         139    18.007    21.098     27.551    1.750       1.813           0    12713984            0            1    11945067 
   55025.244547200        18.001        0.061        27912050009500  325.3571640    1.8725640   21h41m25.72s   01d52m21.23s      2               0    4.855332e-07         123          74          66        18.062            0.008     18.068         18.068   18.080       18.071    0.075       0.027        11945091002004  325.3571670    1.8725830        2791      5   55025.249077200         139    18.001    20.527     27.460    3.250       3.157           0      131072            0            1    11945091 
   55040.351617200        18.037        0.034        27912050009500  325.3571640    1.8725640   21h41m25.72s   01d52m21.23s      2               0    4.855332e-07         123          74          66        18.062            0.008     18.068         18.068   18.080       18.071    0.075       0.027        11984432002986  325.3571360    1.8725820        2791      5   55040.356827200         154    18.037    21.853     27.632    1.750       1.790           0      131072            0            1    11984432 
   55040.245867200        18.065        0.037        27912050009500  325.3571640    1.8725640   21h41m25.72s   01d52m21.23s      2               0    4.855332e-07         123          74          66        18.062            0.008     18.068         18.068   18.080       18.071    0.075       0.027        11984518002123  325.3571590    1.8725730        2791      5   55040.251067200         154    18.076    20.952     27.573    2.850       2.620           0      131072            0            1    11984518 
   55035.233447200        18.169        0.136        27912050009500  325.3571640    1.8725640   21h41m25.72s   01d52m21.23s      2               0    4.855332e-07         123          74          66        18.062            0.008     18.068         18.068   18.080       18.071    0.075       0.027        11999093001669  325.3571540    1.8725600        2791      5   55035.238457200         149    18.595    21.024     27.284    2.150       2.369           0      131072            0            1    11999093 
   55035.324977200        18.062        0.132        27912050009500  325.3571640    1.8725640   21h41m25.72s   01d52m21.23s      2               0    4.855332e-07         123          74          66        18.062            0.008     18.068         18.068   18.080       18.071    0.075       0.027        11999123002927  325.3571450    1.8725530        2791      5   55035.329987200         149    17.926    21.697     27.389    1.650       1.741           0    12713984            0            1    11999123 
   55008.335927200        18.060        0.030        27912050009500  325.3571640    1.8725640   21h41m25.72s   01d52m21.23s      2               0    4.855332e-07         123          74          66        18.062            0.008     18.068         18.068   18.080       18.071    0.075       0.027        15102931002623  325.3571680    1.8725800        2791      5   55008.339367200         122    18.067    21.295     27.557    2.450       2.689           0      131072            0            1    15102931 
   55008.478057200        18.049        0.031        27912050009500  325.3571640    1.8725640   21h41m25.72s   01d52m21.23s      2               0    4.855332e-07         123          74          66        18.062            0.008     18.068         18.068   18.080       18.071    0.075       0.027        15102963002726  325.3571620    1.8725870        2791      5   55008.481507200         122    18.044    21.433     27.607    1.850       2.014           0     2228224            0            1    15102963 
   56911.164437200        18.119        0.039        27912050009500  325.3571640    1.8725640   21h41m25.72s   01d52m21.23s      2               0    4.855332e-07         123          74          66        18.062            0.008     18.068         18.068   18.080       18.071    0.075       0.027        21288743001820  325.3571520    1.8725550        2791      5   56911.169637200        1975    18.140    21.060     27.936    1.650       1.676           0    12713984            0            1    21288743 
   56911.200277200        18.037        0.039        27912050009500  325.3571640    1.8725640   21h41m25.72s   01d52m21.23s      2               0    4.855332e-07         123          74          66        18.062            0.008     18.068         18.068   18.080       18.071    0.075       0.027        21288771001811  325.3571520    1.8725470        2791      5   56911.205477200        1975    18.041    21.128     27.938    1.550       1.636           0    12713984            0            1    21288771 
   56912.158427200        18.044        0.030        27912050009500  325.3571640    1.8725640   21h41m25.72s   01d52m21.23s      2               0    4.855332e-07         123          74          66        18.062            0.008     18.068         18.068   18.080       18.071    0.075       0.027        21321696002351  325.3571480    1.8725480        2791      5   56912.163597200        1976    18.054    21.477     27.911    1.950       2.076           0      131072            0            1    21321696 
   56912.201807200        18.014        0.032        27912050009500  325.3571640    1.8725640   21h41m25.72s   01d52m21.23s      2               0    4.855332e-07         123          74          66        18.062            0.008     18.068         18.068   18.080       18.071    0.075       0.027        21321735002095  325.3571510    1.8725570        2791      5   56912.206967200        1976    18.030    21.336     27.938    1.550       1.652           0    12713984            0            1    21321735 
   56913.156607200        18.049        0.029        27912050009500  325.3571640    1.8725640   21h41m25.72s   01d52m21.23s      2               0    4.855332e-07         123          74          66        18.062            0.008     18.068         18.068   18.080       18.071    0.075       0.027        21328253002521  325.3571640    1.8725460        2791      5   56913.161737200        1977    18.058    21.643     27.912    1.850       1.797           0    12713984            0            1    21328253 
   56913.367427200        18.040        0.034        27912050009500  325.3571640    1.8725640   21h41m25.72s   01d52m21.23s      2               0    4.855332e-07         123          74          66        18.062            0.008     18.068         18.068   18.080       18.071    0.075       0.027        21328262001817  325.3571420    1.8725450        2791      5   56913.372547200        1977    18.036    20.906     27.892    2.250       2.344           0      131072            0            1    21328262 
   56915.152397200        18.076        0.027        27912050009500  325.3571640    1.8725640   21h41m25.72s   01d52m21.23s      2               0    4.855332e-07         123          74          66        18.062            0.008     18.068         18.068   18.080       18.071    0.075       0.027        21349898002662  325.3571560    1.8725580        2791      5   56915.157447200        1978    18.084    21.822     27.911    1.650       1.671           0    12713984            0            1    21349898 
   56915.196547200        18.020        0.026        27912050009500  325.3571640    1.8725640   21h41m25.72s   01d52m21.23s      2               0    4.855332e-07         123          74          66        18.062            0.008     18.068         18.068   18.080       18.071    0.075       0.027        21349927002725  325.3571530    1.8725500        2791      5   56915.201597200        1978    18.033    22.028     27.943    1.450       1.605           0    12713984            0            1    21349927 
   56914.201277200        18.109        0.028        27912050009500  325.3571640    1.8725640   21h41m25.72s   01d52m21.23s      2               0    4.855332e-07         123          74          66        18.062            0.008     18.068         18.068   18.080       18.071    0.075       0.027        21368937002689  325.3571520    1.8725350        2791      5   56914.206367200        1979    18.118    21.912     27.934    1.550       1.674           0    12713984            0            1    21368937 
   56914.155937200        18.074        0.029        27912050009500  325.3571640    1.8725640   21h41m25.72s   01d52m21.23s      2               0    4.855332e-07         123          74          66        18.062            0.008     18.068         18.068   18.080       18.071    0.075       0.027        21368940002475  325.3571460    1.8725520        2791      5   56914.161027200        1979    18.086    21.587     27.900    1.950       2.044           0      131072            0            1    21368940 
   56916.150627200        18.054        0.028        27912050009500  325.3571640    1.8725640   21h41m25.72s   01d52m21.23s      2               0    4.855332e-07         123          74          66        18.062            0.008     18.068         18.068   18.080       18.071    0.075       0.027        21378827002628  325.3571590    1.8725550        2791      5   56916.155637200        1980    18.061    21.795     27.913    1.650       1.687           0    12713984            0            1    21378827 
   56916.244687200        18.065        0.028        27912050009500  325.3571640    1.8725640   21h41m25.72s   01d52m21.23s      2               0    4.855332e-07         123          74          66        18.062            0.008     18.068         18.068   18.080       18.071    0.075       0.027        21378864002602  325.3571420    1.8725570        2791      5   56916.249697200        1980    18.078    21.821     27.954    1.750       1.776           0      131072            0            1    21378864 
   56917.149637200        18.054        0.040        27912050009500  325.3571640    1.8725640   21h41m25.72s   01d52m21.23s      2               0    4.855332e-07         123          74          66        18.062            0.008     18.068         18.068   18.080       18.071    0.075       0.027        21394689002098  325.3571580    1.8725400        2791      5   56917.154607200        1981    18.055    21.244     27.892    2.450       2.395           0      131072            0            1    21394689 
   56917.192157200        18.077        0.037        27912050009500  325.3571640    1.8725640   21h41m25.72s   01d52m21.23s      2               0    4.855332e-07         123          74          66        18.062            0.008     18.068         18.068   18.080       18.071    0.075       0.027        21394724002530  325.3571490    1.8725630        2791      5   56917.197117200        1981    18.073    21.709     27.915    1.750       1.768           0      131072            0            1    21394724 
   56920.207547200        18.050        0.034        27912050009500  325.3571640    1.8725640   21h41m25.72s   01d52m21.23s      2               0    4.855332e-07         123          74          66        18.062            0.008     18.068         18.068   18.080       18.071    0.075       0.027        21437568002748  325.3571470    1.8725590        2791      5   56920.212377200        1983    18.035    21.875     27.948    1.650       1.657           0    12713984            0            1    21437568 
   56920.246607200        18.055        0.033        27912050009500  325.3571640    1.8725640   21h41m25.72s   01d52m21.23s      2               0    4.855332e-07         123          74          66        18.062            0.008     18.068         18.068   18.080       18.071    0.075       0.027        21437593002808  325.3571530    1.8725530        2791      5   56920.251437200        1983    18.031    21.911     27.949    1.650       1.727           0    12713984            0            1    21437593 
   56921.147817200        18.078        0.032        27912050009500  325.3571640    1.8725640   21h41m25.72s   01d52m21.23s      2               0    4.855332e-07         123          74          66        18.062            0.008     18.068         18.068   18.080       18.071    0.075       0.027        21455666002317  325.3571460    1.8725430        2791      5   56921.152597200        1984    18.079    21.472     27.948    2.350       2.491           0      131072            0            1    21455666 
   56921.189957200        18.042        0.031        27912050009500  325.3571640    1.8725640   21h41m25.72s   01d52m21.23s      2               0    4.855332e-07         123          74          66        18.062            0.008     18.068         18.068   18.080       18.071    0.075       0.027        21455705002694  325.3571510    1.8725530        2791      5   56921.194737200        1984    18.045    21.812     27.995    1.850       1.915           0      131072            0            1    21455705 
   56922.140377200        18.058        0.028        27912050009500  325.3571640    1.8725640   21h41m25.72s   01d52m21.23s      2               0    4.855332e-07         123          74          66        18.062            0.008     18.068         18.068   18.080       18.071    0.075       0.027        21478063002628  325.3571580    1.8725480        2791      5   56922.145117200        1985    18.064    21.839     27.993    1.650       1.642           0    12713984            0            1    21478063 
   56922.182557200        18.058        0.028        27912050009500  325.3571640    1.8725640   21h41m25.72s   01d52m21.23s      2               0    4.855332e-07         123          74          66        18.062            0.008     18.068         18.068   18.080       18.071    0.075       0.027        21478099002602  325.3571490    1.8725510        2791      5   56922.187287200        1985    18.063    21.768     27.998    1.750       1.782           0    12713984            0            1    21478099 
   56923.139007200        18.058        0.030        27912050009500  325.3571640    1.8725640   21h41m25.72s   01d52m21.23s      2               0    4.855332e-07         123          74          66        18.062            0.008     18.068         18.068   18.080       18.071    0.075       0.027        21492322002491  325.3571500    1.8725550        2791      5   56923.143687200        1986    18.056    21.665     27.981    1.850       2.017           0      131072            0            1    21492322 
   56923.181237200        18.058        0.029        27912050009500  325.3571640    1.8725640   21h41m25.72s   01d52m21.23s      2               0    4.855332e-07         123          74          66        18.062            0.008     18.068         18.068   18.080       18.071    0.075       0.027        21492351002614  325.3571500    1.8725440        2791      5   56923.185917200        1986    18.062    21.817     27.999    1.650       1.676           0    12713984            0            1    21492351 
   56924.137987200        18.080        0.027        27912050009500  325.3571640    1.8725640   21h41m25.72s   01d52m21.23s      2               0    4.855332e-07         123          74          66        18.062            0.008     18.068         18.068   18.080       18.071    0.075       0.027        21509881002624  325.3571540    1.8725470        2791      5   56924.142617200        1987    18.093    21.844     27.997    1.650       1.728           0    12713984            0            1    21509881 
   56924.180217200        18.081        0.027        27912050009500  325.3571640    1.8725640   21h41m25.72s   01d52m21.23s      2               0    4.855332e-07         123          74          66        18.062            0.008     18.068         18.068   18.080       18.071    0.075       0.027        21509917002723  325.3571520    1.8725420        2791      5   56924.184847200        1987    18.092    21.912     28.003    1.650       1.749           0    12713984            0            1    21509917 
   56925.197797200        18.073        0.028        27912050009500  325.3571640    1.8725640   21h41m25.72s   01d52m21.23s      2               0    4.855332e-07         123          74          66        18.062            0.008     18.068         18.068   18.080       18.071    0.075       0.027        21525688002609  325.3571540    1.8725560        2791      5   56925.202367200        1988    18.080    21.967     27.977    1.550       1.526           0    12713984            0            1    21525688 
   56925.233167200        18.080        0.028        27912050009500  325.3571640    1.8725640   21h41m25.72s   01d52m21.23s      2               0    4.855332e-07         123          74          66        18.062            0.008     18.068         18.068   18.080       18.071    0.075       0.027        21525717002605  325.3571450    1.8725470        2791      5   56925.237737200        1988    18.092    21.781     27.981    1.850       1.902           0      131072            0            1    21525717 
   56926.133207200        18.054        0.027        27912050009500  325.3571640    1.8725640   21h41m25.72s   01d52m21.23s      2               0    4.855332e-07         123          74          66        18.062            0.008     18.068         18.068   18.080       18.071    0.075       0.027        21534544002685  325.3571610    1.8725400        2791      5   56926.137727200        1989    18.067    21.904     27.974    1.550       1.652           0    12713984            0            1    21534544 
   56926.177687200        18.056        0.026        27912050009500  325.3571640    1.8725640   21h41m25.72s   01d52m21.23s      2               0    4.855332e-07         123          74          66        18.062            0.008     18.068         18.068   18.080       18.071    0.075       0.027        21534572002837  325.3571480    1.8725440        2791      5   56926.182197200        1989    18.069    21.996     27.989    1.550       1.463           0    12713984            0            1    21534572 
   56927.138897200        18.042        0.034        27912050009500  325.3571640    1.8725640   21h41m25.72s   01d52m21.23s      2               0    4.855332e-07         123          74          66        18.062            0.008     18.068         18.068   18.080       18.071    0.075       0.027        21551242002533  325.3571520    1.8725520        2791      5   56927.143357200        1990    18.028    21.710     27.943    1.850       1.887           0      131072            0            1    21551242 
   56927.187867200        18.068        0.035        27912050009500  325.3571640    1.8725640   21h41m25.72s   01d52m21.23s      2               0    4.855332e-07         123          74          66        18.062            0.008     18.068         18.068   18.080       18.071    0.075       0.027        21551283002406  325.3571550    1.8725520        2791      5   56927.192327200        1990    18.056    21.618     27.953    2.050       2.043           0      131072            0            1    21551283 
   56928.137467200        18.058        0.042        27912050009500  325.3571640    1.8725640   21h41m25.72s   01d52m21.23s      2               0    4.855332e-07         123          74          66        18.062            0.008     18.068         18.068   18.080       18.071    0.075       0.027        21559527001798  325.3571480    1.8725480        2791      5   56928.141867200        1991    18.032    20.928     27.925    3.550       3.811           0      131072            0            1    21559527 
   56928.182547200        18.103        0.042        27912050009500  325.3571640    1.8725640   21h41m25.72s   01d52m21.23s      2               0    4.855332e-07         123          74          66        18.062            0.008     18.068         18.068   18.080       18.071    0.075       0.027        21559565001932  325.3571410    1.8725290        2791      5   56928.186947200        1991    18.094    21.068     27.947    3.250       3.267           0      131072            0            1    21559565 
   55723.345217200        18.208        0.045        27912050009500  325.3571640    1.8725640   21h41m25.72s   01d52m21.23s      2               0    4.855332e-07         123          74          66        18.062            0.008     18.068         18.068   18.080       18.071    0.075       0.027         9676879001528  325.3571480    1.8726620        2791      5   55723.347427200         821    18.196    20.343     27.792    3.650       3.930           0    46268416            0            1     9676879 
   55723.403817200        18.067        0.031        27912050009500  325.3571640    1.8725640   21h41m25.72s   01d52m21.23s      2               0    4.855332e-07         123          74          66        18.062            0.008     18.068         18.068   18.080       18.071    0.075       0.027         9676894002557  325.3571680    1.8725520        2791      5   55723.406027200         821    18.055    21.332     27.869    2.750       2.543           0      131072            0            1     9676894 
   55735.470227200        18.075        0.073        27912050009500  325.3571640    1.8725640   21h41m25.72s   01d52m21.23s      2               0    4.855332e-07         123          74          66        18.062            0.008     18.068         18.068   18.080       18.071    0.075       0.027         9699958002327  325.3571130    1.8725640        2791      5   55735.473427200         833    18.055    21.524     27.875    1.750       1.726           0    12713984            0            1     9699958 
