   55755.486877200        17.302        0.026        27912080005830  323.9532660    0.4302120   21h35m48.78s   00d25m48.76s      2               0    6.600533e-07         125          55          52        17.333            0.008     17.333         17.333   17.323       17.313    0.111       0.084        10216344003450  323.9532600    0.4301810        2791      8   55755.491387200         853    17.307    20.936     27.860    2.350       2.648           0      131075            0            1    10216344 
   55772.262997200        17.856        0.244        27912080005830  323.9532660    0.4302120   21h35m48.78s   00d25m48.76s      2               0    6.600533e-07         125          55          52        17.333            0.008     17.333         17.333   17.323       17.313    0.111       0.084        10273828000686  323.9532620    0.4301830        2791      8   55772.268247200         870    21.353    21.049     27.651    2.250       3.391           0           0            0            1    10273828 
   55772.205887200        17.370        0.105        27912080005830  323.9532660    0.4302120   21h35m48.78s   00d25m48.76s      2               0    6.600533e-07         125          55          52        17.333            0.008     17.333         17.333   17.323       17.313    0.111       0.084        10273841003241  323.9532130    0.4302080        2791      8   55772.211137200         870    17.288    20.607     27.461    2.850       2.938           0      131075            0            1    10273841 
   55780.200067200        17.362        0.031        27912080005830  323.9532660    0.4302120   21h35m48.78s   00d25m48.76s      2               0    6.600533e-07         125          55          52        17.333            0.008     17.333         17.333   17.323       17.313    0.111       0.084        10352208003521  323.9532390    0.4302350        2791      8   55780.205527200         878    17.374    21.094     27.810    1.950       2.115           0      131074            0            1    10352208 
   55780.243977200        17.344        0.030        27912080005830  323.9532660    0.4302120   21h35m48.78s   00d25m48.76s      2               0    6.600533e-07         125          55          52        17.333            0.008     17.333         17.333   17.323       17.313    0.111       0.084        10352300004037  323.9532180    0.4301330        2791      8   55780.249437200         878    17.352    21.478     27.853    1.650       1.839           0      131074            0            1    10352300 
   55783.331327200        17.343        0.031        27912080005830  323.9532660    0.4302120   21h35m48.78s   00d25m48.76s      2               0    6.600533e-07         125          55          52        17.333            0.008     17.333         17.333   17.323       17.313    0.111       0.084        10359402003227  323.9532120    0.4301890        2791      8   55783.336847200         881    17.352    20.818     27.855    2.250       2.355           0      131074            0            1    10359402 
   55838.219707200        17.355        0.029        27912080005830  323.9532660    0.4302120   21h35m48.78s   00d25m48.76s      2               0    6.600533e-07         125          55          52        17.333            0.008     17.333         17.333   17.323       17.313    0.111       0.084        10569273003369  323.9532440    0.4302040        2791      8   55838.223747200         936    17.359    20.978     27.784    2.050       2.218           0      131074            0            1    10569273 
   55446.220867200        17.314        0.029        27912080005830  323.9532660    0.4302120   21h35m48.78s   00d25m48.76s      2               0    6.600533e-07         125          55          52        17.333            0.008     17.333         17.333   17.323       17.313    0.111       0.084        10911920004645  323.9532020    0.4301510        2791      8   55446.226197200         541    17.309    21.608     27.933    2.150       2.281           0      131075            0            1    10911920 
   55446.176917200        17.326        0.029        27912080005830  323.9532660    0.4302120   21h35m48.78s   00d25m48.76s      2               0    6.600533e-07         125          55          52        17.333            0.008     17.333         17.333   17.323       17.313    0.111       0.084        10912099004482  323.9532320    0.4301770        2791      8   55446.182247200         541    17.326    21.540     27.916    2.050       2.186           0      131075            0            1    10912099 
   55443.222937200        17.341        0.026        27912080005830  323.9532660    0.4302120   21h35m48.78s   00d25m48.76s      2               0    6.600533e-07         125          55          52        17.333            0.008     17.333         17.333   17.323       17.313    0.111       0.084        10917812004585  323.9532210    0.4302060        2791      8   55443.228347200         538    17.344    21.651     27.939    1.950       2.132           0      131075            0            1    10917812 
   55443.173127200        17.322        0.027        27912080005830  323.9532660    0.4302120   21h35m48.78s   00d25m48.76s      2               0    6.600533e-07         125          55          52        17.333            0.008     17.333         17.333   17.323       17.313    0.111       0.084        10917843004263  323.9532440    0.4302110        2791      8   55443.178527200         538    17.329    21.464     27.916    2.050       2.256           0      131075            0            1    10917843 
   55410.451837200        17.314        0.237        27912080005830  323.9532660    0.4302120   21h35m48.78s   00d25m48.76s      2               0    6.600533e-07         125          55          52        17.333            0.008     17.333         17.333   17.323       17.313    0.111       0.084        11106387003982  323.9532230    0.4302120        2791      8   55410.457187200         509    17.176    21.184     27.706    1.950       2.117           0      131074            0            1    11106387 
   55410.495627200        17.339        0.237        27912080005830  323.9532660    0.4302120   21h35m48.78s   00d25m48.76s      2               0    6.600533e-07         125          55          52        17.333            0.008     17.333         17.333   17.323       17.313    0.111       0.084        11106462003445  323.9532120    0.4301730        2791      8   55410.500977200         509    17.302    20.911     27.757    2.050       2.169           0    12713986            0            1    11106462 
   55418.242827200        17.372        0.269        27912080005830  323.9532660    0.4302120   21h35m48.78s   00d25m48.76s      2               0    6.600533e-07         125          55          52        17.333            0.008     17.333         17.333   17.323       17.313    0.111       0.084        11125630003387  323.9532570    0.4301970        2791      8   55418.248337200         517    17.386    20.812     26.872    2.450       2.653           0      131075            0            1    11125630 
   55418.196957200        17.406        0.269        27912080005830  323.9532660    0.4302120   21h35m48.78s   00d25m48.76s      2               0    6.600533e-07         125          55          52        17.333            0.008     17.333         17.333   17.323       17.313    0.111       0.084        11125656003145  323.9532780    0.4301970        2791      8   55418.202467200         517    17.352    20.352     26.900    3.250       3.485           0      131075            0            1    11125656 
   55422.182097200        17.332        0.030        27912080005830  323.9532660    0.4302120   21h35m48.78s   00d25m48.76s      2               0    6.600533e-07         125          55          52        17.333            0.008     17.333         17.333   17.323       17.313    0.111       0.084        11150272003629  323.9532310    0.4302030        2791      8   55422.187657200         521    17.319    21.024     27.854    2.650       2.771           0      131075            0            1    11150272 
   55422.226017200        17.352        0.029        27912080005830  323.9532660    0.4302120   21h35m48.78s   00d25m48.76s      2               0    6.600533e-07         125          55          52        17.333            0.008     17.333         17.333   17.323       17.313    0.111       0.084        11150304004183  323.9532460    0.4301610        2791      8   55422.231577200         521    17.353    21.444     27.907    2.250       2.330           0      131075            0            1    11150304 
   55429.248187200        17.340        0.031        27912080005830  323.9532660    0.4302120   21h35m48.78s   00d25m48.76s      2               0    6.600533e-07         125          55          52        17.333            0.008     17.333         17.333   17.323       17.313    0.111       0.084        11192690003391  323.9532170    0.4302110        2791      8   55429.253767200         528    17.348    21.027     27.941    1.650       1.693           0      131072            0            1    11192690 
   55429.292357200        17.363        0.031        27912080005830  323.9532660    0.4302120   21h35m48.78s   00d25m48.76s      2               0    6.600533e-07         125          55          52        17.333            0.008     17.333         17.333   17.323       17.313    0.111       0.084        11192777003371  323.9531820    0.4301750        2791      8   55429.297947200         528    17.377    21.055     27.951    1.650       1.782           0    12713986            0            1    11192777 
   55426.295937200        17.411        0.191        27912080005830  323.9532660    0.4302120   21h35m48.78s   00d25m48.76s      2               0    6.600533e-07         125          55          52        17.333            0.008     17.333         17.333   17.323       17.313    0.111       0.084        11198327004015  323.9532060    0.4301220        2791      8   55426.301527200         525    17.411    21.577     27.733    1.450       1.498           0    12713986            0            1    11198327 
   55438.384397200        17.332        0.030        27912080005830  323.9532660    0.4302120   21h35m48.78s   00d25m48.76s      2               0    6.600533e-07         125          55          52        17.333            0.008     17.333         17.333   17.323       17.313    0.111       0.084        11219696003267  323.9532400    0.4302180        2791      8   55438.389897200         606    17.334    20.843     27.881    2.650       2.819           0      131074            0            1    11219696 
   55438.341427200        17.322        0.029        27912080005830  323.9532660    0.4302120   21h35m48.78s   00d25m48.76s      2               0    6.600533e-07         125          55          52        17.333            0.008     17.333         17.333   17.323       17.313    0.111       0.084        11219742003606  323.9532290    0.4301490        2791      8   55438.346927200         606    17.319    21.054     27.900    2.350       2.467           0      131075            0            1    11219742 
   55385.433627200        17.331        0.027        27912080005830  323.9532660    0.4302120   21h35m48.78s   00d25m48.76s      2               0    6.600533e-07         125          55          52        17.333            0.008     17.333         17.333   17.323       17.313    0.111       0.084        11235115004916  323.9532120    0.4301880        2791      8   55385.437857200         484    17.332    21.806     27.948    2.150       2.167           0      131075            0            1    11235115 
   55385.390487200        17.311        0.027        27912080005830  323.9532660    0.4302120   21h35m48.78s   00d25m48.76s      2               0    6.600533e-07         125          55          52        17.333            0.008     17.333         17.333   17.323       17.313    0.111       0.084        11235134005161  323.9532270    0.4302150        2791      8   55385.394727200         484    17.317    21.974     27.956    1.850       1.954           0      131074            0            1    11235134 
   55380.354617200        17.319        0.031        27912080005830  323.9532660    0.4302120   21h35m48.78s   00d25m48.76s      2               0    6.600533e-07         125          55          52        17.333            0.008     17.333         17.333   17.323       17.313    0.111       0.084        11248034003217  323.9532320    0.4302210        2791      8   55380.358537200         479    17.328    20.797     27.950    2.750       2.967           0      131075            0            1    11248034 
   55380.310957200        17.000        0.032        27912080005830  323.9532660    0.4302120   21h35m48.78s   00d25m48.76s      2               0    6.600533e-07         125          55          52        17.333            0.008     17.333         17.333   17.323       17.313    0.111       0.084        11248078003235  323.9532570    0.4302020        2791      8   55380.314877200         479    16.996    20.728     27.919    2.850       8.161           0      131088            0            1    11248078 
   55355.342397200        17.019        0.027        27912080005830  323.9532660    0.4302120   21h35m48.78s   00d25m48.76s      2               0    6.600533e-07         125          55          52        17.333            0.008     17.333         17.333   17.323       17.313    0.111       0.084        11350401003534  323.9532710    0.4302230        2791      8   55355.344367200         454    17.012    20.976     27.848    3.350       8.818           0      131072            0            1    11350401 
   55353.464537200        17.352        0.028        27912080005830  323.9532660    0.4302120   21h35m48.78s   00d25m48.76s      2               0    6.600533e-07         125          55          52        17.333            0.008     17.333         17.333   17.323       17.313    0.111       0.084        11352836004558  323.9532160    0.4301720        2791      8   55353.466337200         453    17.360    21.668     28.007    1.850       2.001           0    12713986            0            1    11352836 
   55361.438287200        17.333        0.025        27912080005830  323.9532660    0.4302120   21h35m48.78s   00d25m48.76s      2               0    6.600533e-07         125          55          52        17.333            0.008     17.333         17.333   17.323       17.313    0.111       0.084        11375884004623  323.9532410    0.4301950        2791      8   55361.440777200         460    17.339    21.744     27.928    1.950       2.030           0      131075            0            1    11375884 
   55361.481947200        17.351        0.029        27912080005830  323.9532660    0.4302120   21h35m48.78s   00d25m48.76s      2               0    6.600533e-07         125          55          52        17.333            0.008     17.333         17.333   17.323       17.313    0.111       0.084        11375984003112  323.9532350    0.4302020        2791      8   55361.484437200         460    17.362    20.745     27.937    2.350       2.399           0      131074            0            1    11375984 
   55360.470207200        17.303        0.026        27912080005830  323.9532660    0.4302120   21h35m48.78s   00d25m48.76s      2               0    6.600533e-07         125          55          52        17.333            0.008     17.333         17.333   17.323       17.313    0.111       0.084        11379885004268  323.9532430    0.4301910        2791      8   55360.472617200         459    17.308    21.485     27.924    2.350       2.461           0      131075            0            1    11379885 
   55366.473097200        17.330        0.025        27912080005830  323.9532660    0.4302120   21h35m48.78s   00d25m48.76s      2               0    6.600533e-07         125          55          52        17.333            0.008     17.333         17.333   17.323       17.313    0.111       0.084        11400541004512  323.9532210    0.4301960        2791      8   55366.475997200         465    17.342    21.642     28.018    1.950       1.998           0      131075            0            1    11400541 
   55367.392397200        17.293        0.025        27912080005830  323.9532660    0.4302120   21h35m48.78s   00d25m48.76s      2               0    6.600533e-07         125          55          52        17.333            0.008     17.333         17.333   17.323       17.313    0.111       0.084        11405527004330  323.9532420    0.4302080        2791      8   55367.395367200         466    17.289    21.505     27.954    2.350       2.507           0      131075            0            1    11405527 
   55367.435687200        17.320        0.025        27912080005830  323.9532660    0.4302120   21h35m48.78s   00d25m48.76s      2               0    6.600533e-07         125          55          52        17.333            0.008     17.333         17.333   17.323       17.313    0.111       0.084        11405570004488  323.9532310    0.4301900        2791      8   55367.438657200         466    17.323    21.546     27.971    2.350       2.414           0      131075            0            1    11405570 
   55372.434957200        17.355        0.028        27912080005830  323.9532660    0.4302120   21h35m48.78s   00d25m48.76s      2               0    6.600533e-07         125          55          52        17.333            0.008     17.333         17.333   17.323       17.313    0.111       0.084        11412546003479  323.9532180    0.4301880        2791      8   55372.438307200         471    17.359    21.075     27.985    1.850       2.060           0    12713986            0            1    11412546 
   55372.390467200        17.348        0.029        27912080005830  323.9532660    0.4302120   21h35m48.78s   00d25m48.76s      2               0    6.600533e-07         125          55          52        17.333            0.008     17.333         17.333   17.323       17.313    0.111       0.084        11412595003278  323.9532250    0.4301800        2791      8   55372.393817200         471    17.349    20.770     27.968    2.250       2.346           0      131075            0            1    11412595 
   55108.131057200        17.339        0.035        27912080005830  323.9532660    0.4302120   21h35m48.78s   00d25m48.76s      2               0    6.600533e-07         125          55          52        17.333            0.008     17.333         17.333   17.323       17.313    0.111       0.084        11807314002574  323.9532260    0.4301950        2791      8   55108.135057200         219    17.327    20.326     27.577    1.850       1.980           0      131074            0            1    11807314 
   55107.287177200        17.311        0.044        27912080005830  323.9532660    0.4302120   21h35m48.78s   00d25m48.76s      2               0    6.600533e-07         125          55          52        17.333            0.008     17.333         17.333   17.323       17.313    0.111       0.084        11808121002453  323.9532490    0.4302150        2791      8   55107.291237200         218    17.287    20.146     27.563    1.950       2.112           0      131072            0            1    11808121 
   55080.318577200        17.365        0.038        27912080005830  323.9532660    0.4302120   21h35m48.78s   00d25m48.76s      2               0    6.600533e-07         125          55          52        17.333            0.008     17.333         17.333   17.323       17.313    0.111       0.084        11816963002431  323.9532260    0.4301980        2791      8   55080.323917200         194    17.342    20.298     27.449    1.850       1.952           0      131072            0            1    11816963 
   55080.275007200        17.381        0.039        27912080005830  323.9532660    0.4302120   21h35m48.78s   00d25m48.76s      2               0    6.600533e-07         125          55          52        17.333            0.008     17.333         17.333   17.323       17.313    0.111       0.084        11817019002481  323.9532220    0.4301920        2791      8   55080.280357200         194    17.358    20.294     27.455    1.950       1.906           0      131072            0            1    11817019 
   55088.245757200        17.344        0.031        27912080005830  323.9532660    0.4302120   21h35m48.78s   00d25m48.76s      2               0    6.600533e-07         125          55          52        17.333            0.008     17.333         17.333   17.323       17.313    0.111       0.084        11839684004304  323.9532470    0.4302060        2791      8   55088.250827200         200    17.354    21.655     27.501    1.850       1.994           0      131075            0            1    11839684 
   55088.289367200        17.341        0.031        27912080005830  323.9532660    0.4302120   21h35m48.78s   00d25m48.76s      2               0    6.600533e-07         125          55          52        17.333            0.008     17.333         17.333   17.323       17.313    0.111       0.084        11839706004474  323.9532410    0.4302100        2791      8   55088.294437200         200    17.342    21.638     27.496    1.950       2.032           0      131075            0            1    11839706 
   55047.449997200        17.332        0.083        27912080005830  323.9532660    0.4302120   21h35m48.78s   00d25m48.76s      2               0    6.600533e-07         125          55          52        17.333            0.008     17.333         17.333   17.323       17.313    0.111       0.084        11858697002698  323.9532480    0.4302100        2791      8   55047.455407200         161    17.309    20.346     27.520    1.750       1.759           0      131072            0            1    11858697 
   55047.266377200        17.361        0.088        27912080005830  323.9532660    0.4302120   21h35m48.78s   00d25m48.76s      2               0    6.600533e-07         125          55          52        17.333            0.008     17.333         17.333   17.323       17.313    0.111       0.084        11858707002112  323.9532780    0.4302090        2791      8   55047.271777200         161    17.450    19.783     27.427    2.050       2.183           0      131072            0            1    11858707 
   55046.364747200        17.386        0.046        27912080005830  323.9532660    0.4302120   21h35m48.78s   00d25m48.76s      2               0    6.600533e-07         125          55          52        17.333            0.008     17.333         17.333   17.323       17.313    0.111       0.084        11859567003209  323.9532320    0.4302050        2791      8   55046.370127200         160    17.386    20.768     27.597    1.950       2.032           0      131072            0            1    11859567 
   55046.267207200        17.320        0.047        27912080005830  323.9532660    0.4302120   21h35m48.78s   00d25m48.76s      2               0    6.600533e-07         125          55          52        17.333            0.008     17.333         17.333   17.323       17.313    0.111       0.084        11859636003084  323.9532560    0.4301970        2791      8   55046.272587200         160    17.342    20.680     27.603    1.950       2.003           0      131074            0            1    11859636 
   55053.224747200        17.332        0.033        27912080005830  323.9532660    0.4302120   21h35m48.78s   00d25m48.76s      2               0    6.600533e-07         125          55          52        17.333            0.008     17.333         17.333   17.323       17.313    0.111       0.084        11867019002838  323.9532330    0.4302030        2791      8   55053.230267200         167    17.331    20.513     27.448    1.750       2.037           0      131074            0            1    11867019 
   55053.298097200        17.349        0.031        27912080005830  323.9532660    0.4302120   21h35m48.78s   00d25m48.76s      2               0    6.600533e-07         125          55          52        17.333            0.008     17.333         17.333   17.323       17.313    0.111       0.084        11867100002966  323.9532500    0.4302040        2791      8   55053.303617200         167    17.340    20.584     27.495    1.850       1.900           0      131072            0            1    11867100 
   55054.404897200        17.346        0.055        27912080005830  323.9532660    0.4302120   21h35m48.78s   00d25m48.76s      2               0    6.600533e-07         125          55          52        17.333            0.008     17.333         17.333   17.323       17.313    0.111       0.084        11869349003244  323.9532290    0.4301880        2791      8   55054.410427200         168    17.345    20.933     27.462    1.550       1.566           0    12713984            0            1    11869349 
   55067.151497200        17.319        0.076        27912080005830  323.9532660    0.4302120   21h35m48.78s   00d25m48.76s      2               0    6.600533e-07         125          55          52        17.333            0.008     17.333         17.333   17.323       17.313    0.111       0.084        11882826003552  323.9532330    0.4302070        2791      8   55067.157067200         181    17.333    21.062     27.362    1.850       1.953           0      131075            0            1    11882826 
   55066.374237200        17.343        0.030        27912080005830  323.9532660    0.4302120   21h35m48.78s   00d25m48.76s      2               0    6.600533e-07         125          55          52        17.333            0.008     17.333         17.333   17.323       17.313    0.111       0.084        11885228004005  323.9532510    0.4301950        2791      8   55066.379817200         180    17.355    21.408     27.374    1.750       1.978           0      131075            0            1    11885228 
   55062.339447200        17.322        0.031        27912080005830  323.9532660    0.4302120   21h35m48.78s   00d25m48.76s      2               0    6.600533e-07         125          55          52        17.333            0.008     17.333         17.333   17.323       17.313    0.111       0.084        11892516004179  323.9532420    0.4301950        2791      8   55062.345037200         176    17.310    21.411     27.442    2.150       2.226           0      131075            0            1    11892516 
   55062.399247200        17.332        0.031        27912080005830  323.9532660    0.4302120   21h35m48.78s   00d25m48.76s      2               0    6.600533e-07         125          55          52        17.333            0.008     17.333         17.333   17.323       17.313    0.111       0.084        11892612004280  323.9532450    0.4302160        2791      8   55062.404837200         176    17.319    21.504     27.426    1.850       1.996           0      131075            0            1    11892612 
   55060.340277200        17.348        0.029        27912080005830  323.9532660    0.4302120   21h35m48.78s   00d25m48.76s      2               0    6.600533e-07         125          55          52        17.333            0.008     17.333         17.333   17.323       17.313    0.111       0.084        11897533004159  323.9532280    0.4301990        2791      8   55060.345867200         174    17.368    21.574     27.478    1.750       1.792           0      131075            0            1    11897533 
   55060.251067200        17.327        0.029        27912080005830  323.9532660    0.4302120   21h35m48.78s   00d25m48.76s      2               0    6.600533e-07         125          55          52        17.333            0.008     17.333         17.333   17.323       17.313    0.111       0.084        11897561004018  323.9532400    0.4302230        2791      8   55060.256647200         174    17.343    21.256     27.470    2.150       2.347           0      131075            0            1    11897561 
   55055.164297200        17.328        0.039        27912080005830  323.9532660    0.4302120   21h35m48.78s   00d25m48.76s      2               0    6.600533e-07         125          55          52        17.333            0.008     17.333         17.333   17.323       17.313    0.111       0.084        11903918003315  323.9532470    0.4302130        2791      8   55055.169837200         169    17.332    20.699     27.286    2.450       2.582           0      131075            0            1    11903918 
   55014.291107200        17.338        0.041        27912080005830  323.9532660    0.4302120   21h35m48.78s   00d25m48.76s      2               0    6.600533e-07         125          55          52        17.333            0.008     17.333         17.333   17.323       17.313    0.111       0.084        11913245002861  323.9532370    0.4302100        2791      8   55014.294977200         128    17.324    20.235     27.156    2.450       2.630           0      131074            0            1    11913245 
   55014.409407200        17.312        0.036        27912080005830  323.9532660    0.4302120   21h35m48.78s   00d25m48.76s      2               0    6.600533e-07         125          55          52        17.333            0.008     17.333         17.333   17.323       17.313    0.111       0.084        11913347004269  323.9532380    0.4302010        2791      8   55014.413277200         128    17.322    21.510     27.296    1.750       1.845           0      131075            0            1    11913347 
   55025.340997200        17.362        0.036        27912080005830  323.9532660    0.4302120   21h35m48.78s   00d25m48.76s      2               0    6.600533e-07         125          55          52        17.333            0.008     17.333         17.333   17.323       17.313    0.111       0.084        11944187003250  323.9532440    0.4302070        2791      8   55025.345527200         139    17.348    20.807     27.257    1.650       1.846           0      131072            0            1    11944187 
   55025.244547200        17.333        0.038        27912080005830  323.9532660    0.4302120   21h35m48.78s   00d25m48.76s      2               0    6.600533e-07         125          55          52        17.333            0.008     17.333         17.333   17.323       17.313    0.111       0.084        11944211003022  323.9532440    0.4302180        2791      8   55025.249077200         139    17.314    20.345     27.148    2.750       3.091           0      131074            0            1    11944211 
   55040.351617200        17.347        0.028        27912080005830  323.9532660    0.4302120   21h35m48.78s   00d25m48.76s      2               0    6.600533e-07         125          55          52        17.333            0.008     17.333         17.333   17.323       17.313    0.111       0.084        11986939004550  323.9532360    0.4302120        2791      8   55040.356827200         154    17.334    21.644     27.499    1.750       1.899           0      131075            0            1    11986939 
   55040.245867200        17.032        0.031        27912080005830  323.9532660    0.4302120   21h35m48.78s   00d25m48.76s      2               0    6.600533e-07         125          55          52        17.333            0.008     17.333         17.333   17.323       17.313    0.111       0.084        11987024003486  323.9532840    0.4302070        2791      8   55040.251067200         154    17.026    20.823     27.441    2.650       9.031           0      131088            0            1    11987024 
   55035.233447200        17.227        0.049        27912080005830  323.9532660    0.4302120   21h35m48.78s   00d25m48.76s      2               0    6.600533e-07         125          55          52        17.333            0.008     17.333         17.333   17.323       17.313    0.111       0.084        12002264002921  323.9532360    0.4302110        2791      8   55035.238457200         149    17.663    20.862     27.274    2.250       2.399           0      131074            0            1    12002264 
   55035.324977200        17.340        0.046        27912080005830  323.9532660    0.4302120   21h35m48.78s   00d25m48.76s      2               0    6.600533e-07         125          55          52        17.333            0.008     17.333         17.333   17.323       17.313    0.111       0.084        12002294004693  323.9532430    0.4301930        2791      8   55035.329987200         149    17.333    21.674     27.474    1.650       1.743           0      131074            0            1    12002294 
   55008.335927200        17.346        0.030        27912080005830  323.9532660    0.4302120   21h35m48.78s   00d25m48.76s      2               0    6.600533e-07         125          55          52        17.333            0.008     17.333         17.333   17.323       17.313    0.111       0.084        15102221003702  323.9532320    0.4302150        2791      8   55008.339367200         122    17.344    21.001     27.319    2.450       2.618           0      131075            0            1    15102221 
   55008.478057200        17.327        0.030        27912080005830  323.9532660    0.4302120   21h35m48.78s   00d25m48.76s      2               0    6.600533e-07         125          55          52        17.333            0.008     17.333         17.333   17.323       17.313    0.111       0.084        15102253003733  323.9532250    0.4302130        2791      8   55008.481507200         122    17.318    21.110     27.371    1.850       1.922           0      131075            0            1    15102253 
   56911.164437200        17.344        0.032        27912080005830  323.9532660    0.4302120   21h35m48.78s   00d25m48.76s      2               0    6.600533e-07         125          55          52        17.333            0.008     17.333         17.333   17.323       17.313    0.111       0.084        21288018003138  323.9532520    0.4301850        2791      8   56911.169637200        1975    17.347    20.928     27.889    1.650       1.731           0    12713986            0            1    21288018 
   56911.200277200        17.384        0.032        27912080005830  323.9532660    0.4302120   21h35m48.78s   00d25m48.76s      2               0    6.600533e-07         125          55          52        17.333            0.008     17.333         17.333   17.323       17.313    0.111       0.084        21288046003109  323.9532440    0.4302120        2791      8   56911.205477200        1975    17.377    20.932     27.896    1.650       1.774           0      131072            0            1    21288046 
   56912.158427200        17.305        0.026        27912080005830  323.9532660    0.4302120   21h35m48.78s   00d25m48.76s      2               0    6.600533e-07         125          55          52        17.333            0.008     17.333         17.333   17.323       17.313    0.111       0.084        21320616003952  323.9532560    0.4301940        2791      8   56912.163597200        1976    17.312    21.356     27.874    1.950       2.093           0      131074            0            1    21320616 
   56912.201807200        17.357        0.028        27912080005830  323.9532660    0.4302120   21h35m48.78s   00d25m48.76s      2               0    6.600533e-07         125          55          52        17.333            0.008     17.333         17.333   17.323       17.313    0.111       0.084        21320655003495  323.9532450    0.4302050        2791      8   56912.206967200        1976    17.371    21.212     27.898    1.550       1.804           0      131072            0            1    21320655 
   56913.156607200        17.335        0.027        27912080005830  323.9532660    0.4302120   21h35m48.78s   00d25m48.76s      2               0    6.600533e-07         125          55          52        17.333            0.008     17.333         17.333   17.323       17.313    0.111       0.084        21328792004183  323.9532400    0.4301960        2791      8   56913.161737200        1977    17.343    21.569     27.882    1.750       1.891           0      131075            0            1    21328792 
   56913.367427200        17.319        0.030        27912080005830  323.9532660    0.4302120   21h35m48.78s   00d25m48.76s      2               0    6.600533e-07         125          55          52        17.333            0.008     17.333         17.333   17.323       17.313    0.111       0.084        21328802003199  323.9532500    0.4301970        2791      8   56913.372547200        1977    17.318    20.910     27.858    1.950       2.218           0      131074            0            1    21328802 
   56915.152397200        17.331        0.025        27912080005830  323.9532660    0.4302120   21h35m48.78s   00d25m48.76s      2               0    6.600533e-07         125          55          52        17.333            0.008     17.333         17.333   17.323       17.313    0.111       0.084        21349750004392  323.9532580    0.4301910        2791      8   56915.157447200        1978    17.336    21.689     27.882    1.650       1.728           0    12713987            0            1    21349750 
   56915.196547200        17.334        0.024        27912080005830  323.9532660    0.4302120   21h35m48.78s   00d25m48.76s      2               0    6.600533e-07         125          55          52        17.333            0.008     17.333         17.333   17.323       17.313    0.111       0.084        21349779004514  323.9532420    0.4302040        2791      8   56915.201597200        1978    17.343    21.819     27.910    1.550       1.589           0      131075            0            1    21349779 
   56914.201277200        17.352        0.026        27912080005830  323.9532660    0.4302120   21h35m48.78s   00d25m48.76s      2               0    6.600533e-07         125          55          52        17.333            0.008     17.333         17.333   17.323       17.313    0.111       0.084        21368633004371  323.9532490    0.4302080        2791      8   56914.206367200        1979    17.360    21.720     27.902    1.650       1.639           0    12713987            0            1    21368633 
   56914.155937200        17.325        0.026        27912080005830  323.9532660    0.4302120   21h35m48.78s   00d25m48.76s      2               0    6.600533e-07         125          55          52        17.333            0.008     17.333         17.333   17.323       17.313    0.111       0.084        21368636004117  323.9532590    0.4302060        2791      8   56914.161027200        1979    17.335    21.464     27.869    1.950       2.068           0      131074            0            1    21368636 
   56916.150627200        17.354        0.025        27912080005830  323.9532660    0.4302120   21h35m48.78s   00d25m48.76s      2               0    6.600533e-07         125          55          52        17.333            0.008     17.333         17.333   17.323       17.313    0.111       0.084        21377842004332  323.9532450    0.4301930        2791      8   56916.155637200        1980    17.355    21.662     27.878    1.650       1.677           0    12713987            0            1    21377842 
   56916.244687200        17.346        0.025        27912080005830  323.9532660    0.4302120   21h35m48.78s   00d25m48.76s      2               0    6.600533e-07         125          55          52        17.333            0.008     17.333         17.333   17.323       17.313    0.111       0.084        21377879004215  323.9532480    0.4301970        2791      8   56916.249697200        1980    17.354    21.574     27.918    1.950       2.042           0      131075            0            1    21377879 
   56917.149637200        17.337        0.031        27912080005830  323.9532660    0.4302120   21h35m48.78s   00d25m48.76s      2               0    6.600533e-07         125          55          52        17.333            0.008     17.333         17.333   17.323       17.313    0.111       0.084        21394314003588  323.9532570    0.4302090        2791      8   56917.154607200        1981    17.330    21.135     27.870    2.450       2.648           0      131075            0            1    21394314 
   56917.192157200        17.341        0.030        27912080005830  323.9532660    0.4302120   21h35m48.78s   00d25m48.76s      2               0    6.600533e-07         125          55          52        17.333            0.008     17.333         17.333   17.323       17.313    0.111       0.084        21394349004253  323.9532500    0.4301950        2791      8   56917.197117200        1981    17.335    21.591     27.887    1.750       1.859           0      131075            0            1    21394349 
   56920.207547200        17.344        0.028        27912080005830  323.9532660    0.4302120   21h35m48.78s   00d25m48.76s      2               0    6.600533e-07         125          55          52        17.333            0.008     17.333         17.333   17.323       17.313    0.111       0.084        21437004004457  323.9532430    0.4301880        2791      8   56920.212377200        1983    17.339    21.745     27.924    1.650       1.921           0      131075            0            1    21437004 
   56920.246607200        17.311        0.028        27912080005830  323.9532660    0.4302120   21h35m48.78s   00d25m48.76s      2               0    6.600533e-07         125          55          52        17.333            0.008     17.333         17.333   17.323       17.313    0.111       0.084        21437029004530  323.9532450    0.4301900        2791      8   56920.251437200        1983    17.304    21.727     27.933    1.750       2.022           0      131074            0            1    21437029 
   56921.147817200        17.336        0.030        27912080005830  323.9532660    0.4302120   21h35m48.78s   00d25m48.76s      2               0    6.600533e-07         125          55          52        17.333            0.008     17.333         17.333   17.323       17.313    0.111       0.084        21455402003940  323.9532500    0.4301910        2791      8   56921.152597200        1984    17.335    21.387     27.910    2.250       2.380           0      131075            0            1    21455402 
   56921.189957200        17.334        0.029        27912080005830  323.9532660    0.4302120   21h35m48.78s   00d25m48.76s      2               0    6.600533e-07         125          55          52        17.333            0.008     17.333         17.333   17.323       17.313    0.111       0.084        21455441004477  323.9532490    0.4302000        2791      8   56921.194737200        1984    17.335    21.674     27.954    1.850       1.949           0      131075            0            1    21455441 
   56922.140377200        17.334        0.025        27912080005830  323.9532660    0.4302120   21h35m48.78s   00d25m48.76s      2               0    6.600533e-07         125          55          52        17.333            0.008     17.333         17.333   17.323       17.313    0.111       0.084        21474105004424  323.9532480    0.4302000        2791      8   56922.145117200        1985    17.337    21.703     27.948    1.650       1.836           0      131074            0            1    21474105 
   56922.182557200        17.327        0.026        27912080005830  323.9532660    0.4302120   21h35m48.78s   00d25m48.76s      2               0    6.600533e-07         125          55          52        17.333            0.008     17.333         17.333   17.323       17.313    0.111       0.084        21474141004330  323.9532420    0.4301910        2791      8   56922.187287200        1985    17.329    21.632     27.953    1.750       1.887           0      131075            0            1    21474141 
   56923.139007200        17.321        0.027        27912080005830  323.9532660    0.4302120   21h35m48.78s   00d25m48.76s      2               0    6.600533e-07         125          55          52        17.333            0.008     17.333         17.333   17.323       17.313    0.111       0.084        21491947004124  323.9532460    0.4301930        2791      8   56923.143687200        1986    17.314    21.479     27.938    1.950       2.055           0      131075            0            1    21491947 
   56923.181237200        17.323        0.026        27912080005830  323.9532660    0.4302120   21h35m48.78s   00d25m48.76s      2               0    6.600533e-07         125          55          52        17.333            0.008     17.333         17.333   17.323       17.313    0.111       0.084        21491976004280  323.9532440    0.4301980        2791      8   56923.185917200        1986    17.320    21.688     27.952    1.650       1.728           0      131074            0            1    21491976 
   56924.137987200        17.326        0.025        27912080005830  323.9532660    0.4302120   21h35m48.78s   00d25m48.76s      2               0    6.600533e-07         125          55          52        17.333            0.008     17.333         17.333   17.323       17.313    0.111       0.084        21509521004413  323.9532440    0.4301970        2791      8   56924.142617200        1987    17.334    21.708     27.953    1.650       1.775           0      131074            0            1    21509521 
   56924.180217200        17.334        0.025        27912080005830  323.9532660    0.4302120   21h35m48.78s   00d25m48.76s      2               0    6.600533e-07         125          55          52        17.333            0.008     17.333         17.333   17.323       17.313    0.111       0.084        21509557004424  323.9532440    0.4301990        2791      8   56924.184847200        1987    17.341    21.712     27.958    1.750       1.905           0      131074            0            1    21509557 
   56925.197797200        17.343        0.028        27912080005830  323.9532660    0.4302120   21h35m48.78s   00d25m48.76s      2               0    6.600533e-07         125          55          52        17.333            0.008     17.333         17.333   17.323       17.313    0.111       0.084        21525373004232  323.9532430    0.4301940        2791      8   56925.202367200        1988    17.342    21.517     27.929    2.050       1.959           0      131075            0            1    21525373 
   56925.233167200        17.361        0.028        27912080005830  323.9532660    0.4302120   21h35m48.78s   00d25m48.76s      2               0    6.600533e-07         125          55          52        17.333            0.008     17.333         17.333   17.323       17.313    0.111       0.084        21525402004114  323.9532400    0.4301940        2791      8   56925.237737200        1988    17.363    21.376     27.933    2.350       2.376           0      131075            0            1    21525402 
   56926.133207200        17.320        0.024        27912080005830  323.9532660    0.4302120   21h35m48.78s   00d25m48.76s      2               0    6.600533e-07         125          55          52        17.333            0.008     17.333         17.333   17.323       17.313    0.111       0.084        21534620004420  323.9532470    0.4301960        2791      8   56926.137727200        1989    17.332    21.760     27.929    1.550       1.670           0    12713986            0            1    21534620 
   56926.177687200        17.312        0.024        27912080005830  323.9532660    0.4302120   21h35m48.78s   00d25m48.76s      2               0    6.600533e-07         125          55          52        17.333            0.008     17.333         17.333   17.323       17.313    0.111       0.084        21534648004580  323.9532360    0.4302010        2791      8   56926.182197200        1989    17.325    21.775     27.942    1.650       1.726           0      131074            0            1    21534648 
   56927.138897200        17.349        0.028        27912080005830  323.9532660    0.4302120   21h35m48.78s   00d25m48.76s      2               0    6.600533e-07         125          55          52        17.333            0.008     17.333         17.333   17.323       17.313    0.111       0.084        21551159004262  323.9532430    0.4302020        2791      8   56927.143357200        1990    17.341    21.580     27.910    1.850       1.898           0      131075            0            1    21551159 
   56927.187867200        17.324        0.028        27912080005830  323.9532660    0.4302120   21h35m48.78s   00d25m48.76s      2               0    6.600533e-07         125          55          52        17.333            0.008     17.333         17.333   17.323       17.313    0.111       0.084        21551200004154  323.9532580    0.4301900        2791      8   56927.192327200        1990    17.320    21.547     27.922    1.950       2.034           0      131075            0            1    21551200 
   56928.137467200        17.026        0.038        27912080005830  323.9532660    0.4302120   21h35m48.78s   00d25m48.76s      2               0    6.600533e-07         125          55          52        17.333            0.008     17.333         17.333   17.323       17.313    0.111       0.084        21559839003100  323.9532800    0.4302060        2791      8   56928.141867200        1991    16.999    20.838     27.885    3.450       8.429           0      131072            0            1    21559839 
   56928.182547200        17.046        0.037        27912080005830  323.9532660    0.4302120   21h35m48.78s   00d25m48.76s      2               0    6.600533e-07         125          55          52        17.333            0.008     17.333         17.333   17.323       17.313    0.111       0.084        21559877003316  323.9532970    0.4302120        2791      8   56928.186947200        1991    17.039    20.974     27.907    3.150       7.894           0      131072            0            1    21559877 
   55723.345217200        17.059        0.033        27912080005830  323.9532660    0.4302120   21h35m48.78s   00d25m48.76s      2               0    6.600533e-07         125          55          52        17.333            0.008     17.333         17.333   17.323       17.313    0.111       0.084         9676776002752  323.9532710    0.4301800        2791      8   55723.347427200         821    17.037    20.276     27.770    3.550      10.985           0      131088            0            1     9676776 
   55723.403817200        17.327        0.027        27912080005830  323.9532660    0.4302120   21h35m48.78s   00d25m48.76s      2               0    6.600533e-07         125          55          52        17.333            0.008     17.333         17.333   17.323       17.313    0.111       0.084         9676791004320  323.9532430    0.4301890        2791      8   55723.406027200         821    17.312    21.463     27.848    2.250       2.489           0      131075            0            1     9676791 
   55735.470227200        17.340        0.025        27912080005830  323.9532660    0.4302120   21h35m48.78s   00d25m48.76s      2               0    6.600533e-07         125          55          52        17.333            0.008     17.333         17.333   17.323       17.313    0.111       0.084         9700161003940  323.9531860    0.4301700        2791      8   55735.473427200         833    17.343    21.374     27.884    1.850       2.005           0      131074            0            1     9700161 
