   55755.486877200        18.661        0.050        27912040006833  324.6912850    1.8597250   21h38m45.91s   01d51m35.01s      2               0    5.112026e-07         123          91          79        18.610            0.014     18.619         18.624   18.621       18.619    0.053       0.050        10216523002054  324.6912920    1.8597490        2791      4   55755.491387200         853    18.667    20.921     28.061    2.550       2.670           0      131072            0            1    10216523 
   55772.205887200        18.611        0.143        27912040006833  324.6912850    1.8597250   21h38m45.91s   01d51m35.01s      2               0    5.112026e-07         123          91          79        18.610            0.014     18.619         18.624   18.621       18.619    0.053       0.050        10274018001823  324.6913300    1.8597190        2791      4   55772.211137200         870    18.406    20.566     27.477    2.650       2.633           0      131072            0            1    10274018 
   55780.200067200        18.682        0.048        27912040006833  324.6912850    1.8597250   21h38m45.91s   01d51m35.01s      2               0    5.112026e-07         123          91          79        18.610            0.014     18.619         18.624   18.621       18.619    0.053       0.050        10352524001979  324.6912770    1.8597310        2791      4   55780.205527200         878    18.693    21.148     27.999    1.950       2.054           0    12713984            0            1    10352524 
   55780.243977200        18.527        0.043        27912040006833  324.6912850    1.8597250   21h38m45.91s   01d51m35.01s      2               0    5.112026e-07         123          91          79        18.610            0.014     18.619         18.624   18.621       18.619    0.053       0.050        10352615002327  324.6912370    1.8597550        2791      4   55780.249437200         878    18.532    21.538     28.045    1.650       1.647           0      131072            0            1    10352615 
   55783.374317200        18.593        0.049        27912040006833  324.6912850    1.8597250   21h38m45.91s   01d51m35.01s      2               0    5.112026e-07         123          91          79        18.610            0.014     18.619         18.624   18.621       18.619    0.053       0.050        10359785001950  324.6912410    1.8597190        2791      4   55783.379827200         881    18.597    20.982     28.051    2.150       2.216           0    12713984            0            1    10359785 
   55783.331327200        18.638        0.051        27912040006833  324.6912850    1.8597250   21h38m45.91s   01d51m35.01s      2               0    5.112026e-07         123          91          79        18.610            0.014     18.619         18.624   18.621       18.619    0.053       0.050        10359845001901  324.6912640    1.8597590        2791      4   55783.336847200         881    18.643    20.938     28.050    2.150       2.270           0      131072            0            1    10359845 
   55838.219707200        18.641        0.047        27912040006833  324.6912850    1.8597250   21h38m45.91s   01d51m35.01s      2               0    5.112026e-07         123          91          79        18.610            0.014     18.619         18.624   18.621       18.619    0.053       0.050        10568939001932  324.6912870    1.8597480        2791      4   55838.223747200         936    18.645    21.003     27.983    2.150       2.092           0      131072            0            1    10568939 
   55443.222937200        18.621        0.036        27912040006833  324.6912850    1.8597250   21h38m45.91s   01d51m35.01s      2               0    5.112026e-07         123          91          79        18.610            0.014     18.619         18.624   18.621       18.619    0.053       0.050        10908364002702  324.6912740    1.8597450        2791      4   55443.228347200         538    18.629    21.764     28.138    1.850       1.847           0    12713984            0            1    10908364 
   55443.173127200        18.620        0.038        27912040006833  324.6912850    1.8597250   21h38m45.91s   01d51m35.01s      2               0    5.112026e-07         123          91          79        18.610            0.014     18.619         18.624   18.621       18.619    0.053       0.050        10908393002493  324.6912870    1.8597310        2791      4   55443.178527200         538    18.635    21.578     28.116    1.950       1.957           0    12713984            0            1    10908393 
   55446.220867200        18.560        0.037        27912040006833  324.6912850    1.8597250   21h38m45.91s   01d51m35.01s      2               0    5.112026e-07         123          91          79        18.610            0.014     18.619         18.624   18.621       18.619    0.053       0.050        10913666002713  324.6912520    1.8596910        2791      4   55446.226197200         541    18.560    21.708     28.134    2.050       1.993           0      131072            0            1    10913666 
   55446.176917200        18.650        0.039        27912040006833  324.6912850    1.8597250   21h38m45.91s   01d51m35.01s      2               0    5.112026e-07         123          91          79        18.610            0.014     18.619         18.624   18.621       18.619    0.053       0.050        10913840002601  324.6912720    1.8597250        2791      4   55446.182247200         541    18.653    21.700     28.116    1.850       1.991           0      131072            0            1    10913840 
   55410.451837200        18.659        0.282        27912040006833  324.6912850    1.8597250   21h38m45.91s   01d51m35.01s      2               0    5.112026e-07         123          91          79        18.610            0.014     18.619         18.624   18.621       18.619    0.053       0.050        11105894002318  324.6912680    1.8597180        2791      4   55410.457187200         509    18.372    21.139     27.799    1.850       1.977           0      131072            0            1    11105894 
   55410.495627200        18.613        0.282        27912040006833  324.6912850    1.8597250   21h38m45.91s   01d51m35.01s      2               0    5.112026e-07         123          91          79        18.610            0.014     18.619         18.624   18.621       18.619    0.053       0.050        11105970002003  324.6912700    1.8597420        2791      4   55410.500977200         509    18.356    20.753     27.783    2.050       2.033           0      131072            0            1    11105970 
   55418.242827200        18.556        0.245        27912040006833  324.6912850    1.8597250   21h38m45.91s   01d51m35.01s      2               0    5.112026e-07         123          91          79        18.610            0.014     18.619         18.624   18.621       18.619    0.053       0.050        11127121002035  324.6912880    1.8597540        2791      4   55418.248337200         517    18.479    20.778     27.079    2.650       2.405           0      131072            0            1    11127121 
   55418.196957200        18.618        0.246        27912040006833  324.6912850    1.8597250   21h38m45.91s   01d51m35.01s      2               0    5.112026e-07         123          91          79        18.610            0.014     18.619         18.624   18.621       18.619    0.053       0.050        11127147001944  324.6912910    1.8596830        2791      4   55418.202467200         517    18.570    20.410     27.171    3.450       2.899           0      131072            0            1    11127147 
   55422.182097200        18.610        0.050        27912040006833  324.6912850    1.8597250   21h38m45.91s   01d51m35.01s      2               0    5.112026e-07         123          91          79        18.610            0.014     18.619         18.624   18.621       18.619    0.053       0.050        11148465002148  324.6913030    1.8597320        2791      4   55422.187657200         521    18.574    21.147     28.033    2.450       2.642           0      131072            0            1    11148465 
   55422.226017200        18.602        0.046        27912040006833  324.6912850    1.8597250   21h38m45.91s   01d51m35.01s      2               0    5.112026e-07         123          91          79        18.610            0.014     18.619         18.624   18.621       18.619    0.053       0.050        11148497002515  324.6912990    1.8597250        2791      4   55422.231577200         521    18.575    21.532     28.083    2.150       2.336           0      131072            0            1    11148497 
   55429.248187200        18.642        0.108        27912040006833  324.6912850    1.8597250   21h38m45.91s   01d51m35.01s      2               0    5.112026e-07         123          91          79        18.610            0.014     18.619         18.624   18.621       18.619    0.053       0.050        11195619002003  324.6912380    1.8597480        2791      4   55429.253767200         528    18.567    21.080     28.075    1.550       1.603           0    12713984            0            1    11195619 
   55429.292357200        18.639        0.108        27912040006833  324.6912850    1.8597250   21h38m45.91s   01d51m35.01s      2               0    5.112026e-07         123          91          79        18.610            0.014     18.619         18.624   18.621       18.619    0.053       0.050        11195707001966  324.6912620    1.8596950        2791      4   55429.297947200         528    18.554    21.096     28.069    1.550       1.689           0    12713984            0            1    11195707 
   55426.295937200        18.685        0.270        27912040006833  324.6912850    1.8597250   21h38m45.91s   01d51m35.01s      2               0    5.112026e-07         123          91          79        18.610            0.014     18.619         18.624   18.621       18.619    0.053       0.050        11199743002054  324.6912800    1.8597630        2791      4   55426.301527200         525    18.606    21.307     27.658    1.350       1.347           0    12713984            0            1    11199743 
   55438.384397200        18.605        0.052        27912040006833  324.6912850    1.8597250   21h38m45.91s   01d51m35.01s      2               0    5.112026e-07         123          91          79        18.610            0.014     18.619         18.624   18.621       18.619    0.053       0.050        11218943001943  324.6912860    1.8597420        2791      4   55438.389897200         606    18.577    20.931     28.056    2.550       2.694           0      131072            0            1    11218943 
   55438.341427200        18.605        0.049        27912040006833  324.6912850    1.8597250   21h38m45.91s   01d51m35.01s      2               0    5.112026e-07         123          91          79        18.610            0.014     18.619         18.624   18.621       18.619    0.053       0.050        11218990002130  324.6912710    1.8597150        2791      4   55438.346927200         606    18.574    21.143     28.077    2.250       2.182           0      131072            0            1    11218990 
   55385.433627200        18.590        0.039        27912040006833  324.6912850    1.8597250   21h38m45.91s   01d51m35.01s      2               0    5.112026e-07         123          91          79        18.610            0.014     18.619         18.624   18.621       18.619    0.053       0.050        11234222002905  324.6912670    1.8597400        2791      4   55385.437857200         484    18.574    21.895     28.128    2.050       2.544           0      131072            0            1    11234222 
   55385.390487200        18.646        0.037        27912040006833  324.6912850    1.8597250   21h38m45.91s   01d51m35.01s      2               0    5.112026e-07         123          91          79        18.610            0.014     18.619         18.624   18.621       18.619    0.053       0.050        11234241003073  324.6912590    1.8597130        2791      4   55385.394727200         484    18.636    22.007     28.134    1.850       1.793           0      131072            0            1    11234241 
   55380.354617200        18.662        0.048        27912040006833  324.6912850    1.8597250   21h38m45.91s   01d51m35.01s      2               0    5.112026e-07         123          91          79        18.610            0.014     18.619         18.624   18.621       18.619    0.053       0.050        11247200001859  324.6912860    1.8597290        2791      4   55380.358537200         479    18.674    20.835     28.146    2.750       2.753           0      131072            0            1    11247200 
   55380.310957200        18.602        0.049        27912040006833  324.6912850    1.8597250   21h38m45.91s   01d51m35.01s      2               0    5.112026e-07         123          91          79        18.610            0.014     18.619         18.624   18.621       18.619    0.053       0.050        11247244001848  324.6913100    1.8597180        2791      4   55380.314877200         479    18.602    20.764     28.113    2.850       2.800           0      131072            0            1    11247244 
   55355.342397200        18.675        0.047        27912040006833  324.6912850    1.8597250   21h38m45.91s   01d51m35.01s      2               0    5.112026e-07         123          91          79        18.610            0.014     18.619         18.624   18.621       18.619    0.053       0.050        11348898002088  324.6912840    1.8597280        2791      4   55355.344367200         454    18.654    20.998     28.029    3.350       3.274           0      131072            0            1    11348898 
   55353.464537200        18.573        0.087        27912040006833  324.6912850    1.8597250   21h38m45.91s   01d51m35.01s      2               0    5.112026e-07         123          91          79        18.610            0.014     18.619         18.624   18.621       18.619    0.053       0.050        11351527002648  324.6912640    1.8597160        2791      4   55353.466337200         453    18.551    21.675     28.173    1.850       1.944           0      131072            0            1    11351527 
   55361.438287200        18.604        0.047        27912040006833  324.6912850    1.8597250   21h38m45.91s   01d51m35.01s      2               0    5.112026e-07         123          91          79        18.610            0.014     18.619         18.624   18.621       18.619    0.053       0.050        11376342002771  324.6912880    1.8597500        2791      4   55361.440777200         460    18.578    21.826     28.103    1.850       1.910           0      131072            0            1    11376342 
   55361.481947200        18.544        0.058        27912040006833  324.6912850    1.8597250   21h38m45.91s   01d51m35.01s      2               0    5.112026e-07         123          91          79        18.610            0.014     18.619         18.624   18.621       18.619    0.053       0.050        11376441001879  324.6912770    1.8597090        2791      4   55361.484437200         460    18.527    20.829     28.112    2.250       2.413           0      131072            0            1    11376441 
   55360.470207200        18.609        0.047        27912040006833  324.6912850    1.8597250   21h38m45.91s   01d51m35.01s      2               0    5.112026e-07         123          91          79        18.610            0.014     18.619         18.624   18.621       18.619    0.053       0.050        11380084002538  324.6913010    1.8597350        2791      4   55360.472617200         459    18.584    21.525     28.097    2.350       2.569           0      131072            0            1    11380084 
   55366.473097200        18.620        0.034        27912040006833  324.6912850    1.8597250   21h38m45.91s   01d51m35.01s      2               0    5.112026e-07         123          91          79        18.610            0.014     18.619         18.624   18.621       18.619    0.053       0.050        11398836002624  324.6912710    1.8597190        2791      4   55366.475997200         465    18.637    21.756     28.214    1.850       2.029           0      131072            0            1    11398836 
   55367.392397200        18.643        0.035        27912040006833  324.6912850    1.8597250   21h38m45.91s   01d51m35.01s      2               0    5.112026e-07         123          91          79        18.610            0.014     18.619         18.624   18.621       18.619    0.053       0.050        11403988002487  324.6913040    1.8597400        2791      4   55367.395367200         466    18.641    21.553     28.143    2.350       2.266           0      131072            0            1    11403988 
   55367.435687200        18.591        0.035        27912040006833  324.6912850    1.8597250   21h38m45.91s   01d51m35.01s      2               0    5.112026e-07         123          91          79        18.610            0.014     18.619         18.624   18.621       18.619    0.053       0.050        11404030002591  324.6912770    1.8597460        2791      4   55367.438657200         466    18.593    21.582     28.160    2.350       2.463           0      131072            0            1    11404030 
   55372.434957200        18.625        0.068        27912040006833  324.6912850    1.8597250   21h38m45.91s   01d51m35.01s      2               0    5.112026e-07         123          91          79        18.610            0.014     18.619         18.624   18.621       18.619    0.053       0.050        11412330002064  324.6912540    1.8596960        2791      4   55372.438307200         471    18.607    21.128     28.169    1.850       2.144           0    12713984            0            1    11412330 
   55372.390467200        18.681        0.072        27912040006833  324.6912850    1.8597250   21h38m45.91s   01d51m35.01s      2               0    5.112026e-07         123          91          79        18.610            0.014     18.619         18.624   18.621       18.619    0.053       0.050        11412378001917  324.6912650    1.8597160        2791      4   55372.393817200         471    18.669    20.876     28.159    2.150       2.180           0      131072            0            1    11412378 
   55108.131057200        18.671        0.069        27912040006833  324.6912850    1.8597250   21h38m45.91s   01d51m35.01s      2               0    5.112026e-07         123          91          79        18.610            0.014     18.619         18.624   18.621       18.619    0.053       0.050        11806253001405  324.6912400    1.8597320        2791      4   55108.135057200         219    18.675    20.378     27.799    1.850       1.961           0      131072            0            1    11806253 
   55107.287177200        18.605        0.071        27912040006833  324.6912850    1.8597250   21h38m45.91s   01d51m35.01s      2               0    5.112026e-07         123          91          79        18.610            0.014     18.619         18.624   18.621       18.619    0.053       0.050        11807729001350  324.6912800    1.8597240        2791      4   55107.291237200         218    18.597    20.208     27.784    1.950       2.153           0      131072            0            1    11807729 
   55080.318577200        18.619        0.115        27912040006833  324.6912850    1.8597250   21h38m45.91s   01d51m35.01s      2               0    5.112026e-07         123          91          79        18.610            0.014     18.619         18.624   18.621       18.619    0.053       0.050        11817123001456  324.6912540    1.8597330        2791      4   55080.323917200         194    18.497    20.386     27.581    1.650       2.452           0      131072            0            1    11817123 
   55080.275007200        18.518        0.114        27912040006833  324.6912850    1.8597250   21h38m45.91s   01d51m35.01s      2               0    5.112026e-07         123          91          79        18.610            0.014     18.619         18.624   18.621       18.619    0.053       0.050        11817179001457  324.6912240    1.8597290        2791      4   55080.280357200         194    18.405    20.378     27.595    1.750       2.042           0      131072            0            1    11817179 
   55088.245757200        18.541        0.046        27912040006833  324.6912850    1.8597250   21h38m45.91s   01d51m35.01s      2               0    5.112026e-07         123          91          79        18.610            0.014     18.619         18.624   18.621       18.619    0.053       0.050        11841255002643  324.6912640    1.8597320        2791      4   55088.250827200         200    18.531    21.785     27.800    1.850       1.941           0      131072            0            1    11841255 
   55088.289367200        18.588        0.045        27912040006833  324.6912850    1.8597250   21h38m45.91s   01d51m35.01s      2               0    5.112026e-07         123          91          79        18.610            0.014     18.619         18.624   18.621       18.619    0.053       0.050        11841277002806  324.6912490    1.8597440        2791      4   55088.294437200         200    18.570    21.823     27.797    1.850       1.862           0    12713984            0            1    11841277 
   55047.449997200        18.516        0.143        27912040006833  324.6912850    1.8597250   21h38m45.91s   01d51m35.01s      2               0    5.112026e-07         123          91          79        18.610            0.014     18.619         18.624   18.621       18.619    0.053       0.050        11860555001684  324.6912880    1.8597290        2791      4   55047.455407200         161    18.412    20.469     27.629    1.650       1.962           0    12713984            0            1    11860555 
   55047.266377200        18.745        0.157        27912040006833  324.6912850    1.8597250   21h38m45.91s   01d51m35.01s      2               0    5.112026e-07         123          91          79        18.610            0.014     18.619         18.624   18.621       18.619    0.053       0.050        11860565001293  324.6913160    1.8597130        2791      4   55047.271777200         161    18.745    19.971     27.538    1.850       2.285           0      131072            0            1    11860565 
   55046.364747200        18.646        0.065        27912040006833  324.6912850    1.8597250   21h38m45.91s   01d51m35.01s      2               0    5.112026e-07         123          91          79        18.610            0.014     18.619         18.624   18.621       18.619    0.053       0.050        11860798001940  324.6912530    1.8596880        2791      4   55046.370127200         160    18.640    20.926     27.817    1.850       1.979           0    12713984            0            1    11860798 
   55046.267207200        18.608        0.067        27912040006833  324.6912850    1.8597250   21h38m45.91s   01d51m35.01s      2               0    5.112026e-07         123          91          79        18.610            0.014     18.619         18.624   18.621       18.619    0.053       0.050        11860865001832  324.6912810    1.8597150        2791      4   55046.272587200         160    18.609    20.762     27.809    1.950       2.114           0    12713984            0            1    11860865 
   55053.224747200        18.613        0.108        27912040006833  324.6912850    1.8597250   21h38m45.91s   01d51m35.01s      2               0    5.112026e-07         123          91          79        18.610            0.014     18.619         18.624   18.621       18.619    0.053       0.050        11866606001699  324.6912820    1.8597510        2791      4   55053.230267200         167    18.551    20.596     27.651    1.650       1.515           0      131072            0            1    11866606 
   55053.298097200        18.640        0.105        27912040006833  324.6912850    1.8597250   21h38m45.91s   01d51m35.01s      2               0    5.112026e-07         123          91          79        18.610            0.014     18.619         18.624   18.621       18.619    0.053       0.050        11866684001765  324.6912740    1.8597390        2791      4   55053.303617200         167    18.583    20.684     27.715    1.750       1.848           0      131072            0            1    11866684 
   55054.404897200        18.592        0.076        27912040006833  324.6912850    1.8597250   21h38m45.91s   01d51m35.01s      2               0    5.112026e-07         123          91          79        18.610            0.014     18.619         18.624   18.621       18.619    0.053       0.050        11868995001917  324.6912280    1.8597340        2791      4   55054.410427200         168    18.567    21.107     27.709    1.450       1.547           0    12713984            0            1    11868995 
   55067.151497200        18.617        0.179        27912040006833  324.6912850    1.8597250   21h38m45.91s   01d51m35.01s      2               0    5.112026e-07         123          91          79        18.610            0.014     18.619         18.624   18.621       18.619    0.053       0.050        11882124002286  324.6912500    1.8597170        2791      4   55067.157067200         181    18.483    21.135     27.572    1.750       1.840           0      131072            0            1    11882124 
   55066.374237200        18.598        0.090        27912040006833  324.6912850    1.8597250   21h38m45.91s   01d51m35.01s      2               0    5.112026e-07         123          91          79        18.610            0.014     18.619         18.624   18.621       18.619    0.053       0.050        11884558002593  324.6912450    1.8597260        2791      4   55066.379817200         180    18.512    21.472     27.594    1.750       1.747           0    12713984            0            1    11884558 
   55062.339447200        18.579        0.071        27912040006833  324.6912850    1.8597250   21h38m45.91s   01d51m35.01s      2               0    5.112026e-07         123          91          79        18.610            0.014     18.619         18.624   18.621       18.619    0.053       0.050        11891707002683  324.6912770    1.8597570        2791      4   55062.345037200         176    18.533    21.580     27.706    2.050       2.290           0      131072            0            1    11891707 
   55062.399247200        18.574        0.072        27912040006833  324.6912850    1.8597250   21h38m45.91s   01d51m35.01s      2               0    5.112026e-07         123          91          79        18.610            0.014     18.619         18.624   18.621       18.619    0.053       0.050        11891802002720  324.6912850    1.8597370        2791      4   55062.404837200         176    18.520    21.683     27.688    1.750       2.813           0      131072            0            1    11891802 
   55060.340277200        18.635        0.066        27912040006833  324.6912850    1.8597250   21h38m45.91s   01d51m35.01s      2               0    5.112026e-07         123          91          79        18.610            0.014     18.619         18.624   18.621       18.619    0.053       0.050        11896371002649  324.6912290    1.8597740        2791      4   55060.345867200         174    18.624    21.684     27.744    1.750       1.817           0      131072            0            1    11896371 
   55060.251067200        18.598        0.067        27912040006833  324.6912850    1.8597250   21h38m45.91s   01d51m35.01s      2               0    5.112026e-07         123          91          79        18.610            0.014     18.619         18.624   18.621       18.619    0.053       0.050        11896399002547  324.6912910    1.8597410        2791      4   55060.256647200         174    18.572    21.352     27.727    2.150       2.065           0      131072            0            1    11896399 
   55055.164297200        18.557        0.062        27912040006833  324.6912850    1.8597250   21h38m45.91s   01d51m35.01s      2               0    5.112026e-07         123          91          79        18.610            0.014     18.619         18.624   18.621       18.619    0.053       0.050        11903226001967  324.6912480    1.8597330        2791      4   55055.169837200         169    18.497    20.803     27.499    2.350       2.434           0      131072            0            1    11903226 
   55014.291107200        18.597        0.102        27912040006833  324.6912850    1.8597250   21h38m45.91s   01d51m35.01s      2               0    5.112026e-07         123          91          79        18.610            0.014     18.619         18.624   18.621       18.619    0.053       0.050        11913479001945  324.6912640    1.8597660        2791      4   55014.294977200         128    18.592    20.497     27.560    2.350       2.280           0      131072            0            1    11913479 
   55014.409407200        18.569        0.096        27912040006833  324.6912850    1.8597250   21h38m45.91s   01d51m35.01s      2               0    5.112026e-07         123          91          79        18.610            0.014     18.619         18.624   18.621       18.619    0.053       0.050        11913579002999  324.6912520    1.8597210        2791      4   55014.413277200         128    18.521    21.659     27.636    1.750       2.139           0      131072            0            1    11913579 
   55025.340997200        18.631        0.073        27912040006833  324.6912850    1.8597250   21h38m45.91s   01d51m35.01s      2               0    5.112026e-07         123          91          79        18.610            0.014     18.619         18.624   18.621       18.619    0.053       0.050        11943837002244  324.6912850    1.8597320        2791      4   55025.345527200         139    18.634    21.018     27.689    1.650       1.635           0      131072            0            1    11943837 
   55025.244547200        18.583        0.074        27912040006833  324.6912850    1.8597250   21h38m45.91s   01d51m35.01s      2               0    5.112026e-07         123          91          79        18.610            0.014     18.619         18.624   18.621       18.619    0.053       0.050        11943861002030  324.6912750    1.8597510        2791      4   55025.249077200         139    18.613    20.585     27.616    2.750       2.826           0      131072            0            1    11943861 
   55040.351617200        18.628        0.034        27912040006833  324.6912850    1.8597250   21h38m45.91s   01d51m35.01s      2               0    5.112026e-07         123          91          79        18.610            0.014     18.619         18.624   18.621       18.619    0.053       0.050        11988411002807  324.6912660    1.8597230        2791      4   55040.356827200         154    18.632    21.760     27.795    1.750       1.804           0      131072            0            1    11988411 
   55040.245867200        18.619        0.043        27912040006833  324.6912850    1.8597250   21h38m45.91s   01d51m35.01s      2               0    5.112026e-07         123          91          79        18.610            0.014     18.619         18.624   18.621       18.619    0.053       0.050        11988496002082  324.6912830    1.8597270        2791      4   55040.251067200         154    18.632    20.949     27.739    2.650       2.677           0      131072            0            1    11988496 
   55035.233447200        18.535        0.138        27912040006833  324.6912850    1.8597250   21h38m45.91s   01d51m35.01s      2               0    5.112026e-07         123          91          79        18.610            0.014     18.619         18.624   18.621       18.619    0.053       0.050        12014538001804  324.6912720    1.8597320        2791      4   55035.238457200         149    18.775    20.948     27.439    2.050       2.285           0      131072            0            1    12014538 
   55035.324977200        18.646        0.133        27912040006833  324.6912850    1.8597250   21h38m45.91s   01d51m35.01s      2               0    5.112026e-07         123          91          79        18.610            0.014     18.619         18.624   18.621       18.619    0.053       0.050        12014568002785  324.6912820    1.8597210        2791      4   55035.329987200         149    18.563    21.669     27.670    1.650       1.604           0    12713984            0            1    12014568 
   55008.335927200        18.661        0.036        27912040006833  324.6912850    1.8597250   21h38m45.91s   01d51m35.01s      2               0    5.112026e-07         123          91          79        18.610            0.014     18.619         18.624   18.621       18.619    0.053       0.050        15101511002608  324.6912960    1.8597310        2791      4   55008.339367200         122    18.674    21.257     27.719    2.350       2.228           0      131072            0            1    15101511 
   55008.478057200        18.568        0.036        27912040006833  324.6912850    1.8597250   21h38m45.91s   01d51m35.01s      2               0    5.112026e-07         123          91          79        18.610            0.014     18.619         18.624   18.621       18.619    0.053       0.050        15101543002608  324.6912730    1.8597390        2791      4   55008.481507200         122    18.573    21.396     27.765    1.750       1.991           0      131072            0            1    15101543 
   56911.164437200        18.569        0.050        27912040006833  324.6912850    1.8597250   21h38m45.91s   01d51m35.01s      2               0    5.112026e-07         123          91          79        18.610            0.014     18.619         18.624   18.621       18.619    0.053       0.050        21288598001783  324.6912790    1.8597340        2791      4   56911.169637200        1975    18.588    20.990     28.100    1.650       1.828           0      131072            0            1    21288598 
   56911.200277200        18.727        0.055        27912040006833  324.6912850    1.8597250   21h38m45.91s   01d51m35.01s      2               0    5.112026e-07         123          91          79        18.610            0.014     18.619         18.624   18.621       18.619    0.053       0.050        21288626001777  324.6912860    1.8597130        2791      4   56911.205477200        1975    18.730    20.991     28.103    1.650       1.564           0      131072            0            1    21288626 
   56912.158427200        18.659        0.037        27912040006833  324.6912850    1.8597250   21h38m45.91s   01d51m35.01s      2               0    5.112026e-07         123          91          79        18.610            0.014     18.619         18.624   18.621       18.619    0.053       0.050        21321848002344  324.6912860    1.8597300        2791      4   56912.163597200        1976    18.672    21.470     28.081    1.850       1.979           0    12713984            0            1    21321848 
   56912.201807200        18.644        0.044        27912040006833  324.6912850    1.8597250   21h38m45.91s   01d51m35.01s      2               0    5.112026e-07         123          91          79        18.610            0.014     18.619         18.624   18.621       18.619    0.053       0.050        21321887002016  324.6912890    1.8597330        2791      4   56912.206967200        1976    18.662    21.341     28.104    1.450       1.361           0    12713984            0            1    21321887 
   56913.156607200        18.654        0.038        27912040006833  324.6912850    1.8597250   21h38m45.91s   01d51m35.01s      2               0    5.112026e-07         123          91          79        18.610            0.014     18.619         18.624   18.621       18.619    0.053       0.050        21326831002437  324.6912930    1.8597390        2791      4   56913.161737200        1977    18.665    21.698     28.080    1.650       1.673           0      131072            0            1    21326831 
   56913.367427200        18.682        0.048        27912040006833  324.6912850    1.8597250   21h38m45.91s   01d51m35.01s      2               0    5.112026e-07         123          91          79        18.610            0.014     18.619         18.624   18.621       18.619    0.053       0.050        21326840001851  324.6912640    1.8597040        2791      4   56913.372547200        1977    18.681    20.985     28.055    1.950       1.989           0    12713984            0            1    21326840 
   56915.152397200        18.666        0.034        27912040006833  324.6912850    1.8597250   21h38m45.91s   01d51m35.01s      2               0    5.112026e-07         123          91          79        18.610            0.014     18.619         18.624   18.621       18.619    0.053       0.050        21350120002552  324.6912950    1.8597360        2791      4   56915.157447200        1978    18.681    21.756     28.083    1.650       1.791           0    12713984            0            1    21350120 
   56915.196547200        18.636        0.034        27912040006833  324.6912850    1.8597250   21h38m45.91s   01d51m35.01s      2               0    5.112026e-07         123          91          79        18.610            0.014     18.619         18.624   18.621       18.619    0.053       0.050        21350149002587  324.6912810    1.8597210        2791      4   56915.201597200        1978    18.653    21.886     28.111    1.550       1.509           0      131072            0            1    21350149 
   56914.201277200        18.629        0.036        27912040006833  324.6912850    1.8597250   21h38m45.91s   01d51m35.01s      2               0    5.112026e-07         123          91          79        18.610            0.014     18.619         18.624   18.621       18.619    0.053       0.050        21368861002537  324.6912790    1.8597290        2791      4   56914.206367200        1979    18.642    21.846     28.105    1.550       1.554           0    12713984            0            1    21368861 
   56914.155937200        18.640        0.037        27912040006833  324.6912850    1.8597250   21h38m45.91s   01d51m35.01s      2               0    5.112026e-07         123          91          79        18.610            0.014     18.619         18.624   18.621       18.619    0.053       0.050        21368864002369  324.6913010    1.8597340        2791      4   56914.161027200        1979    18.657    21.581     28.072    1.850       1.933           0    12713984            0            1    21368864 
   56916.150627200        18.615        0.036        27912040006833  324.6912850    1.8597250   21h38m45.91s   01d51m35.01s      2               0    5.112026e-07         123          91          79        18.610            0.014     18.619         18.624   18.621       18.619    0.053       0.050        21378114002502  324.6912830    1.8597230        2791      4   56916.155637200        1980    18.624    21.795     28.083    1.550       1.811           0    12713984            0            1    21378114 
   56916.244687200        18.646        0.036        27912040006833  324.6912850    1.8597250   21h38m45.91s   01d51m35.01s      2               0    5.112026e-07         123          91          79        18.610            0.014     18.619         18.624   18.621       18.619    0.053       0.050        21378151002427  324.6912790    1.8597460        2791      4   56916.249697200        1980    18.662    21.756     28.123    1.750       2.011           0      131072            0            1    21378151 
   56917.149637200        18.710        0.051        27912040006833  324.6912850    1.8597250   21h38m45.91s   01d51m35.01s      2               0    5.112026e-07         123          91          79        18.610            0.014     18.619         18.624   18.621       18.619    0.053       0.050        21394539002037  324.6912890    1.8597160        2791      4   56917.154607200        1981    18.713    21.227     28.064    2.350       2.430           0      131072            0            1    21394539 
   56917.192157200        18.595        0.046        27912040006833  324.6912850    1.8597250   21h38m45.91s   01d51m35.01s      2               0    5.112026e-07         123          91          79        18.610            0.014     18.619         18.624   18.621       18.619    0.053       0.050        21394574002426  324.6912950    1.8597380        2791      4   56917.197117200        1981    18.594    21.643     28.087    1.750       1.911           0      131072            0            1    21394574 
   56920.207547200        18.643        0.040        27912040006833  324.6912850    1.8597250   21h38m45.91s   01d51m35.01s      2               0    5.112026e-07         123          91          79        18.610            0.014     18.619         18.624   18.621       18.619    0.053       0.050        21437214002528  324.6912670    1.8597440        2791      4   56920.212377200        1983    18.640    21.804     28.121    1.650       1.795           0      131072            0            1    21437214 
   56920.246607200        18.585        0.039        27912040006833  324.6912850    1.8597250   21h38m45.91s   01d51m35.01s      2               0    5.112026e-07         123          91          79        18.610            0.014     18.619         18.624   18.621       18.619    0.053       0.050        21437239002598  324.6912810    1.8597430        2791      4   56920.251437200        1983    18.576    21.840     28.125    1.650       1.889           0      131072            0            1    21437239 
   56921.147817200        18.665        0.040        27912040006833  324.6912850    1.8597250   21h38m45.91s   01d51m35.01s      2               0    5.112026e-07         123          91          79        18.610            0.014     18.619         18.624   18.621       18.619    0.053       0.050        21455578002272  324.6912940    1.8597270        2791      4   56921.152597200        1984    18.667    21.451     28.110    2.250       2.298           0      131072            0            1    21455578 
   56921.189957200        18.605        0.037        27912040006833  324.6912850    1.8597250   21h38m45.91s   01d51m35.01s      2               0    5.112026e-07         123          91          79        18.610            0.014     18.619         18.624   18.621       18.619    0.053       0.050        21455617002558  324.6912950    1.8597240        2791      4   56921.194737200        1984    18.611    21.739     28.155    1.850       1.772           0    12713984            0            1    21455617 
   56922.140377200        18.603        0.035        27912040006833  324.6912850    1.8597250   21h38m45.91s   01d51m35.01s      2               0    5.112026e-07         123          91          79        18.610            0.014     18.619         18.624   18.621       18.619    0.053       0.050        21473883002481  324.6912890    1.8597400        2791      4   56922.145117200        1985    18.615    21.765     28.153    1.650       1.741           0    12713984            0            1    21473883 
   56922.182557200        18.573        0.035        27912040006833  324.6912850    1.8597250   21h38m45.91s   01d51m35.01s      2               0    5.112026e-07         123          91          79        18.610            0.014     18.619         18.624   18.621       18.619    0.053       0.050        21473919002478  324.6912840    1.8597430        2791      4   56922.187287200        1985    18.582    21.758     28.157    1.650       1.835           0      131072            0            1    21473919 
   56923.139007200        18.629        0.037        27912040006833  324.6912850    1.8597250   21h38m45.91s   01d51m35.01s      2               0    5.112026e-07         123          91          79        18.610            0.014     18.619         18.624   18.621       18.619    0.053       0.050        21492097002361  324.6913000    1.8597230        2791      4   56923.143687200        1986    18.630    21.597     28.141    1.850       1.939           0      131072            0            1    21492097 
   56923.181237200        18.558        0.037        27912040006833  324.6912850    1.8597250   21h38m45.91s   01d51m35.01s      2               0    5.112026e-07         123          91          79        18.610            0.014     18.619         18.624   18.621       18.619    0.053       0.050        21492126002432  324.6912940    1.8597390        2791      4   56923.185917200        1986    18.563    21.746     28.157    1.650       1.809           0      131072            0            1    21492126 
   56924.137987200        18.641        0.034        27912040006833  324.6912850    1.8597250   21h38m45.91s   01d51m35.01s      2               0    5.112026e-07         123          91          79        18.610            0.014     18.619         18.624   18.621       18.619    0.053       0.050        21509953002511  324.6912800    1.8597330        2791      4   56924.142617200        1987    18.659    21.771     28.155    1.650       1.761           0      131072            0            1    21509953 
   56924.180217200        18.641        0.035        27912040006833  324.6912850    1.8597250   21h38m45.91s   01d51m35.01s      2               0    5.112026e-07         123          91          79        18.610            0.014     18.619         18.624   18.621       18.619    0.053       0.050        21509989002611  324.6912840    1.8597320        2791      4   56924.184847200        1987    18.656    21.839     28.160    1.650       1.781           0      131072            0            1    21509989 
   56925.197797200        18.686        0.038        27912040006833  324.6912850    1.8597250   21h38m45.91s   01d51m35.01s      2               0    5.112026e-07         123          91          79        18.610            0.014     18.619         18.624   18.621       18.619    0.053       0.050        21525436002421  324.6912850    1.8597230        2791      4   56925.202367200        1988    18.691    21.699     28.133    1.850       1.932           0      131072            0            1    21525436 
   56925.233167200        18.660        0.038        27912040006833  324.6912850    1.8597250   21h38m45.91s   01d51m35.01s      2               0    5.112026e-07         123          91          79        18.610            0.014     18.619         18.624   18.621       18.619    0.053       0.050        21525465002329  324.6912850    1.8597440        2791      4   56925.237737200        1988    18.669    21.543     28.137    2.150       2.380           0      131072            0            1    21525465 
   56926.133207200        18.635        0.035        27912040006833  324.6912850    1.8597250   21h38m45.91s   01d51m35.01s      2               0    5.112026e-07         123          91          79        18.610            0.014     18.619         18.624   18.621       18.619    0.053       0.050        21534848002528  324.6912750    1.8597380        2791      4   56926.137727200        1989    18.653    21.830     28.133    1.550       1.541           0    12713984            0            1    21534848 
   56926.177687200        18.597        0.032        27912040006833  324.6912850    1.8597250   21h38m45.91s   01d51m35.01s      2               0    5.112026e-07         123          91          79        18.610            0.014     18.619         18.624   18.621       18.619    0.053       0.050        21534876002678  324.6912830    1.8597380        2791      4   56926.182197200        1989    18.614    21.986     28.148    1.450       1.622           0    12713984            0            1    21534876 
   56927.138897200        18.627        0.039        27912040006833  324.6912850    1.8597250   21h38m45.91s   01d51m35.01s      2               0    5.112026e-07         123          91          79        18.610            0.014     18.619         18.624   18.621       18.619    0.053       0.050        21550578002396  324.6912860    1.8597350        2791      4   56927.143357200        1990    18.624    21.698     28.115    1.750       1.828           0      131072            0            1    21550578 
   56927.187867200        18.624        0.041        27912040006833  324.6912850    1.8597250   21h38m45.91s   01d51m35.01s      2               0    5.112026e-07         123          91          79        18.610            0.014     18.619         18.624   18.621       18.619    0.053       0.050        21550619002305  324.6912920    1.8597200        2791      4   56927.192327200        1990    18.620    21.545     28.122    2.050       2.112           0      131072            0            1    21550619 
   56928.137467200        18.748        0.055        27912040006833  324.6912850    1.8597250   21h38m45.91s   01d51m35.01s      2               0    5.112026e-07         123          91          79        18.610            0.014     18.619         18.624   18.621       18.619    0.053       0.050        21559449001720  324.6913010    1.8597570        2791      4   56928.141867200        1991    18.724    20.888     28.089    3.450       3.735           0      131072            0            1    21559449 
   56928.182547200        18.642        0.049        27912040006833  324.6912850    1.8597250   21h38m45.91s   01d51m35.01s      2               0    5.112026e-07         123          91          79        18.610            0.014     18.619         18.624   18.621       18.619    0.053       0.050        21559487001847  324.6912900    1.8597090        2791      4   56928.186947200        1991    18.638    21.063     28.111    3.050       3.412           0      131072            0            1    21559487 
   55723.345217200        18.468        0.060        27912040006833  324.6912850    1.8597250   21h38m45.91s   01d51m35.01s      2               0    5.112026e-07         123          91          79        18.610            0.014     18.619         18.624   18.621       18.619    0.053       0.050         9677187001571  324.6912610    1.8597540        2791      4   55723.347427200         821    18.452    20.347     27.969    3.450       3.452           0      131072            0            1     9677187 
   55723.403817200        18.635        0.038        27912040006833  324.6912850    1.8597250   21h38m45.91s   01d51m35.01s      2               0    5.112026e-07         123          91          79        18.610            0.014     18.619         18.624   18.621       18.619    0.053       0.050         9677202002501  324.6913060    1.8597350        2791      4   55723.406027200         821    18.624    21.497     28.049    2.250       2.199           0      131072            0            1     9677202 
   55735.470227200        18.609        0.044        27912040006833  324.6912850    1.8597250   21h38m45.91s   01d51m35.01s      2               0    5.112026e-07         123          91          79        18.610            0.014     18.619         18.624   18.621       18.619    0.053       0.050         9701349002188  324.6912610    1.8597200        2791      4   55735.473427200         833    18.609    21.544     28.080    1.650       1.710           0      131072            0            1     9701349 
