   55755.486877200        17.184        0.033        27912050003347  325.4617960    1.3725700   21h41m50.83s   01d22m21.25s      2               0    2.953594e-07         125          88          75        17.168            0.009     17.169         17.168   17.171       17.166    0.031       0.014        10215989005526  325.4617740    1.3726070        2791      5   55755.491387200         853    17.187    20.871     27.884    2.850       3.896           0    33685504            0            1    10215989 
   55772.262997200        16.657        0.152        27912050003347  325.4617960    1.3725700   21h41m50.83s   01d22m21.25s      2               0    2.953594e-07         125          88          75        17.168            0.009     17.169         17.168   17.171       17.166    0.031       0.014        10273888002229  325.4618020    1.3725740        2791      5   55772.268247200         870    18.875    21.086     27.591    2.350       2.674           0    33685504            0            1    10273888 
   55780.200067200        17.152        0.064        27912050003347  325.4617960    1.3725700   21h41m50.83s   01d22m21.25s      2               0    2.953594e-07         125          88          75        17.168            0.009     17.169         17.168   17.171       17.166    0.031       0.014        10352366005458  325.4617490    1.3725940        2791      5   55780.205527200         878    17.152    21.191     27.810    1.950       2.388           0      131072            0            1    10352366 
   55780.243977200        19.017        0.085        27912050003347  325.4617960    1.3725700   21h41m50.83s   01d22m21.25s      2               0    2.953594e-07         125          88          75        17.168            0.009     17.169         17.168   17.171       17.166    0.031       0.014        10352460007039  325.4621280    1.3725730        2791      5   55780.249437200         878    19.001    21.574     27.846    1.650       2.180           0    46137344            0            1    10352460 
   55783.374317200        16.811        0.030        27912050003347  325.4617960    1.3725700   21h41m50.83s   01d22m21.25s      2               0    2.953594e-07         125          88          75        17.168            0.009     17.169         17.168   17.171       17.166    0.031       0.014        10360000005479  325.4619490    1.3726620        2791      5   55783.379827200         881    16.817    20.790     27.879    2.750       4.583           0    33685504            0            1    10360000 
   55783.331327200        17.166        0.032        27912050003347  325.4617960    1.3725700   21h41m50.83s   01d22m21.25s      2               0    2.953594e-07         125          88          75        17.168            0.009     17.169         17.168   17.171       17.166    0.031       0.014        10360059005059  325.4617730    1.3726000        2791      5   55783.336847200         881    17.173    20.962     27.876    2.250       2.879           0      131072            0            1    10360059 
   55838.219707200        17.183        0.029        27912050003347  325.4617960    1.3725700   21h41m50.83s   01d22m21.25s      2               0    2.953594e-07         125          88          75        17.168            0.009     17.169         17.168   17.171       17.166    0.031       0.014        10568857005766  325.4617640    1.3725910        2791      5   55838.223747200         936    17.187    21.129     27.811    2.050       2.222           0      131072            0            1    10568857 
   55446.220867200        17.140        0.031        27912050003347  325.4617960    1.3725700   21h41m50.83s   01d22m21.25s      2               0    2.953594e-07         125          88          75        17.168            0.009     17.169         17.168   17.171       17.166    0.031       0.014        10908994007209  325.4617580    1.3725940        2791      5   55446.226197200         541    17.141    21.768     27.958    2.050       2.230           0      131072            0            1    10908994 
   55446.176917200        17.228        0.031        27912050003347  325.4617960    1.3725700   21h41m50.83s   01d22m21.25s      2               0    2.953594e-07         125          88          75        17.168            0.009     17.169         17.168   17.171       17.166    0.031       0.014        10909171006976  325.4617660    1.3725890        2791      5   55446.182247200         541    17.230    21.700     27.939    1.950       2.308           0    33685504            0            1    10909171 
   55443.222937200        17.166        0.028        27912050003347  325.4617960    1.3725700   21h41m50.83s   01d22m21.25s      2               0    2.953594e-07         125          88          75        17.168            0.009     17.169         17.168   17.171       17.166    0.031       0.014        10917537007321  325.4617570    1.3726060        2791      5   55443.228347200         538    17.172    21.828     27.956    1.850       2.346           0      131072            0            1    10917537 
   55443.173127200        17.297        0.029        27912050003347  325.4617960    1.3725700   21h41m50.83s   01d22m21.25s      2               0    2.953594e-07         125          88          75        17.168            0.009     17.169         17.168   17.171       17.166    0.031       0.014        10917566007061  325.4617830    1.3726040        2791      5   55443.178527200         538    17.309    21.583     27.931    2.050       2.571           0    33685504            0            1    10917566 
   55410.451837200        17.189        0.287        27912050003347  325.4617960    1.3725700   21h41m50.83s   01d22m21.25s      2               0    2.953594e-07         125          88          75        17.168            0.009     17.169         17.168   17.171       17.166    0.031       0.014        11105403006782  325.4617760    1.3726040        2791      5   55410.457187200         509    16.895    21.260     27.619    1.850       2.102           0      131072            0            1    11105403 
   55410.495627200        17.203        0.287        27912050003347  325.4617960    1.3725700   21h41m50.83s   01d22m21.25s      2               0    2.953594e-07         125          88          75        17.168            0.009     17.169         17.168   17.171       17.166    0.031       0.014        11105479005636  325.4617670    1.3726090        2791      5   55410.500977200         509    17.049    20.835     27.713    2.350       2.670           0      131072            0            1    11105479 
   55418.242827200        17.166        0.216        27912050003347  325.4617960    1.3725700   21h41m50.83s   01d22m21.25s      2               0    2.953594e-07         125          88          75        17.168            0.009     17.169         17.168   17.171       17.166    0.031       0.014        11128639005209  325.4617830    1.3725890        2791      5   55418.248337200         517    17.138    20.678     27.024    3.350       4.094           0      131072            0            1    11128639 
   55418.196957200        17.182        0.216        27912050003347  325.4617960    1.3725700   21h41m50.83s   01d22m21.25s      2               0    2.953594e-07         125          88          75        17.168            0.009     17.169         17.168   17.171       17.166    0.031       0.014        11128665004954  325.4617560    1.3725980        2791      5   55418.202467200         517    17.122    20.106     27.055    4.950       6.127           0      131072            0            1    11128665 
   55422.182097200        17.169        0.031        27912050003347  325.4617960    1.3725700   21h41m50.83s   01d22m21.25s      2               0    2.953594e-07         125          88          75        17.168            0.009     17.169         17.168   17.171       17.166    0.031       0.014        11149499005666  325.4617530    1.3725970        2791      5   55422.187657200         521    17.148    21.211     27.901    2.550       2.937           0      131072            0            1    11149499 
   55422.226017200        17.149        0.030        27912050003347  325.4617960    1.3725700   21h41m50.83s   01d22m21.25s      2               0    2.953594e-07         125          88          75        17.168            0.009     17.169         17.168   17.171       17.166    0.031       0.014        11149531006717  325.4617730    1.3725890        2791      5   55422.231577200         521    17.140    21.646     27.955    2.150       2.458           0      131072            0            1    11149531 
   55429.248187200        17.150        0.191        27912050003347  325.4617960    1.3725700   21h41m50.83s   01d22m21.25s      2               0    2.953594e-07         125          88          75        17.168            0.009     17.169         17.168   17.171       17.166    0.031       0.014        11197295005587  325.4617520    1.3725870        2791      5   55429.253767200         528    16.993    20.973     27.795    1.650       1.764           0    12713984            0            1    11197295 
   55429.292357200        17.259        0.192        27912050003347  325.4617960    1.3725700   21h41m50.83s   01d22m21.25s      2               0    2.953594e-07         125          88          75        17.168            0.009     17.169         17.168   17.171       17.166    0.031       0.014        11197384005673  325.4617580    1.3725820        2791      5   55429.297947200         528    17.077    21.043     27.771    1.550       2.043           0    33685504            0            1    11197384 
   55426.295937200        17.216        0.258        27912050003347  325.4617960    1.3725700   21h41m50.83s   01d22m21.25s      2               0    2.953594e-07         125          88          75        17.168            0.009     17.169         17.168   17.171       17.166    0.031       0.014        11200486005407  325.4617540    1.3726020        2791      5   55426.301527200         525    17.322    21.357     27.552    1.350       1.620           0    12713984            0            1    11200486 
   55438.384397200        17.175        0.030        27912050003347  325.4617960    1.3725700   21h41m50.83s   01d22m21.25s      2               0    2.953594e-07         125          88          75        17.168            0.009     17.169         17.168   17.171       17.166    0.031       0.014        11218564005303  325.4617580    1.3725690        2791      5   55438.389897200         606    17.159    21.004     27.926    2.650       3.124           0      131072            0            1    11218564 
   55438.341427200        17.150        0.030        27912050003347  325.4617960    1.3725700   21h41m50.83s   01d22m21.25s      2               0    2.953594e-07         125          88          75        17.168            0.009     17.169         17.168   17.171       17.166    0.031       0.014        11218611005556  325.4617580    1.3725850        2791      5   55438.346927200         606    17.131    21.209     27.948    2.350       2.698           0      131072            0            1    11218611 
   55385.433627200        17.174        0.030        27912050003347  325.4617960    1.3725700   21h41m50.83s   01d22m21.25s      2               0    2.953594e-07         125          88          75        17.168            0.009     17.169         17.168   17.171       17.166    0.031       0.014        11233774008428  325.4617710    1.3725820        2791      5   55385.437857200         484    17.170    21.982     27.971    2.050       2.225           0      131072            0            1    11233774 
   55385.390487200        17.171        0.030        27912050003347  325.4617960    1.3725700   21h41m50.83s   01d22m21.25s      2               0    2.953594e-07         125          88          75        17.168            0.009     17.169         17.168   17.171       17.166    0.031       0.014        11233793008820  325.4617560    1.3725790        2791      5   55385.394727200         484    17.173    22.093     27.979    1.850       2.073           0      131072            0            1    11233793 
   55380.354617200        17.174        0.031        27912050003347  325.4617960    1.3725700   21h41m50.83s   01d22m21.25s      2               0    2.953594e-07         125          88          75        17.168            0.009     17.169         17.168   17.171       17.166    0.031       0.014        11246788004997  325.4617760    1.3726050        2791      5   55380.358537200         479    17.182    20.851     27.962    2.850       3.337           0      131072            0            1    11246788 
   55380.310957200        17.172        0.032        27912050003347  325.4617960    1.3725700   21h41m50.83s   01d22m21.25s      2               0    2.953594e-07         125          88          75        17.168            0.009     17.169         17.168   17.171       17.166    0.031       0.014        11246833004923  325.4617730    1.3726020        2791      5   55380.314877200         479    17.165    20.778     27.927    2.950       3.482           0      131072            0            1    11246833 
   55355.342397200        17.174        0.030        27912050003347  325.4617960    1.3725700   21h41m50.83s   01d22m21.25s      2               0    2.953594e-07         125          88          75        17.168            0.009     17.169         17.168   17.171       17.166    0.031       0.014        11349760005616  325.4617650    1.3726090        2791      5   55355.344367200         454    17.174    20.925     27.878    3.850       4.212           0      131072            0            1    11349760 
   55353.464537200        17.165        0.092        27912050003347  325.4617960    1.3725700   21h41m50.83s   01d22m21.25s      2               0    2.953594e-07         125          88          75        17.168            0.009     17.169         17.168   17.171       17.166    0.031       0.014        11351965007072  325.4617590    1.3725800        2791      5   55353.466337200         453    17.149    21.693     28.001    1.950       2.309           0      131072            0            1    11351965 
   55361.438287200        17.136        0.033        27912050003347  325.4617960    1.3725700   21h41m50.83s   01d22m21.25s      2               0    2.953594e-07         125          88          75        17.168            0.009     17.169         17.168   17.171       17.166    0.031       0.014        11375426008039  325.4617790    1.3726010        2791      5   55361.440777200         460    17.140    21.938     27.974    1.850       2.185           0      131072            0            1    11375426 
   55361.481947200        17.168        0.034        27912050003347  325.4617960    1.3725700   21h41m50.83s   01d22m21.25s      2               0    2.953594e-07         125          88          75        17.168            0.009     17.169         17.168   17.171       17.166    0.031       0.014        11375526005188  325.4617670    1.3725930        2791      5   55361.484437200         460    17.176    20.949     27.984    2.250       2.348           0      131072            0            1    11375526 
   55360.470207200        17.152        0.030        27912050003347  325.4617960    1.3725700   21h41m50.83s   01d22m21.25s      2               0    2.953594e-07         125          88          75        17.168            0.009     17.169         17.168   17.171       17.166    0.031       0.014        11379289006814  325.4617750    1.3725790        2791      5   55360.472617200         459    17.158    21.640     27.971    2.350       2.525           0      131072            0            1    11379289 
   55366.473097200        17.159        0.026        27912050003347  325.4617960    1.3725700   21h41m50.83s   01d22m21.25s      2               0    2.953594e-07         125          88          75        17.168            0.009     17.169         17.168   17.171       17.166    0.031       0.014        11399053007627  325.4617620    1.3725910        2791      5   55366.475997200         465    17.172    21.757     28.028    1.950       2.344           0      131072            0            1    11399053 
   55367.392397200        17.170        0.027        27912050003347  325.4617960    1.3725700   21h41m50.83s   01d22m21.25s      2               0    2.953594e-07         125          88          75        17.168            0.009     17.169         17.168   17.171       17.166    0.031       0.014        11404207007279  325.4617700    1.3726060        2791      5   55367.395367200         466    17.164    21.562     27.962    2.450       2.915           0      131072            0            1    11404207 
   55367.435687200        17.184        0.027        27912050003347  325.4617960    1.3725700   21h41m50.83s   01d22m21.25s      2               0    2.953594e-07         125          88          75        17.168            0.009     17.169         17.168   17.171       17.166    0.031       0.014        11404250007657  325.4617620    1.3725970        2791      5   55367.438657200         466    17.178    21.589     27.977    2.450       2.713           0      131072            0            1    11404250 
   55372.434957200        17.177        0.059        27912050003347  325.4617960    1.3725700   21h41m50.83s   01d22m21.25s      2               0    2.953594e-07         125          88          75        17.168            0.009     17.169         17.168   17.171       17.166    0.031       0.014        11411913005425  325.4617590    1.3726000        2791      5   55372.438307200         471    17.172    21.165     28.009    1.950       2.095           0      131072            0            1    11411913 
   55372.390467200        17.175        0.059        27912050003347  325.4617960    1.3725700   21h41m50.83s   01d22m21.25s      2               0    2.953594e-07         125          88          75        17.168            0.009     17.169         17.168   17.171       17.166    0.031       0.014        11411962005486  325.4617590    1.3725790        2791      5   55372.393817200         471    17.174    20.918     27.997    2.250       2.515           0      131072            0            1    11411962 
   55108.131057200        17.175        0.032        27912050003347  325.4617960    1.3725700   21h41m50.83s   01d22m21.25s      2               0    2.953594e-07         125          88          75        17.168            0.009     17.169         17.168   17.171       17.166    0.031       0.014        11807208004235  325.4617490    1.3725730        2791      5   55108.135057200         219    17.176    20.445     27.611    1.850       1.963           0      131072            0            1    11807208 
   55107.287177200        17.182        0.035        27912050003347  325.4617960    1.3725700   21h41m50.83s   01d22m21.25s      2               0    2.953594e-07         125          88          75        17.168            0.009     17.169         17.168   17.171       17.166    0.031       0.014        11808304004004  325.4617830    1.3725880        2791      5   55107.291237200         218    17.164    20.221     27.588    2.050       2.357           0      131072            0            1    11808304 
   55080.318577200        17.149        0.058        27912050003347  325.4617960    1.3725700   21h41m50.83s   01d22m21.25s      2               0    2.953594e-07         125          88          75        17.168            0.009     17.169         17.168   17.171       17.166    0.031       0.014        11816322004600  325.4617660    1.3725690        2791      5   55080.323917200         194    17.125    20.664     27.534    1.650       1.643           0      131072            0            1    11816322 
   55080.275007200        17.183        0.058        27912050003347  325.4617960    1.3725700   21h41m50.83s   01d22m21.25s      2               0    2.953594e-07         125          88          75        17.168            0.009     17.169         17.168   17.171       17.166    0.031       0.014        11816378004674  325.4617510    1.3725810        2791      5   55080.280357200         194    17.162    20.713     27.531    1.650       1.699           0    12713984            0            1    11816378 
   55088.245757200        17.189        0.034        27912050003347  325.4617960    1.3725700   21h41m50.83s   01d22m21.25s      2               0    2.953594e-07         125          88          75        17.168            0.009     17.169         17.168   17.171       17.166    0.031       0.014        11841499008241  325.4617740    1.3725870        2791      5   55088.250827200         200    17.200    21.768     27.645    2.050       2.150           0      131072            0            1    11841499 
   55088.289367200        17.174        0.034        27912050003347  325.4617960    1.3725700   21h41m50.83s   01d22m21.25s      2               0    2.953594e-07         125          88          75        17.168            0.009     17.169         17.168   17.171       17.166    0.031       0.014        11841521009232  325.4617800    1.3725660        2791      5   55088.294437200         200    17.176    21.757     27.643    2.150       2.293           0      131072            0            1    11841521 
   55047.449997200        17.179        0.088        27912050003347  325.4617960    1.3725700   21h41m50.83s   01d22m21.25s      2               0    2.953594e-07         125          88          75        17.168            0.009     17.169         17.168   17.171       17.166    0.031       0.014        11860100004924  325.4617750    1.3726040        2791      5   55047.455407200         161    17.160    20.576     27.549    1.750       2.231           0    12713984            0            1    11860100 
   55047.266377200        17.221        0.091        27912050003347  325.4617960    1.3725700   21h41m50.83s   01d22m21.25s      2               0    2.953594e-07         125          88          75        17.168            0.009     17.169         17.168   17.171       17.166    0.031       0.014        11860110003847  325.4617700    1.3726110        2791      5   55047.271777200         161    17.330    20.105     27.484    1.950       2.513           0      131072            0            1    11860110 
   55046.364747200        17.151        0.048        27912050003347  325.4617960    1.3725700   21h41m50.83s   01d22m21.25s      2               0    2.953594e-07         125          88          75        17.168            0.009     17.169         17.168   17.171       17.166    0.031       0.014        11860306005470  325.4617570    1.3725950        2791      5   55046.370127200         160    17.158    21.004     27.637    1.850       2.193           0      131072            0            1    11860306 
   55046.267207200        17.163        0.048        27912050003347  325.4617960    1.3725700   21h41m50.83s   01d22m21.25s      2               0    2.953594e-07         125          88          75        17.168            0.009     17.169         17.168   17.171       17.166    0.031       0.014        11860374005531  325.4617720    1.3725770        2791      5   55046.272587200         160    17.181    20.839     27.627    1.950       2.422           0      131072            0            1    11860374 
   55053.224747200        17.151        0.094        27912050003347  325.4617960    1.3725700   21h41m50.83s   01d22m21.25s      2               0    2.953594e-07         125          88          75        17.168            0.009     17.169         17.168   17.171       17.166    0.031       0.014        11867659005078  325.4617650    1.3726150        2791      5   55053.230267200         167    17.111    20.635     27.489    1.750       2.143           0    12713984            0            1    11867659 
   55053.298097200        17.185        0.093        27912050003347  325.4617960    1.3725700   21h41m50.83s   01d22m21.25s      2               0    2.953594e-07         125          88          75        17.168            0.009     17.169         17.168   17.171       17.166    0.031       0.014        11867790005473  325.4617740    1.3726040        2791      5   55053.303617200         167    17.150    20.674     27.553    1.950       2.277           0      131072            0            1    11867790 
   55054.404897200        17.175        0.084        27912050003347  325.4617960    1.3725700   21h41m50.83s   01d22m21.25s      2               0    2.953594e-07         125          88          75        17.168            0.009     17.169         17.168   17.171       17.166    0.031       0.014        11870240006292  325.4617560    1.3725920        2791      5   55054.410427200         168    17.120    21.090     27.509    1.550       1.639           0      131072            0            1    11870240 
   55067.151497200        17.204        0.218        27912050003347  325.4617960    1.3725700   21h41m50.83s   01d22m21.25s      2               0    2.953594e-07         125          88          75        17.168            0.009     17.169         17.168   17.171       17.166    0.031       0.014        11881579007142  325.4617580    1.3726240        2791      5   55067.157067200         181    17.092    21.296     27.457    1.750       2.172           0      131072            0            1    11881579 
   55066.374237200        17.170        0.065        27912050003347  325.4617960    1.3725700   21h41m50.83s   01d22m21.25s      2               0    2.953594e-07         125          88          75        17.168            0.009     17.169         17.168   17.171       17.166    0.031       0.014        11883667007250  325.4617610    1.3726060        2791      5   55066.379817200         180    17.154    21.645     27.534    1.850       2.196           0      131072            0            1    11883667 
   55062.339447200        17.158        0.047        27912050003347  325.4617960    1.3725700   21h41m50.83s   01d22m21.25s      2               0    2.953594e-07         125          88          75        17.168            0.009     17.169         17.168   17.171       17.166    0.031       0.014        11890286009149  325.4617690    1.3725940        2791      5   55062.345037200         176    17.153    21.684     27.605    2.150       2.363           0      131072            0            1    11890286 
   55062.399247200        17.167        0.047        27912050003347  325.4617960    1.3725700   21h41m50.83s   01d22m21.25s      2               0    2.953594e-07         125          88          75        17.168            0.009     17.169         17.168   17.171       17.166    0.031       0.014        11890383008900  325.4617830    1.3725850        2791      5   55062.404837200         176    17.159    21.785     27.591    1.850       2.116           0      131072            0            1    11890383 
   55060.340277200        17.157        0.041        27912050003347  325.4617960    1.3725700   21h41m50.83s   01d22m21.25s      2               0    2.953594e-07         125          88          75        17.168            0.009     17.169         17.168   17.171       17.166    0.031       0.014        11895440008840  325.4617530    1.3725890        2791      5   55060.345867200         174    17.182    21.827     27.631    1.750       1.998           0      131072            0            1    11895440 
   55060.251067200        17.154        0.041        27912050003347  325.4617960    1.3725700   21h41m50.83s   01d22m21.25s      2               0    2.953594e-07         125          88          75        17.168            0.009     17.169         17.168   17.171       17.166    0.031       0.014        11895468007927  325.4617620    1.3726040        2791      5   55060.256647200         174    17.172    21.233     27.619    2.750       2.875           0      131072            0            1    11895468 
   55055.164297200        17.160        0.039        27912050003347  325.4617960    1.3725700   21h41m50.83s   01d22m21.25s      2               0    2.953594e-07         125          88          75        17.168            0.009     17.169         17.168   17.171       17.166    0.031       0.014        11901571005559  325.4617650    1.3726140        2791      5   55055.169837200         169    17.167    20.755     27.375    2.750       3.036           0      131072            0            1    11901571 
   55014.291107200        17.144        0.055        27912050003347  325.4617960    1.3725700   21h41m50.83s   01d22m21.25s      2               0    2.953594e-07         125          88          75        17.168            0.009     17.169         17.168   17.171       17.166    0.031       0.014        11912174004782  325.4617640    1.3726090        2791      5   55014.294977200         128    17.134    20.410     27.413    2.850       3.073           0      131072            0            1    11912174 
   55014.409407200        17.157        0.054        27912050003347  325.4617960    1.3725700   21h41m50.83s   01d22m21.25s      2               0    2.953594e-07         125          88          75        17.168            0.009     17.169         17.168   17.171       17.166    0.031       0.014        11912274008959  325.4617680    1.3725710        2791      5   55014.413277200         128    17.152    21.784     27.544    1.850       2.006           0      131072            0            1    11912274 
   55025.340997200        17.168        0.057        27912050003347  325.4617960    1.3725700   21h41m50.83s   01d22m21.25s      2               0    2.953594e-07         125          88          75        17.168            0.009     17.169         17.168   17.171       17.166    0.031       0.014        11945067005607  325.4617700    1.3725800        2791      5   55025.345527200         139    17.145    21.098     27.546    1.750       2.112           0      131072            0            1    11945067 
   55025.244547200        17.141        0.057        27912050003347  325.4617960    1.3725700   21h41m50.83s   01d22m21.25s      2               0    2.953594e-07         125          88          75        17.168            0.009     17.169         17.168   17.171       17.166    0.031       0.014        11945091005098  325.4617660    1.3725790        2791      5   55025.249077200         139    17.141    20.527     27.454    3.250       3.431           0      131072            0            1    11945091 
   55040.351617200        17.180        0.032        27912050003347  325.4617960    1.3725700   21h41m50.83s   01d22m21.25s      2               0    2.953594e-07         125          88          75        17.168            0.009     17.169         17.168   17.171       17.166    0.031       0.014        11984432008152  325.4617820    1.3726070        2791      5   55040.356827200         154    17.180    21.853     27.623    1.750       2.039           0      131072            0            1    11984432 
   55040.245867200        17.173        0.033        27912050003347  325.4617960    1.3725700   21h41m50.83s   01d22m21.25s      2               0    2.953594e-07         125          88          75        17.168            0.009     17.169         17.168   17.171       17.166    0.031       0.014        11984518005922  325.4617700    1.3725960        2791      5   55040.251067200         154    17.185    20.952     27.564    2.850       3.036           0      131072            0            1    11984518 
   55035.233447200        17.046        0.132        27912050003347  325.4617960    1.3725700   21h41m50.83s   01d22m21.25s      2               0    2.953594e-07         125          88          75        17.168            0.009     17.169         17.168   17.171       17.166    0.031       0.014        11999093005259  325.4617740    1.3725850        2791      5   55035.238457200         149    17.471    21.024     27.287    2.150       2.526           0      131072            0            1    11999093 
   55035.324977200        17.177        0.132        27912050003347  325.4617960    1.3725700   21h41m50.83s   01d22m21.25s      2               0    2.953594e-07         125          88          75        17.168            0.009     17.169         17.168   17.171       17.166    0.031       0.014        11999123008226  325.4617750    1.3726000        2791      5   55035.329987200         149    17.041    21.697     27.396    1.650       1.900           0    12713984            0            1    11999123 
   55008.335927200        17.163        0.026        27912050003347  325.4617960    1.3725700   21h41m50.83s   01d22m21.25s      2               0    2.953594e-07         125          88          75        17.168            0.009     17.169         17.168   17.171       17.166    0.031       0.014        15102931006598  325.4617670    1.3726030        2791      5   55008.339367200         122    17.170    21.295     27.554    2.450       2.976           0      131072            0            1    15102931 
   55008.478057200        17.165        0.026        27912050003347  325.4617960    1.3725700   21h41m50.83s   01d22m21.25s      2               0    2.953594e-07         125          88          75        17.168            0.009     17.169         17.168   17.171       17.166    0.031       0.014        15102963007357  325.4617740    1.3725910        2791      5   55008.481507200         122    17.161    21.433     27.604    1.850       2.157           0      131072            0            1    15102963 
   56911.164437200        17.153        0.031        27912050003347  325.4617960    1.3725700   21h41m50.83s   01d22m21.25s      2               0    2.953594e-07         125          88          75        17.168            0.009     17.169         17.168   17.171       17.166    0.031       0.014        21288743005257  325.4617780    1.3725830        2791      5   56911.169637200        1975    17.173    21.060     27.939    1.650       1.833           0    12713984            0            1    21288743 
   56911.200277200        17.164        0.031        27912050003347  325.4617960    1.3725700   21h41m50.83s   01d22m21.25s      2               0    2.953594e-07         125          88          75        17.168            0.009     17.169         17.168   17.171       17.166    0.031       0.014        21288771005366  325.4617920    1.3725710        2791      5   56911.205477200        1975    17.168    21.128     27.940    1.550       1.739           0    12713984            0            1    21288771 
   56912.158427200        17.147        0.024        27912050003347  325.4617960    1.3725700   21h41m50.83s   01d22m21.25s      2               0    2.953594e-07         125          88          75        17.168            0.009     17.169         17.168   17.171       17.166    0.031       0.014        21321696006339  325.4617850    1.3725630        2791      5   56912.163597200        1976    17.157    21.477     27.911    1.950       2.346           0      131072            0            1    21321696 
   56912.201807200        17.184        0.025        27912050003347  325.4617960    1.3725700   21h41m50.83s   01d22m21.25s      2               0    2.953594e-07         125          88          75        17.168            0.009     17.169         17.168   17.171       17.166    0.031       0.014        21321735005466  325.4617860    1.3725700        2791      5   56912.206967200        1976    17.199    21.336     27.938    1.550       1.861           0    12713984            0            1    21321735 
   56913.156607200        17.151        0.025        27912050003347  325.4617960    1.3725700   21h41m50.83s   01d22m21.25s      2               0    2.953594e-07         125          88          75        17.168            0.009     17.169         17.168   17.171       17.166    0.031       0.014        21328253007483  325.4617870    1.3725820        2791      5   56913.161737200        1977    17.160    21.643     27.915    1.850       1.913           0      131072            0            1    21328253 
   56913.367427200        17.186        0.027        27912050003347  325.4617960    1.3725700   21h41m50.83s   01d22m21.25s      2               0    2.953594e-07         125          88          75        17.168            0.009     17.169         17.168   17.171       17.166    0.031       0.014        21328262004984  325.4617850    1.3725730        2791      5   56913.372547200        1977    17.182    20.906     27.895    2.250       2.873           0      131072            0            1    21328262 
   56915.152397200        17.156        0.023        27912050003347  325.4617960    1.3725700   21h41m50.83s   01d22m21.25s      2               0    2.953594e-07         125          88          75        17.168            0.009     17.169         17.168   17.171       17.166    0.031       0.014        21349898007011  325.4617970    1.3725870        2791      5   56915.157447200        1978    17.165    21.822     27.914    1.650       1.978           0      131072            0            1    21349898 
   56915.196547200        17.150        0.023        27912050003347  325.4617960    1.3725700   21h41m50.83s   01d22m21.25s      2               0    2.953594e-07         125          88          75        17.168            0.009     17.169         17.168   17.171       17.166    0.031       0.014        21349927008117  325.4617840    1.3725680        2791      5   56915.201597200        1978    17.163    22.028     27.945    1.450       1.648           0    12713984            0            1    21349927 
   56914.201277200        17.157        0.024        27912050003347  325.4617960    1.3725700   21h41m50.83s   01d22m21.25s      2               0    2.953594e-07         125          88          75        17.168            0.009     17.169         17.168   17.171       17.166    0.031       0.014        21368937007964  325.4617830    1.3725680        2791      5   56914.206367200        1979    17.166    21.912     27.937    1.550       1.723           0    12713984            0            1    21368937 
   56914.155937200        17.156        0.025        27912050003347  325.4617960    1.3725700   21h41m50.83s   01d22m21.25s      2               0    2.953594e-07         125          88          75        17.168            0.009     17.169         17.168   17.171       17.166    0.031       0.014        21368940006690  325.4617930    1.3725680        2791      5   56914.161027200        1979    17.169    21.587     27.903    1.950       2.330           0      131072            0            1    21368940 
   56916.150627200        17.146        0.024        27912050003347  325.4617960    1.3725700   21h41m50.83s   01d22m21.25s      2               0    2.953594e-07         125          88          75        17.168            0.009     17.169         17.168   17.171       17.166    0.031       0.014        21378827007073  325.4617920    1.3725620        2791      5   56916.155637200        1980    17.154    21.795     27.916    1.650       1.808           0    12713984            0            1    21378827 
   56916.244687200        17.176        0.023        27912050003347  325.4617960    1.3725700   21h41m50.83s   01d22m21.25s      2               0    2.953594e-07         125          88          75        17.168            0.009     17.169         17.168   17.171       17.166    0.031       0.014        21378864007014  325.4617870    1.3725770        2791      5   56916.249697200        1980    17.189    21.821     27.957    1.750       1.871           0      131072            0            1    21378864 
   56917.149637200        17.173        0.034        27912050003347  325.4617960    1.3725700   21h41m50.83s   01d22m21.25s      2               0    2.953594e-07         125          88          75        17.168            0.009     17.169         17.168   17.171       17.166    0.031       0.014        21394689006187  325.4617960    1.3725620        2791      5   56917.154607200        1981    17.175    21.244     27.898    2.450       2.497           0      131072            0            1    21394689 
   56917.192157200        17.149        0.034        27912050003347  325.4617960    1.3725700   21h41m50.83s   01d22m21.25s      2               0    2.953594e-07         125          88          75        17.168            0.009     17.169         17.168   17.171       17.166    0.031       0.014        21394724007493  325.4617930    1.3725680        2791      5   56917.197117200        1981    17.144    21.709     27.921    1.750       1.877           0      131072            0            1    21394724 
   56920.207547200        17.175        0.031        27912050003347  325.4617960    1.3725700   21h41m50.83s   01d22m21.25s      2               0    2.953594e-07         125          88          75        17.168            0.009     17.169         17.168   17.171       17.166    0.031       0.014        21437568008110  325.4617900    1.3725670        2791      5   56920.212377200        1983    17.159    21.875     27.964    1.650       1.836           0      131072            0            1    21437568 
   56920.246607200        17.140        0.030        27912050003347  325.4617960    1.3725700   21h41m50.83s   01d22m21.25s      2               0    2.953594e-07         125          88          75        17.168            0.009     17.169         17.168   17.171       17.166    0.031       0.014        21437593007771  325.4617800    1.3725600        2791      5   56920.251437200        1983    17.117    21.911     27.965    1.650       1.744           0      131072            0            1    21437593 
   56921.147817200        17.169        0.028        27912050003347  325.4617960    1.3725700   21h41m50.83s   01d22m21.25s      2               0    2.953594e-07         125          88          75        17.168            0.009     17.169         17.168   17.171       17.166    0.031       0.014        21455666006269  325.4617870    1.3725760        2791      5   56921.152597200        1984    17.170    21.472     27.951    2.350       2.563           0      131072            0            1    21455666 
   56921.189957200        17.169        0.028        27912050003347  325.4617960    1.3725700   21h41m50.83s   01d22m21.25s      2               0    2.953594e-07         125          88          75        17.168            0.009     17.169         17.168   17.171       17.166    0.031       0.014        21455705007706  325.4617870    1.3725660        2791      5   56921.194737200        1984    17.172    21.812     27.998    1.850       2.064           0      131072            0            1    21455705 
   56922.140377200        17.163        0.024        27912050003347  325.4617960    1.3725700   21h41m50.83s   01d22m21.25s      2               0    2.953594e-07         125          88          75        17.168            0.009     17.169         17.168   17.171       17.166    0.031       0.014        21478063007054  325.4617900    1.3725720        2791      5   56922.145117200        1985    17.169    21.839     27.999    1.650       1.838           0    12713984            0            1    21478063 
   56922.182557200        17.158        0.024        27912050003347  325.4617960    1.3725700   21h41m50.83s   01d22m21.25s      2               0    2.953594e-07         125          88          75        17.168            0.009     17.169         17.168   17.171       17.166    0.031       0.014        21478099007009  325.4617820    1.3725640        2791      5   56922.187287200        1985    17.163    21.768     28.005    1.750       1.879           0      131072            0            1    21478099 
   56923.139007200        17.169        0.025        27912050003347  325.4617960    1.3725700   21h41m50.83s   01d22m21.25s      2               0    2.953594e-07         125          88          75        17.168            0.009     17.169         17.168   17.171       17.166    0.031       0.014        21492322006647  325.4617890    1.3725660        2791      5   56923.143687200        1986    17.167    21.665     27.988    1.850       2.058           0      131072            0            1    21492322 
   56923.181237200        17.176        0.025        27912050003347  325.4617960    1.3725700   21h41m50.83s   01d22m21.25s      2               0    2.953594e-07         125          88          75        17.168            0.009     17.169         17.168   17.171       17.166    0.031       0.014        21492351007613  325.4617820    1.3725660        2791      5   56923.185917200        1986    17.180    21.817     28.006    1.650       1.709           0      131072            0            1    21492351 
   56924.137987200        17.155        0.023        27912050003347  325.4617960    1.3725700   21h41m50.83s   01d22m21.25s      2               0    2.953594e-07         125          88          75        17.168            0.009     17.169         17.168   17.171       17.166    0.031       0.014        21509881007318  325.4617790    1.3725530        2791      5   56924.142617200        1987    17.167    21.844     28.001    1.650       1.803           0    12713984            0            1    21509881 
   56924.180217200        17.142        0.023        27912050003347  325.4617960    1.3725700   21h41m50.83s   01d22m21.25s      2               0    2.953594e-07         125          88          75        17.168            0.009     17.169         17.168   17.171       17.166    0.031       0.014        21509917008009  325.4617850    1.3725690        2791      5   56924.184847200        1987    17.153    21.912     28.007    1.650       1.860           0    12713984            0            1    21509917 
   56925.197797200        17.143        0.024        27912050003347  325.4617960    1.3725700   21h41m50.83s   01d22m21.25s      2               0    2.953594e-07         125          88          75        17.168            0.009     17.169         17.168   17.171       17.166    0.031       0.014        21525688007929  325.4617930    1.3725590        2791      5   56925.202367200        1988    17.150    21.967     27.984    1.550       1.443           0    12713984            0            1    21525688 
   56925.233167200        17.168        0.024        27912050003347  325.4617960    1.3725700   21h41m50.83s   01d22m21.25s      2               0    2.953594e-07         125          88          75        17.168            0.009     17.169         17.168   17.171       17.166    0.031       0.014        21525717007821  325.4617840    1.3725670        2791      5   56925.237737200        1988    17.180    21.781     27.988    1.850       1.961           0      131072            0            1    21525717 
   56926.133207200        17.170        0.023        27912050003347  325.4617960    1.3725700   21h41m50.83s   01d22m21.25s      2               0    2.953594e-07         125          88          75        17.168            0.009     17.169         17.168   17.171       17.166    0.031       0.014        21534544007945  325.4617820    1.3725740        2791      5   56926.137727200        1989    17.183    21.904     27.976    1.550       1.867           0    12713984            0            1    21534544 
   56926.177687200        17.152        0.023        27912050003347  325.4617960    1.3725700   21h41m50.83s   01d22m21.25s      2               0    2.953594e-07         125          88          75        17.168            0.009     17.169         17.168   17.171       17.166    0.031       0.014        21534572008286  325.4617830    1.3725720        2791      5   56926.182197200        1989    17.165    21.996     27.991    1.550       1.662           0    12713984            0            1    21534572 
   56927.138897200        17.161        0.031        27912050003347  325.4617960    1.3725700   21h41m50.83s   01d22m21.25s      2               0    2.953594e-07         125          88          75        17.168            0.009     17.169         17.168   17.171       17.166    0.031       0.014        21551242006855  325.4617890    1.3725640        2791      5   56927.143357200        1990    17.147    21.710     27.953    1.850       2.121           0      131072            0            1    21551242 
   56927.187867200        17.166        0.031        27912050003347  325.4617960    1.3725700   21h41m50.83s   01d22m21.25s      2               0    2.953594e-07         125          88          75        17.168            0.009     17.169         17.168   17.171       17.166    0.031       0.014        21551283006553  325.4617730    1.3725830        2791      5   56927.192327200        1990    17.154    21.618     27.962    2.050       2.227           0      131072            0            1    21551283 
   56928.137467200        17.193        0.037        27912050003347  325.4617960    1.3725700   21h41m50.83s   01d22m21.25s      2               0    2.953594e-07         125          88          75        17.168            0.009     17.169         17.168   17.171       17.166    0.031       0.014        21559527005250  325.4617810    1.3725780        2791      5   56928.141867200        1991    17.167    20.928     27.935    3.550       3.657           0      131072            0            1    21559527 
   56928.182547200        17.191        0.037        27912050003347  325.4617960    1.3725700   21h41m50.83s   01d22m21.25s      2               0    2.953594e-07         125          88          75        17.168            0.009     17.169         17.168   17.171       17.166    0.031       0.014        21559565005616  325.4617830    1.3725830        2791      5   56928.186947200        1991    17.183    21.068     27.956    3.250       3.396           0      131072            0            1    21559565 
   55723.345217200        16.772        0.029        27912050003347  325.4617960    1.3725700   21h41m50.83s   01d22m21.25s      2               0    2.953594e-07         125          88          75        17.168            0.009     17.169         17.168   17.171       17.166    0.031       0.014         9676879004001  325.4620570    1.3725680        2791      5   55723.347427200         821    16.760    20.343     27.795    3.650       6.302           0    33685504            0            1     9676879 
   55723.403817200        17.158        0.027        27912050003347  325.4617960    1.3725700   21h41m50.83s   01d22m21.25s      2               0    2.953594e-07         125          88          75        17.168            0.009     17.169         17.168   17.171       17.166    0.031       0.014         9676894006761  325.4617670    1.3726010        2791      5   55723.406027200         821    17.146    21.332     27.872    2.750       2.919           0      131072            0            1     9676894 
   55735.470227200        17.176        0.071        27912050003347  325.4617960    1.3725700   21h41m50.83s   01d22m21.25s      2               0    2.953594e-07         125          88          75        17.168            0.009     17.169         17.168   17.171       17.166    0.031       0.014         9699958006833  325.4617570    1.3725830        2791      5   55735.473427200         833    17.157    21.524     27.886    1.750       1.903           0    12713984            0            1     9699958 
