   55755.486877200        15.633        0.031        27912040003314  325.0014870    1.4859920   21h40m00.36s   01d29m09.57s      2               0    6.680245e-07         125         123         100        15.647            0.012     15.641         15.641   15.638       15.642    0.064       0.007        10216523003962  325.0014460    1.4859970        2791      4   55755.491387200         853    15.639    20.921     28.058    2.550       2.799           0      131072            0            1    10216523 
   55772.262997200        14.965        0.138        27912040003314  325.0014870    1.4859920   21h40m00.36s   01d29m09.57s      2               0    6.680245e-07         125         123         100        15.647            0.012     15.641         15.641   15.638       15.642    0.064       0.007        10274005001122  325.0014580    1.4860080        2791      4   55772.268247200         870    18.000    21.172     27.799    2.050       2.243           0      131072            0            1    10274005 
   55772.205887200        15.687        0.137        27912040003314  325.0014870    1.4859920   21h40m00.36s   01d29m09.57s      2               0    6.680245e-07         125         123         100        15.647            0.012     15.641         15.641   15.638       15.642    0.064       0.007        10274018003546  325.0014810    1.4859980        2791      4   55772.211137200         870    15.482    20.566     27.480    2.650       2.803           0      131072            0            1    10274018 
   55780.200067200        15.644        0.030        27912040003314  325.0014870    1.4859920   21h40m00.36s   01d29m09.57s      2               0    6.680245e-07         125         123         100        15.647            0.012     15.641         15.641   15.638       15.642    0.064       0.007        10352524003919  325.0014680    1.4859970        2791      4   55780.205527200         878    15.655    21.148     28.003    1.950       2.033           0      131072            0            1    10352524 
   55780.243977200        15.642        0.030        27912040003314  325.0014870    1.4859920   21h40m00.36s   01d29m09.57s      2               0    6.680245e-07         125         123         100        15.647            0.012     15.641         15.641   15.638       15.642    0.064       0.007        10352615004555  325.0014260    1.4860330        2791      4   55780.249437200         878    15.647    21.538     28.049    1.650       1.726           0      131072            0            1    10352615 
   55783.374317200        15.653        0.027        27912040003314  325.0014870    1.4859920   21h40m00.36s   01d29m09.57s      2               0    6.680245e-07         125         123         100        15.647            0.012     15.641         15.641   15.638       15.642    0.064       0.007        10359785003807  325.0014330    1.4860150        2791      4   55783.379827200         881    15.658    20.982     28.047    2.150       2.413           0      131072            0            1    10359785 
   55783.331327200        15.639        0.027        27912040003314  325.0014870    1.4859920   21h40m00.36s   01d29m09.57s      2               0    6.680245e-07         125         123         100        15.647            0.012     15.641         15.641   15.638       15.642    0.064       0.007        10359845003676  325.0014580    1.4860060        2791      4   55783.336847200         881    15.644    20.938     28.046    2.150       2.432           0      131072            0            1    10359845 
   55838.219707200        15.636        0.025        27912040003314  325.0014870    1.4859920   21h40m00.36s   01d29m09.57s      2               0    6.680245e-07         125         123         100        15.647            0.012     15.641         15.641   15.638       15.642    0.064       0.007        10568939003786  325.0014850    1.4860210        2791      4   55838.223747200         936    15.640    21.003     27.981    2.150       2.242           0      131072            0            1    10568939 
   55443.222937200        15.640        0.025        27912040003314  325.0014870    1.4859920   21h40m00.36s   01d29m09.57s      2               0    6.680245e-07         125         123         100        15.647            0.012     15.641         15.641   15.638       15.642    0.064       0.007        10908364005229  325.0014440    1.4860050        2791      4   55443.228347200         538    15.648    21.764     28.134    1.850       1.944           0      131072            0            1    10908364 
   55443.173127200        15.646        0.025        27912040003314  325.0014870    1.4859920   21h40m00.36s   01d29m09.57s      2               0    6.680245e-07         125         123         100        15.647            0.012     15.641         15.641   15.638       15.642    0.064       0.007        10908393004792  325.0014530    1.4860070        2791      4   55443.178527200         538    15.661    21.578     28.113    1.950       2.174           0      131072            0            1    10908393 
   55446.176917200        15.639        0.028        27912040003314  325.0014870    1.4859920   21h40m00.36s   01d29m09.57s      2               0    6.680245e-07         125         123         100        15.647            0.012     15.641         15.641   15.638       15.642    0.064       0.007        10913840005027  325.0014360    1.4860120        2791      4   55446.182247200         541    15.642    21.700     28.111    1.850       2.027           0      131072            0            1    10913840 
   55410.451837200        15.629        0.280        27912040003314  325.0014870    1.4859920   21h40m00.36s   01d29m09.57s      2               0    6.680245e-07         125         123         100        15.647            0.012     15.641         15.641   15.638       15.642    0.064       0.007        11105894004438  325.0014560    1.4860120        2791      4   55410.457187200         509    15.342    21.139     27.641    1.850       1.988           0      131072            0            1    11105894 
   55410.495627200        15.624        0.280        27912040003314  325.0014870    1.4859920   21h40m00.36s   01d29m09.57s      2               0    6.680245e-07         125         123         100        15.647            0.012     15.641         15.641   15.638       15.642    0.064       0.007        11105970003873  325.0014580    1.4860090        2791      4   55410.500977200         509    15.367    20.753     27.625    2.050       2.167           0      131072            0            1    11105970 
   55418.242827200        15.672        0.242        27912040003314  325.0014870    1.4859920   21h40m00.36s   01d29m09.57s      2               0    6.680245e-07         125         123         100        15.647            0.012     15.641         15.641   15.638       15.642    0.064       0.007        11127121003862  325.0014780    1.4859920        2791      4   55418.248337200         517    15.595    20.778     27.036    2.650       3.025           0      131072            0            1    11127121 
   55418.196957200        15.685        0.242        27912040003314  325.0014870    1.4859920   21h40m00.36s   01d29m09.57s      2               0    6.680245e-07         125         123         100        15.647            0.012     15.641         15.641   15.638       15.642    0.064       0.007        11127147003659  325.0014960    1.4859820        2791      4   55418.202467200         517    15.637    20.410     27.129    3.450       3.825           0      131072            0            1    11127147 
   55422.182097200        15.639        0.037        27912040003314  325.0014870    1.4859920   21h40m00.36s   01d29m09.57s      2               0    6.680245e-07         125         123         100        15.647            0.012     15.641         15.641   15.638       15.642    0.064       0.007        11148465004148  325.0014720    1.4860110        2791      4   55422.187657200         521    15.603    21.147     27.959    2.450       2.565           0      131072            0            1    11148465 
   55422.226017200        15.651        0.036        27912040003314  325.0014870    1.4859920   21h40m00.36s   01d29m09.57s      2               0    6.680245e-07         125         123         100        15.647            0.012     15.641         15.641   15.638       15.642    0.064       0.007        11148497004835  325.0014720    1.4860030        2791      4   55422.231577200         521    15.624    21.532     28.010    2.150       2.302           0      131072            0            1    11148497 
   55429.248187200        15.616        0.100        27912040003314  325.0014870    1.4859920   21h40m00.36s   01d29m09.57s      2               0    6.680245e-07         125         123         100        15.647            0.012     15.641         15.641   15.638       15.642    0.064       0.007        11195619003841  325.0014520    1.4859740        2791      4   55429.253767200         528    15.541    21.080     28.004    1.550       1.738           0      131072            0            1    11195619 
   55429.292357200        15.624        0.100        27912040003314  325.0014870    1.4859920   21h40m00.36s   01d29m09.57s      2               0    6.680245e-07         125         123         100        15.647            0.012     15.641         15.641   15.638       15.642    0.064       0.007        11195707003799  325.0014240    1.4860070        2791      4   55429.297947200         528    15.539    21.096     27.998    1.550       1.678           0      131072            0            1    11195707 
   55426.295937200        15.663        0.267        27912040003314  325.0014870    1.4859920   21h40m00.36s   01d29m09.57s      2               0    6.680245e-07         125         123         100        15.647            0.012     15.641         15.641   15.638       15.642    0.064       0.007        11199743003945  325.0014260    1.4860220        2791      4   55426.301527200         525    15.583    21.307     27.497    1.350       2.359           0      131072            0            1    11199743 
   55438.384397200        15.631        0.034        27912040003314  325.0014870    1.4859920   21h40m00.36s   01d29m09.57s      2               0    6.680245e-07         125         123         100        15.647            0.012     15.641         15.641   15.638       15.642    0.064       0.007        11218943003706  325.0014550    1.4860070        2791      4   55438.389897200         606    15.603    20.931     27.998    2.550       2.771           0      131072            0            1    11218943 
   55438.341427200        15.647        0.034        27912040003314  325.0014870    1.4859920   21h40m00.36s   01d29m09.57s      2               0    6.680245e-07         125         123         100        15.647            0.012     15.641         15.641   15.638       15.642    0.064       0.007        11218990004101  325.0014560    1.4860030        2791      4   55438.346927200         606    15.616    21.143     28.019    2.250       2.447           0      131072            0            1    11218990 
   55385.433627200        15.647        0.029        27912040003314  325.0014870    1.4859920   21h40m00.36s   01d29m09.57s      2               0    6.680245e-07         125         123         100        15.647            0.012     15.641         15.641   15.638       15.642    0.064       0.007        11234222005627  325.0014610    1.4860210        2791      4   55385.437857200         484    15.632    21.895     28.063    2.050       2.101           0      131072            0            1    11234222 
   55385.390487200        15.648        0.029        27912040003314  325.0014870    1.4859920   21h40m00.36s   01d29m09.57s      2               0    6.680245e-07         125         123         100        15.647            0.012     15.641         15.641   15.638       15.642    0.064       0.007        11234241005943  325.0014580    1.4859820        2791      4   55385.394727200         484    15.638    22.007     28.071    1.850       1.907           0      131072            0            1    11234241 
   55380.354617200        15.637        0.025        27912040003314  325.0014870    1.4859920   21h40m00.36s   01d29m09.57s      2               0    6.680245e-07         125         123         100        15.647            0.012     15.641         15.641   15.638       15.642    0.064       0.007        11247200003590  325.0014800    1.4859770        2791      4   55380.358537200         479    15.649    20.835     28.137    2.750       2.926           0      131072            0            1    11247200 
   55380.310957200        15.650        0.025        27912040003314  325.0014870    1.4859920   21h40m00.36s   01d29m09.57s      2               0    6.680245e-07         125         123         100        15.647            0.012     15.641         15.641   15.638       15.642    0.064       0.007        11247244003568  325.0014780    1.4859930        2791      4   55380.314877200         479    15.650    20.764     28.103    2.850       3.037           0      131072            0            1    11247244 
   55355.342397200        15.647        0.031        27912040003314  325.0014870    1.4859920   21h40m00.36s   01d29m09.57s      2               0    6.680245e-07         125         123         100        15.647            0.012     15.641         15.641   15.638       15.642    0.064       0.007        11348898003970  325.0014950    1.4859830        2791      4   55355.344367200         454    15.626    20.998     27.970    3.350       3.588           0      131072            0            1    11348898 
   55353.464537200        15.641        0.083        27912040003314  325.0014870    1.4859920   21h40m00.36s   01d29m09.57s      2               0    6.680245e-07         125         123         100        15.647            0.012     15.641         15.641   15.638       15.642    0.064       0.007        11351527005158  325.0014390    1.4860010        2791      4   55353.466337200         453    15.619    21.675     28.136    1.850       1.972           0      131072            0            1    11351527 
   55361.438287200        15.631        0.040        27912040003314  325.0014870    1.4859920   21h40m00.36s   01d29m09.57s      2               0    6.680245e-07         125         123         100        15.647            0.012     15.641         15.641   15.638       15.642    0.064       0.007        11376342005375  325.0014590    1.4859750        2791      4   55361.440777200         460    15.605    21.826     28.012    1.850       1.951           0      131072            0            1    11376342 
   55361.481947200        15.634        0.040        27912040003314  325.0014870    1.4859920   21h40m00.36s   01d29m09.57s      2               0    6.680245e-07         125         123         100        15.647            0.012     15.641         15.641   15.638       15.642    0.064       0.007        11376441003617  325.0014660    1.4859950        2791      4   55361.484437200         460    15.616    20.829     28.021    2.250       2.279           0      131072            0            1    11376441 
   55360.470207200        15.644        0.038        27912040003314  325.0014870    1.4859920   21h40m00.36s   01d29m09.57s      2               0    6.680245e-07         125         123         100        15.647            0.012     15.641         15.641   15.638       15.642    0.064       0.007        11380084004897  325.0014610    1.4860040        2791      4   55360.472617200         459    15.619    21.525     28.010    2.350       2.489           0      131072            0            1    11380084 
   55366.473097200        15.640        0.022        27912040003314  325.0014870    1.4859920   21h40m00.36s   01d29m09.57s      2               0    6.680245e-07         125         123         100        15.647            0.012     15.641         15.641   15.638       15.642    0.064       0.007        11398836005100  325.0014450    1.4859960        2791      4   55366.475997200         465    15.657    21.756     28.209    1.850       2.020           0      131072            0            1    11398836 
   55367.392397200        15.640        0.022        27912040003314  325.0014870    1.4859920   21h40m00.36s   01d29m09.57s      2               0    6.680245e-07         125         123         100        15.647            0.012     15.641         15.641   15.638       15.642    0.064       0.007        11403988004861  325.0014670    1.4860110        2791      4   55367.395367200         466    15.638    21.553     28.137    2.350       2.567           0      131072            0            1    11403988 
   55367.435687200        15.636        0.022        27912040003314  325.0014870    1.4859920   21h40m00.36s   01d29m09.57s      2               0    6.680245e-07         125         123         100        15.647            0.012     15.641         15.641   15.638       15.642    0.064       0.007        11404030005035  325.0014540    1.4860080        2791      4   55367.438657200         466    15.637    21.582     28.153    2.350       2.511           0      131072            0            1    11404030 
   55372.434957200        15.632        0.058        27912040003314  325.0014870    1.4859920   21h40m00.36s   01d29m09.57s      2               0    6.680245e-07         125         123         100        15.647            0.012     15.641         15.641   15.638       15.642    0.064       0.007        11412330004023  325.0014400    1.4860220        2791      4   55372.438307200         471    15.614    21.128     28.115    1.850       2.004           0      131072            0            1    11412330 
   55372.390467200        15.639        0.058        27912040003314  325.0014870    1.4859920   21h40m00.36s   01d29m09.57s      2               0    6.680245e-07         125         123         100        15.647            0.012     15.641         15.641   15.638       15.642    0.064       0.007        11412378003737  325.0014500    1.4860050        2791      4   55372.393817200         471    15.627    20.876     28.105    2.150       2.264           0      131072            0            1    11412378 
   55108.131057200        15.648        0.027        27912040003314  325.0014870    1.4859920   21h40m00.36s   01d29m09.57s      2               0    6.680245e-07         125         123         100        15.647            0.012     15.641         15.641   15.638       15.642    0.064       0.007        11806253002871  325.0014380    1.4860210        2791      4   55108.135057200         219    15.652    20.378     27.768    1.850       1.945           0      131072            0            1    11806253 
   55107.287177200        15.635        0.029        27912040003314  325.0014870    1.4859920   21h40m00.36s   01d29m09.57s      2               0    6.680245e-07         125         123         100        15.647            0.012     15.641         15.641   15.638       15.642    0.064       0.007        11807729002774  325.0014780    1.4860090        2791      4   55107.291237200         218    15.628    20.208     27.760    1.950       2.104           0      131072            0            1    11807729 
   55080.318577200        15.658        0.101        27912040003314  325.0014870    1.4859920   21h40m00.36s   01d29m09.57s      2               0    6.680245e-07         125         123         100        15.647            0.012     15.641         15.641   15.638       15.642    0.064       0.007        11817123002962  325.0014630    1.4860180        2791      4   55080.323917200         194    15.536    20.386     27.354    1.650       1.763           0      131072            0            1    11817123 
   55080.275007200        15.657        0.101        27912040003314  325.0014870    1.4859920   21h40m00.36s   01d29m09.57s      2               0    6.680245e-07         125         123         100        15.647            0.012     15.641         15.641   15.638       15.642    0.064       0.007        11817179003006  325.0014540    1.4859910        2791      4   55080.280357200         194    15.543    20.378     27.358    1.750       1.883           0      131072            0            1    11817179 
   55088.245757200        15.639        0.040        27912040003314  325.0014870    1.4859920   21h40m00.36s   01d29m09.57s      2               0    6.680245e-07         125         123         100        15.647            0.012     15.641         15.641   15.638       15.642    0.064       0.007        11841255005498  325.0014490    1.4860020        2791      4   55088.250827200         200    15.628    21.785     27.770    1.850       1.973           0      131072            0            1    11841255 
   55088.289367200        15.641        0.040        27912040003314  325.0014870    1.4859920   21h40m00.36s   01d29m09.57s      2               0    6.680245e-07         125         123         100        15.647            0.012     15.641         15.641   15.638       15.642    0.064       0.007        11841277005808  325.0014570    1.4860050        2791      4   55088.294437200         200    15.623    21.823     27.768    1.850       2.004           0      131072            0            1    11841277 
   55047.449997200        15.667        0.134        27912040003314  325.0014870    1.4859920   21h40m00.36s   01d29m09.57s      2               0    6.680245e-07         125         123         100        15.647            0.012     15.641         15.641   15.638       15.642    0.064       0.007        11860555003335  325.0014310    1.4859850        2791      4   55047.455407200         161    15.563    20.469     27.650    1.650       1.805           0      131072            0            1    11860555 
   55047.266377200        15.659        0.134        27912040003314  325.0014870    1.4859920   21h40m00.36s   01d29m09.57s      2               0    6.680245e-07         125         123         100        15.647            0.012     15.641         15.641   15.638       15.642    0.064       0.007        11860565002498  325.0014550    1.4860090        2791      4   55047.271777200         161    15.659    19.971     27.558    1.850       2.101           0      131072            0            1    11860565 
   55046.364747200        15.633        0.051        27912040003314  325.0014870    1.4859920   21h40m00.36s   01d29m09.57s      2               0    6.680245e-07         125         123         100        15.647            0.012     15.641         15.641   15.638       15.642    0.064       0.007        11860798003846  325.0014350    1.4860010        2791      4   55046.370127200         160    15.627    20.926     27.781    1.850       1.938           0      131072            0            1    11860798 
   55046.267207200        15.638        0.051        27912040003314  325.0014870    1.4859920   21h40m00.36s   01d29m09.57s      2               0    6.680245e-07         125         123         100        15.647            0.012     15.641         15.641   15.638       15.642    0.064       0.007        11860865003650  325.0014650    1.4860160        2791      4   55046.272587200         160    15.639    20.762     27.774    1.950       2.059           0      131072            0            1    11860865 
   55053.224747200        15.643        0.097        27912040003314  325.0014870    1.4859920   21h40m00.36s   01d29m09.57s      2               0    6.680245e-07         125         123         100        15.647            0.012     15.641         15.641   15.638       15.642    0.064       0.007        11866606003371  325.0014220    1.4859940        2791      4   55053.230267200         167    15.581    20.596     27.594    1.650       1.765           0      131072            0            1    11866606 
   55053.298097200        15.646        0.097        27912040003314  325.0014870    1.4859920   21h40m00.36s   01d29m09.57s      2               0    6.680245e-07         125         123         100        15.647            0.012     15.641         15.641   15.638       15.642    0.064       0.007        11866684003534  325.0014750    1.4860070        2791      4   55053.303617200         167    15.589    20.684     27.652    1.750       1.857           0      131072            0            1    11866684 
   55054.404897200        15.650        0.064        27912040003314  325.0014870    1.4859920   21h40m00.36s   01d29m09.57s      2               0    6.680245e-07         125         123         100        15.647            0.012     15.641         15.641   15.638       15.642    0.064       0.007        11868995003900  325.0014540    1.4859950        2791      4   55054.410427200         168    15.624    21.107     27.655    1.450       1.544           0    12713984            0            1    11868995 
   55067.151497200        15.603        0.177        27912040003314  325.0014870    1.4859920   21h40m00.36s   01d29m09.57s      2               0    6.680245e-07         125         123         100        15.647            0.012     15.641         15.641   15.638       15.642    0.064       0.007        11882124004537  325.0014320    1.4860170        2791      4   55067.157067200         181    15.469    21.135     27.347    1.750       1.896           0      131072            0            1    11882124 
   55066.374237200        15.642        0.086        27912040003314  325.0014870    1.4859920   21h40m00.36s   01d29m09.57s      2               0    6.680245e-07         125         123         100        15.647            0.012     15.641         15.641   15.638       15.642    0.064       0.007        11884558005200  325.0014500    1.4860120        2791      4   55066.379817200         180    15.556    21.472     27.435    1.750       1.883           0      131072            0            1    11884558 
   55062.339447200        15.639        0.066        27912040003314  325.0014870    1.4859920   21h40m00.36s   01d29m09.57s      2               0    6.680245e-07         125         123         100        15.647            0.012     15.641         15.641   15.638       15.642    0.064       0.007        11891707005398  325.0014430    1.4860240        2791      4   55062.345037200         176    15.593    21.580     27.606    2.050       2.170           0      131072            0            1    11891707 
   55062.399247200        15.647        0.066        27912040003314  325.0014870    1.4859920   21h40m00.36s   01d29m09.57s      2               0    6.680245e-07         125         123         100        15.647            0.012     15.641         15.641   15.638       15.642    0.064       0.007        11891802005493  325.0014590    1.4860210        2791      4   55062.404837200         176    15.593    21.683     27.598    1.750       1.929           0      131072            0            1    11891802 
   55060.340277200        15.637        0.061        27912040003314  325.0014870    1.4859920   21h40m00.36s   01d29m09.57s      2               0    6.680245e-07         125         123         100        15.647            0.012     15.641         15.641   15.638       15.642    0.064       0.007        11896371005305  325.0014310    1.4860110        2791      4   55060.345867200         174    15.627    21.684     27.647    1.750       1.786           0      131072            0            1    11896371 
   55060.251067200        15.647        0.061        27912040003314  325.0014870    1.4859920   21h40m00.36s   01d29m09.57s      2               0    6.680245e-07         125         123         100        15.647            0.012     15.641         15.641   15.638       15.642    0.064       0.007        11896399005066  325.0014460    1.4860170        2791      4   55060.256647200         174    15.620    21.352     27.636    2.150       2.262           0      131072            0            1    11896399 
   55055.164297200        15.654        0.050        27912040003314  325.0014870    1.4859920   21h40m00.36s   01d29m09.57s      2               0    6.680245e-07         125         123         100        15.647            0.012     15.641         15.641   15.638       15.642    0.064       0.007        11903226003928  325.0014300    1.4860190        2791      4   55055.169837200         169    15.594    20.803     27.444    2.350       2.574           0      131072            0            1    11903226 
   55014.291107200        15.648        0.092        27912040003314  325.0014870    1.4859920   21h40m00.36s   01d29m09.57s      2               0    6.680245e-07         125         123         100        15.647            0.012     15.641         15.641   15.638       15.642    0.064       0.007        11913479003683  325.0014220    1.4860090        2791      4   55014.294977200         128    15.643    20.497     27.535    2.350       2.552           0      131072            0            1    11913479 
   55014.409407200        15.644        0.092        27912040003314  325.0014870    1.4859920   21h40m00.36s   01d29m09.57s      2               0    6.680245e-07         125         123         100        15.647            0.012     15.641         15.641   15.638       15.642    0.064       0.007        11913579005754  325.0014230    1.4860070        2791      4   55014.413277200         128    15.595    21.659     27.610    1.750       1.897           0      131072            0            1    11913579 
   55025.340997200        15.644        0.062        27912040003314  325.0014870    1.4859920   21h40m00.36s   01d29m09.57s      2               0    6.680245e-07         125         123         100        15.647            0.012     15.641         15.641   15.638       15.642    0.064       0.007        11943837004203  325.0014320    1.4859810        2791      4   55025.345527200         139    15.647    21.018     27.663    1.650       1.767           0      131072            0            1    11943837 
   55025.244547200        15.639        0.062        27912040003314  325.0014870    1.4859920   21h40m00.36s   01d29m09.57s      2               0    6.680245e-07         125         123         100        15.647            0.012     15.641         15.641   15.638       15.642    0.064       0.007        11943861003851  325.0014460    1.4860030        2791      4   55025.249077200         139    15.670    20.585     27.590    2.750       2.968           0      131072            0            1    11943861 
   55040.351617200        15.636        0.025        27912040003314  325.0014870    1.4859920   21h40m00.36s   01d29m09.57s      2               0    6.680245e-07         125         123         100        15.647            0.012     15.641         15.641   15.638       15.642    0.064       0.007        11988411005651  325.0014740    1.4859960        2791      4   55040.356827200         154    15.640    21.760     27.783    1.750       1.779           0      131072            0            1    11988411 
   55040.245867200        15.642        0.025        27912040003314  325.0014870    1.4859920   21h40m00.36s   01d29m09.57s      2               0    6.680245e-07         125         123         100        15.647            0.012     15.641         15.641   15.638       15.642    0.064       0.007        11988496004168  325.0014890    1.4859900        2791      4   55040.251067200         154    15.655    20.949     27.728    2.650       2.737           0      131072            0            1    11988496 
   55035.233447200        15.680        0.130        27912040003314  325.0014870    1.4859920   21h40m00.36s   01d29m09.57s      2               0    6.680245e-07         125         123         100        15.647            0.012     15.641         15.641   15.638       15.642    0.064       0.007        12014538003587  325.0014880    1.4859870        2791      4   55035.238457200         149    15.920    20.948     27.401    2.050       2.252           0      131072            0            1    12014538 
   55035.324977200        15.614        0.130        27912040003314  325.0014870    1.4859920   21h40m00.36s   01d29m09.57s      2               0    6.680245e-07         125         123         100        15.647            0.012     15.641         15.641   15.638       15.642    0.064       0.007        12014568005636  325.0014220    1.4860170        2791      4   55035.329987200         149    15.530    21.669     27.620    1.650       1.702           0      131072            0            1    12014568 
   55008.335927200        15.649        0.022        27912040003314  325.0014870    1.4859920   21h40m00.36s   01d29m09.57s      2               0    6.680245e-07         125         123         100        15.647            0.012     15.641         15.641   15.638       15.642    0.064       0.007        15101511004986  325.0014720    1.4860160        2791      4   55008.339367200         122    15.662    21.257     27.700    2.350       2.509           0      131072            0            1    15101511 
   55008.478057200        15.641        0.022        27912040003314  325.0014870    1.4859920   21h40m00.36s   01d29m09.57s      2               0    6.680245e-07         125         123         100        15.647            0.012     15.641         15.641   15.638       15.642    0.064       0.007        15101543004926  325.0014780    1.4860130        2791      4   55008.481507200         122    15.647    21.396     27.747    1.750       1.883           0     2228224            0            1    15101543 
   56911.164437200        15.651        0.026        27912040003314  325.0014870    1.4859920   21h40m00.36s   01d29m09.57s      2               0    6.680245e-07         125         123         100        15.647            0.012     15.641         15.641   15.638       15.642    0.064       0.007        21288598003526  325.0015010    1.4860040        2791      4   56911.169637200        1975    15.671    20.990     28.100    1.650       1.769           0      131072            0            1    21288598 
   56911.200277200        15.646        0.026        27912040003314  325.0014870    1.4859920   21h40m00.36s   01d29m09.57s      2               0    6.680245e-07         125         123         100        15.647            0.012     15.641         15.641   15.638       15.642    0.064       0.007        21288626003529  325.0014920    1.4860070        2791      4   56911.205477200        1975    15.649    20.991     28.103    1.650       1.637           0      131072            0            1    21288626 
   56912.158427200        15.641        0.022        27912040003314  325.0014870    1.4859920   21h40m00.36s   01d29m09.57s      2               0    6.680245e-07         125         123         100        15.647            0.012     15.641         15.641   15.638       15.642    0.064       0.007        21321848004573  325.0014950    1.4860200        2791      4   56912.163597200        1976    15.653    21.470     28.079    1.850       2.099           0      131072            0            1    21321848 
   56912.201807200        15.639        0.022        27912040003314  325.0014870    1.4859920   21h40m00.36s   01d29m09.57s      2               0    6.680245e-07         125         123         100        15.647            0.012     15.641         15.641   15.638       15.642    0.064       0.007        21321887003963  325.0014960    1.4860150        2791      4   56912.206967200        1976    15.657    21.341     28.102    1.450       1.633           0    12713984            0            1    21321887 
   56913.156607200        15.641        0.023        27912040003314  325.0014870    1.4859920   21h40m00.36s   01d29m09.57s      2               0    6.680245e-07         125         123         100        15.647            0.012     15.641         15.641   15.638       15.642    0.064       0.007        21326831004805  325.0015010    1.4860070        2791      4   56913.161737200        1977    15.652    21.698     28.086    1.650       1.822           0      131072            0            1    21326831 
   56913.367427200        15.631        0.023        27912040003314  325.0014870    1.4859920   21h40m00.36s   01d29m09.57s      2               0    6.680245e-07         125         123         100        15.647            0.012     15.641         15.641   15.638       15.642    0.064       0.007        21326840003600  325.0014930    1.4860120        2791      4   56913.372547200        1977    15.631    20.985     28.061    1.950       2.246           0      131072            0            1    21326840 
   56915.152397200        15.638        0.022        27912040003314  325.0014870    1.4859920   21h40m00.36s   01d29m09.57s      2               0    6.680245e-07         125         123         100        15.647            0.012     15.641         15.641   15.638       15.642    0.064       0.007        21350120005023  325.0015080    1.4860100        2791      4   56915.157447200        1978    15.653    21.756     28.089    1.650       1.793           0      131072            0            1    21350120 
   56915.196547200        15.644        0.022        27912040003314  325.0014870    1.4859920   21h40m00.36s   01d29m09.57s      2               0    6.680245e-07         125         123         100        15.647            0.012     15.641         15.641   15.638       15.642    0.064       0.007        21350149005170  325.0014950    1.4860120        2791      4   56915.201597200        1978    15.660    21.886     28.117    1.550       1.582           0      131072            0            1    21350149 
   56914.201277200        15.647        0.023        27912040003314  325.0014870    1.4859920   21h40m00.36s   01d29m09.57s      2               0    6.680245e-07         125         123         100        15.647            0.012     15.641         15.641   15.638       15.642    0.064       0.007        21368861005074  325.0014950    1.4860100        2791      4   56914.206367200        1979    15.660    21.846     28.109    1.550       1.625           0      131072            0            1    21368861 
   56914.155937200        15.641        0.023        27912040003314  325.0014870    1.4859920   21h40m00.36s   01d29m09.57s      2               0    6.680245e-07         125         123         100        15.647            0.012     15.641         15.641   15.638       15.642    0.064       0.007        21368864004688  325.0014920    1.4860040        2791      4   56914.161027200        1979    15.657    21.581     28.076    1.850       2.090           0      131072            0            1    21368864 
   56916.150627200        15.637        0.022        27912040003314  325.0014870    1.4859920   21h40m00.36s   01d29m09.57s      2               0    6.680245e-07         125         123         100        15.647            0.012     15.641         15.641   15.638       15.642    0.064       0.007        21378114004929  325.0014960    1.4860050        2791      4   56916.155637200        1980    15.646    21.795     28.083    1.550       1.674           0      131072            0            1    21378114 
   56916.244687200        15.647        0.022        27912040003314  325.0014870    1.4859920   21h40m00.36s   01d29m09.57s      2               0    6.680245e-07         125         123         100        15.647            0.012     15.641         15.641   15.638       15.642    0.064       0.007        21378151004842  325.0014960    1.4860100        2791      4   56916.249697200        1980    15.662    21.756     28.124    1.750       1.914           0      131072            0            1    21378151 
   56917.149637200        15.632        0.035        27912040003314  325.0014870    1.4859920   21h40m00.36s   01d29m09.57s      2               0    6.680245e-07         125         123         100        15.647            0.012     15.641         15.641   15.638       15.642    0.064       0.007        21394539003995  325.0014920    1.4860340        2791      4   56917.154607200        1981    15.635    21.227     28.067    2.350       2.455           0      131072            0            1    21394539 
   56917.192157200        15.633        0.035        27912040003314  325.0014870    1.4859920   21h40m00.36s   01d29m09.57s      2               0    6.680245e-07         125         123         100        15.647            0.012     15.641         15.641   15.638       15.642    0.064       0.007        21394574004770  325.0015000    1.4860150        2791      4   56917.197117200        1981    15.631    21.643     28.089    1.750       1.802           0      131072            0            1    21394574 
   56920.207547200        15.649        0.029        27912040003314  325.0014870    1.4859920   21h40m00.36s   01d29m09.57s      2               0    6.680245e-07         125         123         100        15.647            0.012     15.641         15.641   15.638       15.642    0.064       0.007        21437214005015  325.0014970    1.4860130        2791      4   56920.212377200        1983    15.646    21.804     28.133    1.650       1.752           0      131072            0            1    21437214 
   56920.246607200        15.650        0.029        27912040003314  325.0014870    1.4859920   21h40m00.36s   01d29m09.57s      2               0    6.680245e-07         125         123         100        15.647            0.012     15.641         15.641   15.638       15.642    0.064       0.007        21437239005131  325.0015030    1.4860160        2791      4   56920.251437200        1983    15.641    21.840     28.136    1.650       1.803           0      131072            0            1    21437239 
   56921.147817200        15.654        0.026        27912040003314  325.0014870    1.4859920   21h40m00.36s   01d29m09.57s      2               0    6.680245e-07         125         123         100        15.647            0.012     15.641         15.641   15.638       15.642    0.064       0.007        21455578004486  325.0014940    1.4860090        2791      4   56921.152597200        1984    15.656    21.451     28.111    2.250       2.361           0      131072            0            1    21455578 
   56921.189957200        15.641        0.026        27912040003314  325.0014870    1.4859920   21h40m00.36s   01d29m09.57s      2               0    6.680245e-07         125         123         100        15.647            0.012     15.641         15.641   15.638       15.642    0.064       0.007        21455617005096  325.0015020    1.4860080        2791      4   56921.194737200        1984    15.647    21.739     28.156    1.850       1.906           0      131072            0            1    21455617 
   56922.140377200        15.641        0.023        27912040003314  325.0014870    1.4859920   21h40m00.36s   01d29m09.57s      2               0    6.680245e-07         125         123         100        15.647            0.012     15.641         15.641   15.638       15.642    0.064       0.007        21473883004956  325.0014950    1.4860130        2791      4   56922.145117200        1985    15.653    21.765     28.159    1.650       1.743           0      131072            0            1    21473883 
   56922.182557200        15.637        0.023        27912040003314  325.0014870    1.4859920   21h40m00.36s   01d29m09.57s      2               0    6.680245e-07         125         123         100        15.647            0.012     15.641         15.641   15.638       15.642    0.064       0.007        21473919004872  325.0014970    1.4860180        2791      4   56922.187287200        1985    15.647    21.758     28.163    1.650       1.842           0      131072            0            1    21473919 
   56923.139007200        15.637        0.024        27912040003314  325.0014870    1.4859920   21h40m00.36s   01d29m09.57s      2               0    6.680245e-07         125         123         100        15.647            0.012     15.641         15.641   15.638       15.642    0.064       0.007        21492097004653  325.0014960    1.4860130        2791      4   56923.143687200        1986    15.637    21.597     28.147    1.850       1.971           0      131072            0            1    21492097 
   56923.181237200        15.637        0.024        27912040003314  325.0014870    1.4859920   21h40m00.36s   01d29m09.57s      2               0    6.680245e-07         125         123         100        15.647            0.012     15.641         15.641   15.638       15.642    0.064       0.007        21492126004827  325.0014950    1.4860040        2791      4   56923.185917200        1986    15.642    21.746     28.163    1.650       1.720           0      131072            0            1    21492126 
   56924.137987200        15.638        0.022        27912040003314  325.0014870    1.4859920   21h40m00.36s   01d29m09.57s      2               0    6.680245e-07         125         123         100        15.647            0.012     15.641         15.641   15.638       15.642    0.064       0.007        21509953004968  325.0014990    1.4860170        2791      4   56924.142617200        1987    15.655    21.771     28.162    1.650       1.726           0      131072            0            1    21509953 
   56924.180217200        15.640        0.022        27912040003314  325.0014870    1.4859920   21h40m00.36s   01d29m09.57s      2               0    6.680245e-07         125         123         100        15.647            0.012     15.641         15.641   15.638       15.642    0.064       0.007        21509989005120  325.0014990    1.4860120        2791      4   56924.184847200        1987    15.654    21.839     28.167    1.650       1.696           0      131072            0            1    21509989 
   56925.197797200        15.645        0.023        27912040003314  325.0014870    1.4859920   21h40m00.36s   01d29m09.57s      2               0    6.680245e-07         125         123         100        15.647            0.012     15.641         15.641   15.638       15.642    0.064       0.007        21525436004845  325.0014920    1.4860120        2791      4   56925.202367200        1988    15.649    21.699     28.140    1.850       1.766           0      131072            0            1    21525436 
   56925.233167200        15.632        0.023        27912040003314  325.0014870    1.4859920   21h40m00.36s   01d29m09.57s      2               0    6.680245e-07         125         123         100        15.647            0.012     15.641         15.641   15.638       15.642    0.064       0.007        21525465004711  325.0014980    1.4860110        2791      4   56925.237737200        1988    15.640    21.543     28.145    2.150       2.042           0      131072            0            1    21525465 
   56926.133207200        15.650        0.021        27912040003314  325.0014870    1.4859920   21h40m00.36s   01d29m09.57s      2               0    6.680245e-07         125         123         100        15.647            0.012     15.641         15.641   15.638       15.642    0.064       0.007        21534848004987  325.0014980    1.4860060        2791      4   56926.137727200        1989    15.669    21.830     28.137    1.550       1.662           0      131072            0            1    21534848 
   56926.177687200        15.641        0.021        27912040003314  325.0014870    1.4859920   21h40m00.36s   01d29m09.57s      2               0    6.680245e-07         125         123         100        15.647            0.012     15.641         15.641   15.638       15.642    0.064       0.007        21534876005276  325.0014980    1.4860090        2791      4   56926.182197200        1989    15.658    21.986     28.152    1.450       1.617           0      131072            0            1    21534876 
   56927.138897200        15.647        0.028        27912040003314  325.0014870    1.4859920   21h40m00.36s   01d29m09.57s      2               0    6.680245e-07         125         123         100        15.647            0.012     15.641         15.641   15.638       15.642    0.064       0.007        21550578004780  325.0014970    1.4860110        2791      4   56927.143357200        1990    15.644    21.698     28.119    1.750       1.919           0      131072            0            1    21550578 
   56927.187867200        15.638        0.028        27912040003314  325.0014870    1.4859920   21h40m00.36s   01d29m09.57s      2               0    6.680245e-07         125         123         100        15.647            0.012     15.641         15.641   15.638       15.642    0.064       0.007        21550619004552  325.0015060    1.4860070        2791      4   56927.192327200        1990    15.634    21.545     28.127    2.050       2.123           0      131072            0            1    21550619 
   56928.137467200        15.636        0.033        27912040003314  325.0014870    1.4859920   21h40m00.36s   01d29m09.57s      2               0    6.680245e-07         125         123         100        15.647            0.012     15.641         15.641   15.638       15.642    0.064       0.007        21559449003410  325.0014970    1.4859980        2791      4   56928.141867200        1991    15.612    20.888     28.090    3.450       3.552           0      131072            0            1    21559449 
   56928.182547200        15.632        0.033        27912040003314  325.0014870    1.4859920   21h40m00.36s   01d29m09.57s      2               0    6.680245e-07         125         123         100        15.647            0.012     15.641         15.641   15.638       15.642    0.064       0.007        21559487003640  325.0014980    1.4860100        2791      4   56928.186947200        1991    15.628    21.063     28.112    3.050       3.179           0      131072            0            1    21559487 
   55723.345217200        15.634        0.027        27912040003314  325.0014870    1.4859920   21h40m00.36s   01d29m09.57s      2               0    6.680245e-07         125         123         100        15.647            0.012     15.641         15.641   15.638       15.642    0.064       0.007         9677187003027  325.0015030    1.4859860        2791      4   55723.347427200         821    15.618    20.347     27.972    3.450       3.662           0      131072            0            1     9677187 
   55723.403817200        15.639        0.027        27912040003314  325.0014870    1.4859920   21h40m00.36s   01d29m09.57s      2               0    6.680245e-07         125         123         100        15.647            0.012     15.641         15.641   15.638       15.642    0.064       0.007         9677202004887  325.0014810    1.4859990        2791      4   55723.406027200         821    15.627    21.497     28.053    2.250       2.463           0      131072            0            1     9677202 
   55735.470227200        15.652        0.031        27912040003314  325.0014870    1.4859920   21h40m00.36s   01d29m09.57s      2               0    6.680245e-07         125         123         100        15.647            0.012     15.641         15.641   15.638       15.642    0.064       0.007         9701349004360  325.0014610    1.4859820        2791      4   55735.473427200         833    15.653    21.544     28.081    1.650       1.710           0      131072            0            1     9701349 
