   55755.486877200        15.781        0.021        27912100001103  325.0712010    0.0424000   21h40m17.09s   00d02m32.64s      2               0    6.085629e-07         125         124         115        15.805            0.007     15.782         15.782   15.783       15.782    0.063       0.009        10216166004307  325.0711610    0.0423830        2791     10   55755.491387200         853    15.780    20.864     27.541    2.450       2.495           0      131072            0            1    10216166 
   55772.262997200        15.205        0.076        27912100001103  325.0712010    0.0424000   21h40m17.09s   00d02m32.64s      2               0    6.085629e-07         125         124         115        15.805            0.007     15.782         15.782   15.783       15.782    0.063       0.009        10273767001676  325.0711870    0.0424050        2791     10   55772.268247200         870    17.537    21.107     27.288    2.150       2.125           0      131072            0            1    10273767 
   55772.205887200        15.844        0.074        27912100001103  325.0712010    0.0424000   21h40m17.09s   00d02m32.64s      2               0    6.085629e-07         125         124         115        15.805            0.007     15.782         15.782   15.783       15.782    0.063       0.009        10273780003690  325.0711790    0.0424070        2791     10   55772.211137200         870    15.832    20.626     27.070    2.650       2.757           0      131072            0            1    10273780 
   55780.200067200        15.788        0.026        27912100001103  325.0712010    0.0424000   21h40m17.09s   00d02m32.64s      2               0    6.085629e-07         125         124         115        15.805            0.007     15.782         15.782   15.783       15.782    0.063       0.009        10351620004274  325.0711590    0.0423590        2791     10   55780.205527200         878    15.790    21.000     27.467    2.050       2.107           0      131072            0            1    10351620 
   55780.243977200        15.789        0.026        27912100001103  325.0712010    0.0424000   21h40m17.09s   00d02m32.64s      2               0    6.085629e-07         125         124         115        15.805            0.007     15.782         15.782   15.783       15.782    0.063       0.009        10351704004850  325.0711360    0.0423760        2791     10   55780.249437200         878    15.788    21.383     27.513    1.750       1.900           0      131072            0            1    10351704 
   55783.374317200        15.779        0.028        27912100001103  325.0712010    0.0424000   21h40m17.09s   00d02m32.64s      2               0    6.085629e-07         125         124         115        15.805            0.007     15.782         15.782   15.783       15.782    0.063       0.009        10355148004096  325.0711440    0.0423710        2791     10   55783.379827200         881    15.782    20.839     27.530    2.250       2.350           0      131072            0            1    10355148 
   55783.331327200        15.785        0.028        27912100001103  325.0712010    0.0424000   21h40m17.09s   00d02m32.64s      2               0    6.085629e-07         125         124         115        15.805            0.007     15.782         15.782   15.783       15.782    0.063       0.009        10355205004006  325.0711740    0.0423760        2791     10   55783.336847200         881    15.792    20.800     27.533    2.250       2.368           0      131072            0            1    10355205 
   55838.219707200        15.785        0.028        27912100001103  325.0712010    0.0424000   21h40m17.09s   00d02m32.64s      2               0    6.085629e-07         125         124         115        15.805            0.007     15.782         15.782   15.783       15.782    0.063       0.009        10569525003851  325.0711880    0.0423980        2791     10   55838.223747200         936    15.775    20.853     27.453    2.250       2.351           0      131072            0            1    10569525 
   55446.220867200        15.778        0.031        27912100001103  325.0712010    0.0424000   21h40m17.09s   00d02m32.64s      2               0    6.085629e-07         125         124         115        15.805            0.007     15.782         15.782   15.783       15.782    0.063       0.009        10914159005331  325.0711530    0.0423830        2791     10   55446.226197200         541    15.775    21.586     27.600    2.150       2.335           0      131072            0            1    10914159 
   55446.176917200        15.777        0.031        27912100001103  325.0712010    0.0424000   21h40m17.09s   00d02m32.64s      2               0    6.085629e-07         125         124         115        15.805            0.007     15.782         15.782   15.783       15.782    0.063       0.009        10914335005080  325.0711470    0.0423400        2791     10   55446.182247200         541    15.775    21.567     27.581    1.950       2.092           0      131072            0            1    10914335 
   55443.222937200        15.768        0.026        27912100001103  325.0712010    0.0424000   21h40m17.09s   00d02m32.64s      2               0    6.085629e-07         125         124         115        15.805            0.007     15.782         15.782   15.783       15.782    0.063       0.009        10917260005333  325.0711750    0.0424220        2791     10   55443.228347200         538    15.769    21.629     27.614    1.950       2.143           0      131072            0            1    10917260 
   55443.173127200        15.779        0.026        27912100001103  325.0712010    0.0424000   21h40m17.09s   00d02m32.64s      2               0    6.085629e-07         125         124         115        15.805            0.007     15.782         15.782   15.783       15.782    0.063       0.009        10917290004831  325.0711630    0.0423840        2791     10   55443.178527200         538    15.785    21.385     27.588    2.150       2.258           0      131072            0            1    10917290 
   55410.451837200        15.786        0.216        27912100001103  325.0712010    0.0424000   21h40m17.09s   00d02m32.64s      2               0    6.085629e-07         125         124         115        15.805            0.007     15.782         15.782   15.783       15.782    0.063       0.009        11105156004746  325.0711820    0.0423810        2791     10   55410.457187200         509    15.632    21.162     27.429    1.950       2.071           0      131072            0            1    11105156 
   55410.495627200        15.793        0.216        27912100001103  325.0712010    0.0424000   21h40m17.09s   00d02m32.64s      2               0    6.085629e-07         125         124         115        15.805            0.007     15.782         15.782   15.783       15.782    0.063       0.009        11105231004264  325.0711930    0.0423570        2791     10   55410.500977200         509    15.729    20.884     27.472    2.050       2.189           0      131072            0            1    11105231 
   55418.242827200        15.807        0.157        27912100001103  325.0712010    0.0424000   21h40m17.09s   00d02m32.64s      2               0    6.085629e-07         125         124         115        15.805            0.007     15.782         15.782   15.783       15.782    0.063       0.009        11128134003692  325.0711940    0.0423830        2791     10   55418.248337200         517    15.899    20.813     26.698    2.650       2.625           0      131072            0            1    11128134 
   55418.196957200        15.824        0.157        27912100001103  325.0712010    0.0424000   21h40m17.09s   00d02m32.64s      2               0    6.085629e-07         125         124         115        15.805            0.007     15.782         15.782   15.783       15.782    0.063       0.009        11128160003554  325.0711870    0.0423940        2791     10   55418.202467200         517    15.787    20.358     26.642    3.250       3.294           0      131072            0            1    11128160 
   55422.182097200        15.785        0.026        27912100001103  325.0712010    0.0424000   21h40m17.09s   00d02m32.64s      2               0    6.085629e-07         125         124         115        15.805            0.007     15.782         15.782   15.783       15.782    0.063       0.009        11148984004425  325.0711910    0.0423720        2791     10   55422.187657200         521    15.779    21.059     27.574    2.550       2.739           0      131072            0            1    11148984 
   55422.226017200        15.774        0.026        27912100001103  325.0712010    0.0424000   21h40m17.09s   00d02m32.64s      2               0    6.085629e-07         125         124         115        15.805            0.007     15.782         15.782   15.783       15.782    0.063       0.009        11149015005005  325.0711760    0.0423710        2791     10   55422.231577200         521    15.770    21.433     27.620    2.250       2.390           0      131072            0            1    11149015 
   55429.248187200        15.784        0.024        27912100001103  325.0712010    0.0424000   21h40m17.09s   00d02m32.64s      2               0    6.085629e-07         125         124         115        15.805            0.007     15.782         15.782   15.783       15.782    0.063       0.009        11191830003980  325.0711650    0.0423770        2791     10   55429.253767200         528    15.791    20.950     27.629    1.750       1.797           0      131072            0            1    11191830 
   55429.292357200        15.789        0.024        27912100001103  325.0712010    0.0424000   21h40m17.09s   00d02m32.64s      2               0    6.085629e-07         125         124         115        15.805            0.007     15.782         15.782   15.783       15.782    0.063       0.009        11191918004056  325.0711530    0.0423880        2791     10   55429.297947200         528    15.800    21.045     27.637    1.650       1.878           0      131072            0            1    11191918 
   55426.295937200        15.855        0.089        27912100001103  325.0712010    0.0424000   21h40m17.09s   00d02m32.64s      2               0    6.085629e-07         125         124         115        15.805            0.007     15.782         15.782   15.783       15.782    0.063       0.009        11197883004019  325.0711680    0.0423450        2791     10   55426.301527200         525    16.272    21.524     27.570    1.550       1.534           0      131072            0            1    11197883 
   55438.384397200        15.777        0.026        27912100001103  325.0712010    0.0424000   21h40m17.09s   00d02m32.64s      2               0    6.085629e-07         125         124         115        15.805            0.007     15.782         15.782   15.783       15.782    0.063       0.009        11219320004028  325.0711820    0.0423860        2791     10   55438.389897200         606    15.767    20.829     27.597    2.650       2.724           0      131072            0            1    11219320 
   55438.341427200        15.781        0.026        27912100001103  325.0712010    0.0424000   21h40m17.09s   00d02m32.64s      2               0    6.085629e-07         125         124         115        15.805            0.007     15.782         15.782   15.783       15.782    0.063       0.009        11219366004400  325.0711670    0.0423760        2791     10   55438.346927200         606    15.770    20.996     27.618    2.450       2.504           0      131072            0            1    11219366 
   55385.433627200        15.776        0.024        27912100001103  325.0712010    0.0424000   21h40m17.09s   00d02m32.64s      2               0    6.085629e-07         125         124         115        15.805            0.007     15.782         15.782   15.783       15.782    0.063       0.009        11235339005257  325.0711760    0.0423710        2791     10   55385.437857200         484    15.776    21.743     27.612    2.250       2.352           0      131072            0            1    11235339 
   55385.390487200        15.767        0.024        27912100001103  325.0712010    0.0424000   21h40m17.09s   00d02m32.64s      2               0    6.085629e-07         125         124         115        15.805            0.007     15.782         15.782   15.783       15.782    0.063       0.009        11235358005478  325.0711520    0.0423730        2791     10   55385.394727200         484    15.768    21.896     27.615    1.950       2.041           0      131072            0            1    11235358 
   55380.354617200        15.787        0.030        27912100001103  325.0712010    0.0424000   21h40m17.09s   00d02m32.64s      2               0    6.085629e-07         125         124         115        15.805            0.007     15.782         15.782   15.783       15.782    0.063       0.009        11246584003895  325.0711830    0.0423830        2791     10   55380.358537200         479    15.794    20.719     27.621    2.850       2.854           0      131072            0            1    11246584 
   55380.310957200        15.771        0.030        27912100001103  325.0712010    0.0424000   21h40m17.09s   00d02m32.64s      2               0    6.085629e-07         125         124         115        15.805            0.007     15.782         15.782   15.783       15.782    0.063       0.009        11246626003864  325.0711920    0.0423860        2791     10   55380.314877200         479    15.763    20.682     27.586    2.850       2.894           0      131072            0            1    11246626 
   55353.464537200        15.783        0.024        27912100001103  325.0712010    0.0424000   21h40m17.09s   00d02m32.64s      2               0    6.085629e-07         125         124         115        15.805            0.007     15.782         15.782   15.783       15.782    0.063       0.009        11352183005382  325.0711730    0.0423860        2791     10   55353.466337200         453    15.783    21.588     27.671    1.950       2.128           0      131072            0            1    11352183 
   55361.438287200        15.777        0.023        27912100001103  325.0712010    0.0424000   21h40m17.09s   00d02m32.64s      2               0    6.085629e-07         125         124         115        15.805            0.007     15.782         15.782   15.783       15.782    0.063       0.009        11376114005591  325.0711600    0.0423580        2791     10   55361.440777200         460    15.787    21.747     27.617    1.950       2.033           0      131072            0            1    11376114 
   55361.481947200        15.785        0.023        27912100001103  325.0712010    0.0424000   21h40m17.09s   00d02m32.64s      2               0    6.085629e-07         125         124         115        15.805            0.007     15.782         15.782   15.783       15.782    0.063       0.009        11376214003831  325.0711990    0.0423850        2791     10   55361.484437200         460    15.795    20.749     27.628    2.350       2.475           0      131072            0            1    11376214 
   55360.470207200        15.778        0.026        27912100001103  325.0712010    0.0424000   21h40m17.09s   00d02m32.64s      2               0    6.085629e-07         125         124         115        15.805            0.007     15.782         15.782   15.783       15.782    0.063       0.009        11380373005089  325.0711570    0.0423940        2791     10   55360.472617200         459    15.789    21.450     27.632    2.450       2.581           0      131072            0            1    11380373 
   55366.473097200        15.790        0.026        27912100001103  325.0712010    0.0424000   21h40m17.09s   00d02m32.64s      2               0    6.085629e-07         125         124         115        15.805            0.007     15.782         15.782   15.783       15.782    0.063       0.009        11399922005212  325.0711520    0.0423640        2791     10   55366.475997200         465    15.794    21.557     27.675    2.050       2.106           0      131072            0            1    11399922 
   55367.392397200        15.786        0.024        27912100001103  325.0712010    0.0424000   21h40m17.09s   00d02m32.64s      2               0    6.085629e-07         125         124         115        15.805            0.007     15.782         15.782   15.783       15.782    0.063       0.009        11404427005065  325.0711830    0.0423830        2791     10   55367.395367200         466    15.781    21.424     27.618    2.450       2.537           0      131072            0            1    11404427 
   55367.435687200        15.783        0.024        27912100001103  325.0712010    0.0424000   21h40m17.09s   00d02m32.64s      2               0    6.085629e-07         125         124         115        15.805            0.007     15.782         15.782   15.783       15.782    0.063       0.009        11404470005278  325.0711790    0.0423870        2791     10   55367.438657200         466    15.785    21.469     27.637    2.450       2.531           0      131072            0            1    11404470 
   55372.434957200        15.763        0.024        27912100001103  325.0712010    0.0424000   21h40m17.09s   00d02m32.64s      2               0    6.085629e-07         125         124         115        15.805            0.007     15.782         15.782   15.783       15.782    0.063       0.009        11412126004345  325.0711430    0.0423710        2791     10   55372.438307200         471    15.770    21.022     27.686    1.950       2.084           0      131072            0            1    11412126 
   55372.390467200        15.784        0.025        27912100001103  325.0712010    0.0424000   21h40m17.09s   00d02m32.64s      2               0    6.085629e-07         125         124         115        15.805            0.007     15.782         15.782   15.783       15.782    0.063       0.009        11412172004088  325.0711740    0.0423890        2791     10   55372.393817200         471    15.787    20.769     27.667    2.250       2.462           0      131072            0            1    11412172 
   55108.131057200        15.781        0.025        27912100001103  325.0712010    0.0424000   21h40m17.09s   00d02m32.64s      2               0    6.085629e-07         125         124         115        15.805            0.007     15.782         15.782   15.783       15.782    0.063       0.009        11807604003374  325.0711610    0.0423770        2791     10   55108.135057200         219    15.774    20.224     27.239    1.950       2.081           0      131072            0            1    11807604 
   55107.287177200        15.781        0.040        27912100001103  325.0712010    0.0424000   21h40m17.09s   00d02m32.64s      2               0    6.085629e-07         125         124         115        15.805            0.007     15.782         15.782   15.783       15.782    0.063       0.009        11808485003363  325.0711640    0.0424090        2791     10   55107.291237200         218    15.756    20.050     27.214    2.050       2.163           0      131072            0            1    11808485 
   55080.318577200        15.793        0.029        27912100001103  325.0712010    0.0424000   21h40m17.09s   00d02m32.64s      2               0    6.085629e-07         125         124         115        15.805            0.007     15.782         15.782   15.783       15.782    0.063       0.009        11816161003502  325.0711690    0.0423700        2791     10   55080.323917200         194    15.777    20.248     27.199    1.950       2.088           0      131072            0            1    11816161 
   55080.275007200        15.778        0.029        27912100001103  325.0712010    0.0424000   21h40m17.09s   00d02m32.64s      2               0    6.085629e-07         125         124         115        15.805            0.007     15.782         15.782   15.783       15.782    0.063       0.009        11816217003180  325.0711670    0.0423610        2791     10   55080.280357200         194    15.766    20.296     27.207    1.950       2.096           0      131072            0            1    11816217 
   55088.245757200        15.782        0.028        27912100001103  325.0712010    0.0424000   21h40m17.09s   00d02m32.64s      2               0    6.085629e-07         125         124         115        15.805            0.007     15.782         15.782   15.783       15.782    0.063       0.009        11840356006108  325.0711780    0.0423890        2791     10   55088.250827200         200    15.785    21.651     27.230    1.950       2.045           0      131072            0            1    11840356 
   55088.289367200        15.775        0.028        27912100001103  325.0712010    0.0424000   21h40m17.09s   00d02m32.64s      2               0    6.085629e-07         125         124         115        15.805            0.007     15.782         15.782   15.783       15.782    0.063       0.009        11840378006289  325.0711660    0.0424160        2791     10   55088.294437200         200    15.769    21.691     27.225    1.950       2.036           0      131072            0            1    11840378 
   55047.449997200        15.788        0.073        27912100001103  325.0712010    0.0424000   21h40m17.09s   00d02m32.64s      2               0    6.085629e-07         125         124         115        15.805            0.007     15.782         15.782   15.783       15.782    0.063       0.009        11858629003623  325.0711410    0.0424010        2791     10   55047.455407200         161    15.775    20.388     27.188    1.750       1.916           0      131072            0            1    11858629 
   55047.266377200        15.801        0.073        27912100001103  325.0712010    0.0424000   21h40m17.09s   00d02m32.64s      2               0    6.085629e-07         125         124         115        15.805            0.007     15.782         15.782   15.783       15.782    0.063       0.009        11858638002787  325.0711600    0.0424220        2791     10   55047.271777200         161    15.891    19.802     27.081    2.050       2.202           0      131072            0            1    11858638 
   55046.364747200        15.771        0.036        27912100001103  325.0712010    0.0424000   21h40m17.09s   00d02m32.64s      2               0    6.085629e-07         125         124         115        15.805            0.007     15.782         15.782   15.783       15.782    0.063       0.009        11859426004280  325.0711560    0.0424140        2791     10   55046.370127200         160    15.767    20.757     27.245    1.950       2.081           0      131072            0            1    11859426 
   55046.267207200        15.774        0.036        27912100001103  325.0712010    0.0424000   21h40m17.09s   00d02m32.64s      2               0    6.085629e-07         125         124         115        15.805            0.007     15.782         15.782   15.783       15.782    0.063       0.009        11859492004050  325.0711700    0.0423950        2791     10   55046.272587200         160    15.785    20.603     27.242    2.050       2.072           0      131072            0            1    11859492 
   55053.224747200        15.766        0.026        27912100001103  325.0712010    0.0424000   21h40m17.09s   00d02m32.64s      2               0    6.085629e-07         125         124         115        15.805            0.007     15.782         15.782   15.783       15.782    0.063       0.009        11866811003732  325.0711520    0.0423740        2791     10   55053.230267200         167    15.766    20.459     27.154    1.850       1.974           0      131072            0            1    11866811 
   55053.298097200        15.775        0.025        27912100001103  325.0712010    0.0424000   21h40m17.09s   00d02m32.64s      2               0    6.085629e-07         125         124         115        15.805            0.007     15.782         15.782   15.783       15.782    0.063       0.009        11866892004058  325.0711980    0.0424000        2791     10   55053.303617200         167    15.767    20.542     27.204    1.950       2.047           0      131072            0            1    11866892 
   55054.404897200        15.786        0.050        27912100001103  325.0712010    0.0424000   21h40m17.09s   00d02m32.64s      2               0    6.085629e-07         125         124         115        15.805            0.007     15.782         15.782   15.783       15.782    0.063       0.009        11868638004408  325.0711560    0.0423600        2791     10   55054.410427200         168    15.789    20.905     27.189    1.650       1.757           0      131072            0            1    11868638 
   55067.151497200        15.782        0.038        27912100001103  325.0712010    0.0424000   21h40m17.09s   00d02m32.64s      2               0    6.085629e-07         125         124         115        15.805            0.007     15.782         15.782   15.783       15.782    0.063       0.009        11881759005094  325.0711640    0.0423870        2791     10   55067.157067200         181    15.794    21.132     27.165    1.850       1.890           0    33685504            0            1    11881759 
   55066.374237200        15.778        0.027        27912100001103  325.0712010    0.0424000   21h40m17.09s   00d02m32.64s      2               0    6.085629e-07         125         124         115        15.805            0.007     15.782         15.782   15.783       15.782    0.063       0.009        11883889005807  325.0711820    0.0424000        2791     10   55066.379817200         180    15.784    21.459     27.173    1.850       1.931           0      131072            0            1    11883889 
   55062.339447200        15.777        0.029        27912100001103  325.0712010    0.0424000   21h40m17.09s   00d02m32.64s      2               0    6.085629e-07         125         124         115        15.805            0.007     15.782         15.782   15.783       15.782    0.063       0.009        11891288005846  325.0711730    0.0424060        2791     10   55062.345037200         176    15.755    21.489     27.189    2.150       2.239           0      131072            0            1    11891288 
   55062.399247200        15.782        0.029        27912100001103  325.0712010    0.0424000   21h40m17.09s   00d02m32.64s      2               0    6.085629e-07         125         124         115        15.805            0.007     15.782         15.782   15.783       15.782    0.063       0.009        11891384005901  325.0711690    0.0423920        2791     10   55062.404837200         176    15.761    21.586     27.171    1.850       1.982           0      131072            0            1    11891384 
   55060.340277200        15.777        0.025        27912100001103  325.0712010    0.0424000   21h40m17.09s   00d02m32.64s      2               0    6.085629e-07         125         124         115        15.805            0.007     15.782         15.782   15.783       15.782    0.063       0.009        11895828005722  325.0711450    0.0423810        2791     10   55060.345867200         174    15.790    21.590     27.215    1.850       1.975           0      131072            0            1    11895828 
   55060.251067200        15.775        0.025        27912100001103  325.0712010    0.0424000   21h40m17.09s   00d02m32.64s      2               0    6.085629e-07         125         124         115        15.805            0.007     15.782         15.782   15.783       15.782    0.063       0.009        11895856005604  325.0711710    0.0423970        2791     10   55060.256647200         174    15.792    21.329     27.207    2.150       2.225           0      131072            0            1    11895856 
   55055.164297200        15.824        0.030        27912100001103  325.0712010    0.0424000   21h40m17.09s   00d02m32.64s      2               0    6.085629e-07         125         124         115        15.805            0.007     15.782         15.782   15.783       15.782    0.063       0.009        11902310004360  325.0711770    0.0424050        2791     10   55055.169837200         169    15.858    20.737     27.017    2.450       2.615           0      131072            0            1    11902310 
   55014.291107200        15.791        0.033        27912100001103  325.0712010    0.0424000   21h40m17.09s   00d02m32.64s      2               0    6.085629e-07         125         124         115        15.805            0.007     15.782         15.782   15.783       15.782    0.063       0.009        11913014003842  325.0711600    0.0423990        2791     10   55014.294977200         128    15.799    20.465     27.043    2.350       2.409           0      131072            0            1    11913014 
   55014.409407200        15.788        0.032        27912100001103  325.0712010    0.0424000   21h40m17.09s   00d02m32.64s      2               0    6.085629e-07         125         124         115        15.805            0.007     15.782         15.782   15.783       15.782    0.063       0.009        11913114005455  325.0711520    0.0424150        2791     10   55014.413277200         128    15.806    21.589     27.182    1.950       1.973           0      131072            0            1    11913114 
   55025.340997200        15.764        0.029        27912100001103  325.0712010    0.0424000   21h40m17.09s   00d02m32.64s      2               0    6.085629e-07         125         124         115        15.805            0.007     15.782         15.782   15.783       15.782    0.063       0.009        11944012004387  325.0711700    0.0423950        2791     10   55025.345527200         139    15.772    20.962     27.199    1.750       1.849           0      131072            0            1    11944012 
   55025.244547200        15.782        0.029        27912100001103  325.0712010    0.0424000   21h40m17.09s   00d02m32.64s      2               0    6.085629e-07         125         124         115        15.805            0.007     15.782         15.782   15.783       15.782    0.063       0.009        11944035004129  325.0711520    0.0424110        2791     10   55025.249077200         139    15.781    20.543     27.079    2.750       2.812           0      131072            0            1    11944035 
   55040.351617200        15.783        0.032        27912100001103  325.0712010    0.0424000   21h40m17.09s   00d02m32.64s      2               0    6.085629e-07         125         124         115        15.805            0.007     15.782         15.782   15.783       15.782    0.063       0.009        11985010006060  325.0711640    0.0423780        2791     10   55040.356827200         154    15.780    21.649     27.243    1.850       2.053           0      131072            0            1    11985010 
   55040.245867200        15.786        0.032        27912100001103  325.0712010    0.0424000   21h40m17.09s   00d02m32.64s      2               0    6.085629e-07         125         124         115        15.805            0.007     15.782         15.782   15.783       15.782    0.063       0.009        11985095004560  325.0711910    0.0423830        2791     10   55040.251067200         154    15.785    20.872     27.179    2.650       2.686           0      131072            0            1    11985095 
   55035.233447200        16.095        0.046        27912100001103  325.0712010    0.0424000   21h40m17.09s   00d02m32.64s      2               0    6.085629e-07         125         124         115        15.805            0.007     15.782         15.782   15.783       15.782    0.063       0.009        11999677003757  325.0712130    0.0423580        2791     10   55035.238457200         149    16.434    20.903     26.943    2.150       2.159           0      131072            0            1    11999677 
   55035.324977200        15.790        0.045        27912100001103  325.0712010    0.0424000   21h40m17.09s   00d02m32.64s      2               0    6.085629e-07         125         124         115        15.805            0.007     15.782         15.782   15.783       15.782    0.063       0.009        11999707005764  325.0711610    0.0423780        2791     10   55035.329987200         149    15.800    21.632     27.179    1.750       1.845           0      131072            0            1    11999707 
   55008.335927200        15.785        0.024        27912100001103  325.0712010    0.0424000   21h40m17.09s   00d02m32.64s      2               0    6.085629e-07         125         124         115        15.805            0.007     15.782         15.782   15.783       15.782    0.063       0.009        15104209004841  325.0711880    0.0423920        2791     10   55008.339367200         122    15.785    21.147     27.129    2.450       2.470           0      131072            0            1    15104209 
   55008.478057200        15.770        0.024        27912100001103  325.0712010    0.0424000   21h40m17.09s   00d02m32.64s      2               0    6.085629e-07         125         124         115        15.805            0.007     15.782         15.782   15.783       15.782    0.063       0.009        15104241004604  325.0711850    0.0423870        2791     10   55008.481507200         122    15.761    21.220     27.182    1.950       2.050           0      131072            0            1    15104241 
   56911.164437200        15.771        0.028        27912100001103  325.0712010    0.0424000   21h40m17.09s   00d02m32.64s      2               0    6.085629e-07         125         124         115        15.805            0.007     15.782         15.782   15.783       15.782    0.063       0.009        21287728003830  325.0711790    0.0423990        2791     10   56911.169637200        1975    15.779    20.833     27.581    1.750       1.943           0      131072            0            1    21287728 
   56911.200277200        15.766        0.028        27912100001103  325.0712010    0.0424000   21h40m17.09s   00d02m32.64s      2               0    6.085629e-07         125         124         115        15.805            0.007     15.782         15.782   15.783       15.782    0.063       0.009        21287756003741  325.0711850    0.0424140        2791     10   56911.205477200        1975    15.762    20.839     27.588    1.750       2.029           0      131072            0            1    21287756 
   56912.158427200        15.782        0.024        27912100001103  325.0712010    0.0424000   21h40m17.09s   00d02m32.64s      2               0    6.085629e-07         125         124         115        15.805            0.007     15.782         15.782   15.783       15.782    0.063       0.009        21321088004767  325.0711840    0.0424110        2791     10   56912.163597200        1976    15.792    21.323     27.557    1.950       1.993           0      131072            0            1    21321088 
   56912.201807200        15.776        0.024        27912100001103  325.0712010    0.0424000   21h40m17.09s   00d02m32.64s      2               0    6.085629e-07         125         124         115        15.805            0.007     15.782         15.782   15.783       15.782    0.063       0.009        21321127004280  325.0711830    0.0424070        2791     10   56912.206967200        1976    15.790    21.113     27.583    1.650       1.772           0      131072            0            1    21321127 
   56913.156607200        15.786        0.024        27912100001103  325.0712010    0.0424000   21h40m17.09s   00d02m32.64s      2               0    6.085629e-07         125         124         115        15.805            0.007     15.782         15.782   15.783       15.782    0.063       0.009        21329677004922  325.0711910    0.0424060        2791     10   56913.161737200        1977    15.791    21.540     27.557    1.750       1.932           0      131072            0            1    21329677 
   56913.367427200        15.772        0.024        27912100001103  325.0712010    0.0424000   21h40m17.09s   00d02m32.64s      2               0    6.085629e-07         125         124         115        15.805            0.007     15.782         15.782   15.783       15.782    0.063       0.009        21329686003926  325.0711840    0.0424130        2791     10   56913.372547200        1977    15.769    20.791     27.541    2.150       2.189           0      131072            0            1    21329686 
   56915.152397200        15.787        0.021        27912100001103  325.0712010    0.0424000   21h40m17.09s   00d02m32.64s      2               0    6.085629e-07         125         124         115        15.805            0.007     15.782         15.782   15.783       15.782    0.063       0.009        21349602004999  325.0711680    0.0424160        2791     10   56915.157447200        1978    15.792    21.596     27.552    1.750       1.992           0      131072            0            1    21349602 
   56915.196547200        15.783        0.021        27912100001103  325.0712010    0.0424000   21h40m17.09s   00d02m32.64s      2               0    6.085629e-07         125         124         115        15.805            0.007     15.782         15.782   15.783       15.782    0.063       0.009        21349631005078  325.0711830    0.0424120        2791     10   56915.201597200        1978    15.793    21.793     27.584    1.550       1.895           0      131072            0            1    21349631 
   56914.201277200        15.782        0.023        27912100001103  325.0712010    0.0424000   21h40m17.09s   00d02m32.64s      2               0    6.085629e-07         125         124         115        15.805            0.007     15.782         15.782   15.783       15.782    0.063       0.009        21368785005187  325.0711930    0.0424040        2791     10   56914.206367200        1979    15.786    21.684     27.569    1.650       1.885           0      131072            0            1    21368785 
   56914.155937200        15.786        0.023        27912100001103  325.0712010    0.0424000   21h40m17.09s   00d02m32.64s      2               0    6.085629e-07         125         124         115        15.805            0.007     15.782         15.782   15.783       15.782    0.063       0.009        21368788004749  325.0711920    0.0424150        2791     10   56914.161027200        1979    15.795    21.428     27.535    1.950       1.988           0      131072            0            1    21368788 
   56916.150627200        15.782        0.022        27912100001103  325.0712010    0.0424000   21h40m17.09s   00d02m32.64s      2               0    6.085629e-07         125         124         115        15.805            0.007     15.782         15.782   15.783       15.782    0.063       0.009        21378522004882  325.0711860    0.0424020        2791     10   56916.155637200        1980    15.785    21.570     27.544    1.750       1.859           0      131072            0            1    21378522 
   56916.244687200        15.780        0.022        27912100001103  325.0712010    0.0424000   21h40m17.09s   00d02m32.64s      2               0    6.085629e-07         125         124         115        15.805            0.007     15.782         15.782   15.783       15.782    0.063       0.009        21378559004862  325.0711880    0.0424120        2791     10   56916.249697200        1980    15.789    21.549     27.587    1.950       2.160           0      131072            0            1    21378559 
   56917.149637200        15.791        0.028        27912100001103  325.0712010    0.0424000   21h40m17.09s   00d02m32.64s      2               0    6.085629e-07         125         124         115        15.805            0.007     15.782         15.782   15.783       15.782    0.063       0.009        21394089004221  325.0711970    0.0424020        2791     10   56917.154607200        1981    15.781    21.097     27.527    2.450       2.606           0      131072            0            1    21394089 
   56917.192157200        15.786        0.028        27912100001103  325.0712010    0.0424000   21h40m17.09s   00d02m32.64s      2               0    6.085629e-07         125         124         115        15.805            0.007     15.782         15.782   15.783       15.782    0.063       0.009        21394124004831  325.0711960    0.0423960        2791     10   56917.197117200        1981    15.778    21.496     27.545    1.850       2.007           0      131072            0            1    21394124 
   56920.207547200        15.777        0.027        27912100001103  325.0712010    0.0424000   21h40m17.09s   00d02m32.64s      2               0    6.085629e-07         125         124         115        15.805            0.007     15.782         15.782   15.783       15.782    0.063       0.009        21437641005130  325.0711830    0.0424020        2791     10   56920.212377200        1983    15.765    21.646     27.594    1.750       1.995           0      131072            0            1    21437641 
   56920.246607200        15.786        0.027        27912100001103  325.0712010    0.0424000   21h40m17.09s   00d02m32.64s      2               0    6.085629e-07         125         124         115        15.805            0.007     15.782         15.782   15.783       15.782    0.063       0.009        21437666005214  325.0711880    0.0423960        2791     10   56920.251437200        1983    15.771    21.630     27.601    1.850       1.942           0      131072            0            1    21437666 
   56921.147817200        15.777        0.025        27912100001103  325.0712010    0.0424000   21h40m17.09s   00d02m32.64s      2               0    6.085629e-07         125         124         115        15.805            0.007     15.782         15.782   15.783       15.782    0.063       0.009        21454786004701  325.0711900    0.0424010        2791     10   56921.152597200        1984    15.776    21.313     27.592    2.350       2.433           0      131072            0            1    21454786 
   56921.189957200        15.782        0.025        27912100001103  325.0712010    0.0424000   21h40m17.09s   00d02m32.64s      2               0    6.085629e-07         125         124         115        15.805            0.007     15.782         15.782   15.783       15.782    0.063       0.009        21454825005046  325.0711790    0.0424160        2791     10   56921.194737200        1984    15.783    21.594     27.636    1.950       1.984           0      131072            0            1    21454825 
   56922.140377200        15.786        0.022        27912100001103  325.0712010    0.0424000   21h40m17.09s   00d02m32.64s      2               0    6.085629e-07         125         124         115        15.805            0.007     15.782         15.782   15.783       15.782    0.063       0.009        21473809004784  325.0711820    0.0424120        2791     10   56922.145117200        1985    15.790    21.611     27.619    1.750       1.815           0      131072            0            1    21473809 
   56922.182557200        15.778        0.022        27912100001103  325.0712010    0.0424000   21h40m17.09s   00d02m32.64s      2               0    6.085629e-07         125         124         115        15.805            0.007     15.782         15.782   15.783       15.782    0.063       0.009        21473845005015  325.0711850    0.0424040        2791     10   56922.187287200        1985    15.779    21.542     27.624    1.850       1.898           0      131072            0            1    21473845 
   56923.139007200        15.781        0.023        27912100001103  325.0712010    0.0424000   21h40m17.09s   00d02m32.64s      2               0    6.085629e-07         125         124         115        15.805            0.007     15.782         15.782   15.783       15.782    0.063       0.009        21491872004849  325.0711840    0.0424000        2791     10   56923.143687200        1986    15.776    21.396     27.608    2.050       2.159           0      131072            0            1    21491872 
   56923.181237200        15.785        0.023        27912100001103  325.0712010    0.0424000   21h40m17.09s   00d02m32.64s      2               0    6.085629e-07         125         124         115        15.805            0.007     15.782         15.782   15.783       15.782    0.063       0.009        21491901005037  325.0711860    0.0424090        2791     10   56923.185917200        1986    15.780    21.593     27.621    1.750       2.009           0      131072            0            1    21491901 
   56924.137987200        15.783        0.021        27912100001103  325.0712010    0.0424000   21h40m17.09s   00d02m32.64s      2               0    6.085629e-07         125         124         115        15.805            0.007     15.782         15.782   15.783       15.782    0.063       0.009        21509449005146  325.0711850    0.0424030        2791     10   56924.142617200        1987    15.791    21.612     27.620    1.750       1.949           0      131072            0            1    21509449 
   56924.180217200        15.786        0.021        27912100001103  325.0712010    0.0424000   21h40m17.09s   00d02m32.64s      2               0    6.085629e-07         125         124         115        15.805            0.007     15.782         15.782   15.783       15.782    0.063       0.009        21509485005062  325.0711810    0.0424030        2791     10   56924.184847200        1987    15.792    21.685     27.628    1.750       2.006           0      131072            0            1    21509485 
   56925.197797200        15.777        0.024        27912100001103  325.0712010    0.0424000   21h40m17.09s   00d02m32.64s      2               0    6.085629e-07         125         124         115        15.805            0.007     15.782         15.782   15.783       15.782    0.063       0.009        21525625004775  325.0711910    0.0424060        2791     10   56925.202367200        1988    15.777    21.446     27.599    2.150       2.512           0      131072            0            1    21525625 
   56925.233167200        15.782        0.024        27912100001103  325.0712010    0.0424000   21h40m17.09s   00d02m32.64s      2               0    6.085629e-07         125         124         115        15.805            0.007     15.782         15.782   15.783       15.782    0.063       0.009        21525654004766  325.0711860    0.0424020        2791     10   56925.237737200        1988    15.787    21.311     27.603    2.450       2.607           0      131072            0            1    21525654 
   56926.133207200        15.778        0.021        27912100001103  325.0712010    0.0424000   21h40m17.09s   00d02m32.64s      2               0    6.085629e-07         125         124         115        15.805            0.007     15.782         15.782   15.783       15.782    0.063       0.009        21534164005126  325.0711840    0.0424070        2791     10   56926.137727200        1989    15.789    21.664     27.607    1.650       1.825           0      131072            0            1    21534164 
   56926.177687200        15.782        0.021        27912100001103  325.0712010    0.0424000   21h40m17.09s   00d02m32.64s      2               0    6.085629e-07         125         124         115        15.805            0.007     15.782         15.782   15.783       15.782    0.063       0.009        21534192005247  325.0711800    0.0424140        2791     10   56926.182197200        1989    15.793    21.760     27.622    1.650       1.791           0      131072            0            1    21534192 
   56927.138897200        15.779        0.027        27912100001103  325.0712010    0.0424000   21h40m17.09s   00d02m32.64s      2               0    6.085629e-07         125         124         115        15.805            0.007     15.782         15.782   15.783       15.782    0.063       0.009        21550827004916  325.0711910    0.0424070        2791     10   56927.143357200        1990    15.769    21.490     27.585    1.950       1.996           0      131072            0            1    21550827 
   56927.187867200        15.777        0.027        27912100001103  325.0712010    0.0424000   21h40m17.09s   00d02m32.64s      2               0    6.085629e-07         125         124         115        15.805            0.007     15.782         15.782   15.783       15.782    0.063       0.009        21550868004733  325.0711880    0.0424000        2791     10   56927.192327200        1990    15.771    21.458     27.598    2.050       2.113           0      131072            0            1    21550868 
   56928.137467200        15.802        0.033        27912100001103  325.0712010    0.0424000   21h40m17.09s   00d02m32.64s      2               0    6.085629e-07         125         124         115        15.805            0.007     15.782         15.782   15.783       15.782    0.063       0.009        21559293003585  325.0711860    0.0424080        2791     10   56928.141867200        1991    15.776    20.774     27.556    3.550       3.669           0      131072            0            1    21559293 
   56928.182547200        15.800        0.033        27912100001103  325.0712010    0.0424000   21h40m17.09s   00d02m32.64s      2               0    6.085629e-07         125         124         115        15.805            0.007     15.782         15.782   15.783       15.782    0.063       0.009        21559331003792  325.0711870    0.0424100        2791     10   56928.186947200        1991    15.793    20.908     27.577    3.250       3.347           0      131072            0            1    21559331 
   55723.345217200        15.779        0.025        27912100001103  325.0712010    0.0424000   21h40m17.09s   00d02m32.64s      2               0    6.085629e-07         125         124         115        15.805            0.007     15.782         15.782   15.783       15.782    0.063       0.009         9677084003426  325.0711840    0.0423690        2791     10   55723.347427200         821    15.769    20.332     27.435    3.250       3.277           0      131072            0            1     9677084 
   55723.403817200        15.766        0.025        27912100001103  325.0712010    0.0424000   21h40m17.09s   00d02m32.64s      2               0    6.085629e-07         125         124         115        15.805            0.007     15.782         15.782   15.783       15.782    0.063       0.009         9677099005115  325.0711790    0.0423790        2791     10   55723.406027200         821    15.756    21.423     27.510    2.250       2.316           0      131072            0            1     9677099 
   55735.470227200        15.779        0.021        27912100001103  325.0712010    0.0424000   21h40m17.09s   00d02m32.64s      2               0    6.085629e-07         125         124         115        15.805            0.007     15.782         15.782   15.783       15.782    0.063       0.009         9699559004748  325.0711600    0.0423420        2791     10   55735.473427200         833    15.780    21.343     27.552    1.850       2.066           0      131072            0            1     9699559 
