   55441.328797200        16.919        0.029        30042100004825  335.1030600    5.2209760   22h20m24.73s   05d13m15.51s      2               0    4.895858e-07         123         118         109        16.927            0.014     16.925         16.925   16.926       16.928    0.023       0.016        10903261001802  335.1030590    5.2209730        3004     10   55441.334367200         536    16.925    21.622     27.667    1.950       2.078           0      131072            0            1    10903261 
   55441.375487200        16.939        0.029        30042100004825  335.1030600    5.2209760   22h20m24.73s   05d13m15.51s      2               0    4.895858e-07         123         118         109        16.927            0.014     16.925         16.925   16.926       16.928    0.023       0.016        10903284001777  335.1030450    5.2209750        3004     10   55441.381057200         536    16.947    21.586     27.657    1.950       2.021           0      131072            0            1    10903284 
   55445.148237200        16.925        0.031        30042100004825  335.1030600    5.2209760   22h20m24.73s   05d13m15.51s      2               0    4.895858e-07         123         118         109        16.927            0.014     16.925         16.925   16.926       16.928    0.023       0.016        10908707001643  335.1030420    5.2209720        3004     10   55445.153797200         540    16.916    21.400     27.600    1.950       2.000           0      131072            0            1    10908707 
   55445.191327200        16.911        0.031        30042100004825  335.1030600    5.2209760   22h20m24.73s   05d13m15.51s      2               0    4.895858e-07         123         118         109        16.927            0.014     16.925         16.925   16.926       16.928    0.023       0.016        10908890001877  335.1030580    5.2209780        3004     10   55445.196887200         540    16.906    21.670     27.636    1.850       2.010           0      131072            0            1    10908890 
   55410.496717200        16.945        0.216        30042100004825  335.1030600    5.2209760   22h20m24.73s   05d13m15.51s      2               0    4.895858e-07         123         118         109        16.927            0.014     16.925         16.925   16.926       16.928    0.023       0.016        11105060001510  335.1030510    5.2209500        3004     10   55410.501617200         509    16.834    21.077     27.464    1.750       1.740           0    12713984            0            1    11105060 
   55410.452937200        16.941        0.216        30042100004825  335.1030600    5.2209760   22h20m24.73s   05d13m15.51s      2               0    4.895858e-07         123         118         109        16.927            0.014     16.925         16.925   16.926       16.928    0.023       0.016        11105069001687  335.1030360    5.2209740        3004     10   55410.457847200         509    16.762    21.241     27.423    1.850       1.939           0      131072            0            1    11105069 
   55418.204637200        16.904        0.158        30042100004825  335.1030600    5.2209760   22h20m24.73s   05d13m15.51s      2               0    4.895858e-07         123         118         109        16.927            0.014     16.925         16.925   16.926       16.928    0.023       0.016        11128083001111  335.1030550    5.2209970        3004     10   55418.209847200         517    16.800    20.174     26.595    3.650       3.823           0      131072            0            1    11128083 
   55418.248067200        16.921        0.157        30042100004825  335.1030600    5.2209760   22h20m24.73s   05d13m15.51s      2               0    4.895858e-07         123         118         109        16.927            0.014     16.925         16.925   16.926       16.928    0.023       0.016        11128136001257  335.1030600    5.2209960        3004     10   55418.253277200         517    16.822    20.683     26.670    2.750       2.921           0      131072            0            1    11128136 
   55422.279837200        16.915        0.027        30042100004825  335.1030600    5.2209760   22h20m24.73s   05d13m15.51s      2               0    4.895858e-07         123         118         109        16.927            0.014     16.925         16.925   16.926       16.928    0.023       0.016        11148782001795  335.1030530    5.2209870        3004     10   55422.285167200         521    16.912    21.661     27.633    1.950       2.089           0      131072            0            1    11148782 
   55422.334637200        16.925        0.027        30042100004825  335.1030600    5.2209760   22h20m24.73s   05d13m15.51s      2               0    4.895858e-07         123         118         109        16.927            0.014     16.925         16.925   16.926       16.928    0.023       0.016        11149007001956  335.1030570    5.2209620        3004     10   55422.339967200         521    16.922    21.922     27.648    1.750       1.808           0      131072            0            1    11149007 
   55427.192567200        16.924        0.032        30042100004825  335.1030600    5.2209760   22h20m24.73s   05d13m15.51s      2               0    4.895858e-07         123         118         109        16.927            0.014     16.925         16.925   16.926       16.928    0.023       0.016        11195871001368  335.1030480    5.2209900        3004     10   55427.198017200         526    16.927    20.964     27.553    1.950       2.018           0      131072            0            1    11195871 
   55427.236187200        16.930        0.032        30042100004825  335.1030600    5.2209760   22h20m24.73s   05d13m15.51s      2               0    4.895858e-07         123         118         109        16.927            0.014     16.925         16.925   16.926       16.928    0.023       0.016        11195908001489  335.1030720    5.2209790        3004     10   55427.241637200         526    16.936    21.110     27.603    2.050       2.145           0      131072            0            1    11195908 
   55436.209787200        16.947        0.033        30042100004825  335.1030600    5.2209760   22h20m24.73s   05d13m15.51s      2               0    4.895858e-07         123         118         109        16.927            0.014     16.925         16.925   16.926       16.928    0.023       0.016        11210104001204  335.1030540    5.2209970        3004     10   55436.215357200         609    16.947    20.708     27.594    2.150       2.228           0      131072            0            1    11210104 
   55436.165687200        16.950        0.034        30042100004825  335.1030600    5.2209760   22h20m24.73s   05d13m15.51s      2               0    4.895858e-07         123         118         109        16.927            0.014     16.925         16.925   16.926       16.928    0.023       0.016        11210256001155  335.1030700    5.2209770        3004     10   55436.171247200         609    16.943    20.507     27.539    2.450       2.538           0      131072            0            1    11210256 
   55382.394957200        16.944        0.026        30042100004825  335.1030600    5.2209760   22h20m24.73s   05d13m15.51s      2               0    4.895858e-07         123         118         109        16.927            0.014     16.925         16.925   16.926       16.928    0.023       0.016        11242152001778  335.1030500    5.2209840        3004     10   55382.398137200         481    16.958    21.608     27.664    1.850       1.926           0      131072            0            1    11242152 
   55382.440567200        16.919        0.026        30042100004825  335.1030600    5.2209760   22h20m24.73s   05d13m15.51s      2               0    4.895858e-07         123         118         109        16.927            0.014     16.925         16.925   16.926       16.928    0.023       0.016        11242176001789  335.1030520    5.2209800        3004     10   55382.443757200         481    16.926    21.522     27.674    2.050       2.152           0      131072            0            1    11242176 
   55387.472557200        16.917        0.170        30042100004825  335.1030600    5.2209760   22h20m24.73s   05d13m15.51s      2               0    4.895858e-07         123         118         109        16.927            0.014     16.925         16.925   16.926       16.928    0.023       0.016        11259931001837  335.1030660    5.2209730        3004     10   55387.476117200         486    16.789    21.531     27.299    1.850       1.902           0      131072            0            1    11259931 
   55387.429347200        16.928        0.170        30042100004825  335.1030600    5.2209760   22h20m24.73s   05d13m15.51s      2               0    4.895858e-07         123         118         109        16.927            0.014     16.925         16.925   16.926       16.928    0.023       0.016        11260210002043  335.1030590    5.2209910        3004     10   55387.432907200         486    16.810    21.748     27.426    1.850       2.037           0      131072            0            1    11260210 
   55364.475187200        16.911        0.029        30042100004825  335.1030600    5.2209760   22h20m24.73s   05d13m15.51s      2               0    4.895858e-07         123         118         109        16.927            0.014     16.925         16.925   16.926       16.928    0.023       0.016        11394477001572  335.1030650    5.2209810        3004     10   55364.476887200         463    16.920    21.289     27.666    2.150       2.225           0      131072            0            1    11394477 
   55366.484117200        16.910        0.030        30042100004825  335.1030600    5.2209760   22h20m24.73s   05d13m15.51s      2               0    4.895858e-07         123         118         109        16.927            0.014     16.925         16.925   16.926       16.928    0.023       0.016        11399799001100  335.1030620    5.2209990        3004     10   55366.485997200         465    16.905    20.407     27.697    2.450       2.519           0      131072            0            1    11399799 
   55367.445377200        16.929        0.025        30042100004825  335.1030600    5.2209760   22h20m24.73s   05d13m15.51s      2               0    4.895858e-07         123         118         109        16.927            0.014     16.925         16.925   16.926       16.928    0.023       0.016        11404331001748  335.1030630    5.2209880        3004     10   55367.447347200         466    16.937    21.510     27.652    2.450       2.490           0      131072            0            1    11404331 
   55367.401877200        16.917        0.026        30042100004825  335.1030600    5.2209760   22h20m24.73s   05d13m15.51s      2               0    4.895858e-07         123         118         109        16.927            0.014     16.925         16.925   16.926       16.928    0.023       0.016        11404428001671  335.1030590    5.2209790        3004     10   55367.403827200         466    16.909    21.404     27.627    2.450       2.546           0      131072            0            1    11404428 
   55372.403737200        16.938        0.027        30042100004825  335.1030600    5.2209760   22h20m24.73s   05d13m15.51s      2               0    4.895858e-07         123         118         109        16.927            0.014     16.925         16.925   16.926       16.928    0.023       0.016        11412090001390  335.1030580    5.2209960        3004     10   55372.406127200         471    16.943    20.980     27.666    1.950       1.938           0      131072            0            1    11412090 
   55372.447647200        16.914        0.026        30042100004825  335.1030600    5.2209760   22h20m24.73s   05d13m15.51s      2               0    4.895858e-07         123         118         109        16.927            0.014     16.925         16.925   16.926       16.928    0.023       0.016        11412094001492  335.1030500    5.2209740        3004     10   55372.450037200         471    16.923    21.173     27.688    1.850       1.870           0      131072            0            1    11412094 
   55365.455107200        16.924        0.026        30042100004825  335.1030600    5.2209760   22h20m24.73s   05d13m15.51s      2               0    4.895858e-07         123         118         109        16.927            0.014     16.925         16.925   16.926       16.928    0.023       0.016        11443245001996  335.1030690    5.2209860        3004     10   55365.456887200         464    16.927    21.852     27.692    1.950       2.071           0      131072            0            1    11443245 
   55108.172247200        16.924        0.033        30042100004825  335.1030600    5.2209760   22h20m24.73s   05d13m15.51s      2               0    4.895858e-07         123         118         109        16.927            0.014     16.925         16.925   16.926       16.928    0.023       0.016        11807537000774  335.1030360    5.2209060        3004     10   55108.176937200         219    16.925    19.777     27.242    2.450       2.575           0      131072            0            1    11807537 
   55108.216297200        16.959        0.033        30042100004825  335.1030600    5.2209760   22h20m24.73s   05d13m15.51s      2               0    4.895858e-07         123         118         109        16.927            0.014     16.925         16.925   16.926       16.928    0.023       0.016        11807600000779  335.1030590    5.2209330        3004     10   55108.220987200         219    16.960    19.814     27.244    2.450       2.579           0      131072            0            1    11807600 
   55081.358637200        16.946        0.027        30042100004825  335.1030600    5.2209760   22h20m24.73s   05d13m15.51s      2               0    4.895858e-07         123         118         109        16.927            0.014     16.925         16.925   16.926       16.928    0.023       0.016        11813689001017  335.1030430    5.2209370        3004     10   55081.364177200         195    16.938    20.405     27.130    2.050       2.025           0    12713984            0            1    11813689 
   55084.301867200        16.921        0.023        30042100004825  335.1030600    5.2209760   22h20m24.73s   05d13m15.51s      2               0    4.895858e-07         123         118         109        16.927            0.014     16.925         16.925   16.926       16.928    0.023       0.016        11838509001453  335.1030400    5.2209400        3004     10   55084.307367200         196    16.925    21.137     27.255    1.950       2.003           0      131072            0            1    11838509 
   55084.345887200        16.923        0.023        30042100004825  335.1030600    5.2209760   22h20m24.73s   05d13m15.51s      2               0    4.895858e-07         123         118         109        16.927            0.014     16.925         16.925   16.926       16.928    0.023       0.016        11838572001424  335.1030390    5.2209400        3004     10   55084.351387200         196    16.937    21.261     27.244    1.650       1.754           0      131072            0            1    11838572 
   55048.290127200        16.903        0.035        30042100004825  335.1030600    5.2209760   22h20m24.73s   05d13m15.51s      2               0    4.895858e-07         123         118         109        16.927            0.014     16.925         16.925   16.926       16.928    0.023       0.016        11861129000853  335.1030320    5.2209460        3004     10   55048.295157200         162    16.910    20.025     27.172    1.850       1.895           0    12713984            0            1    11861129 
   55048.215637200        16.983        0.044        30042100004825  335.1030600    5.2209760   22h20m24.73s   05d13m15.51s      2               0    4.895858e-07         123         118         109        16.927            0.014     16.925         16.925   16.926       16.928    0.023       0.016        11861144000640  335.1030410    5.2209420        3004     10   55048.220667200         162    17.001    19.245     27.050    2.750       2.940           0      131072            0            1    11861144 
   55053.369007200        16.915        0.029        30042100004825  335.1030600    5.2209760   22h20m24.73s   05d13m15.51s      2               0    4.895858e-07         123         118         109        16.927            0.014     16.925         16.925   16.926       16.928    0.023       0.016        11866785001045  335.1030520    5.2209400        3004     10   55053.374227200         167    16.915    20.412     27.203    2.050       2.080           0      131072            0            1    11866785 
   55064.333267200        16.914        0.027        30042100004825  335.1030600    5.2209760   22h20m24.73s   05d13m15.51s      2               0    4.895858e-07         123         118         109        16.927            0.014     16.925         16.925   16.926       16.928    0.023       0.016        11886255001753  335.1030310    5.2209480        3004     10   55064.338757200         178    16.913    21.679     27.154    1.650       1.728           0      131072            0            1    11886255 
   55064.397267200        16.918        0.027        30042100004825  335.1030600    5.2209760   22h20m24.73s   05d13m15.51s      2               0    4.895858e-07         123         118         109        16.927            0.014     16.925         16.925   16.926       16.928    0.023       0.016        11886277001772  335.1030400    5.2209510        3004     10   55064.402757200         178    16.914    21.638     27.137    1.650       1.762           0      131072            0            1    11886277 
   55061.179307200        16.933        0.027        30042100004825  335.1030600    5.2209760   22h20m24.73s   05d13m15.51s      2               0    4.895858e-07         123         118         109        16.927            0.014     16.925         16.925   16.926       16.928    0.023       0.016        11893536001486  335.1030400    5.2209390        3004     10   55061.184737200         175    16.927    20.979     27.112    2.450       2.411           0      131072            0            1    11893536 
   55060.402767200        16.925        0.026        30042100004825  335.1030600    5.2209760   22h20m24.73s   05d13m15.51s      2               0    4.895858e-07         123         118         109        16.927            0.014     16.925         16.925   16.926       16.928    0.023       0.016        11895841001843  335.1030430    5.2209420        3004     10   55060.408177200         174    16.917    21.599     27.209    1.950       1.870           0      131072            0            1    11895841 
   55056.180257200        16.909        0.025        30042100004825  335.1030600    5.2209760   22h20m24.73s   05d13m15.51s      2               0    4.895858e-07         123         118         109        16.927            0.014     16.925         16.925   16.926       16.928    0.023       0.016        11900210001399  335.1030500    5.2209330        3004     10   55056.185557200         170    16.912    20.885     27.074    2.650       2.726           0      131072            0            1    11900210 
   55055.434377200        16.922        0.032        30042100004825  335.1030600    5.2209760   22h20m24.73s   05d13m15.51s      2               0    4.895858e-07         123         118         109        16.927            0.014     16.925         16.925   16.926       16.928    0.023       0.016        11902188001511  335.1030430    5.2209590        3004     10   55055.439657200         169    16.933    21.209     27.227    1.750       1.837           0      131072            0            1    11902188 
   55017.421017200        16.897        0.025        30042100004825  335.1030600    5.2209760   22h20m24.73s   05d13m15.51s      2               0    4.895858e-07         123         118         109        16.927            0.014     16.925         16.925   16.926       16.928    0.023       0.016        11906308001573  335.1030370    5.2209420        3004     10   55017.424227200         131    16.895    21.044     27.212    1.850       1.930           0      131072            0            1    11906308 
   55017.375567200        16.929        0.025        30042100004825  335.1030600    5.2209760   22h20m24.73s   05d13m15.51s      2               0    4.895858e-07         123         118         109        16.927            0.014     16.925         16.925   16.926       16.928    0.023       0.016        11906454001380  335.1030530    5.2209290        3004     10   55017.378767200         131    16.939    20.788     27.199    2.050       2.158           0      131072            0            1    11906454 
   55044.212407200        16.969        0.032        30042100004825  335.1030600    5.2209760   22h20m24.73s   05d13m15.51s      2               0    4.895858e-07         123         118         109        16.927            0.014     16.925         16.925   16.926       16.928    0.023       0.016        11934885000878  335.1030490    5.2209720        3004     10   55044.217267200         158    16.964    19.927     27.053    3.250       3.354           0      131072            0            1    11934885 
   55029.343717200        16.928        0.038        30042100004825  335.1030600    5.2209760   22h20m24.73s   05d13m15.51s      2               0    4.895858e-07         123         118         109        16.927            0.014     16.925         16.925   16.926       16.928    0.023       0.016        11951963001573  335.1030490    5.2209520        3004     10   55029.347757200         143    16.929    21.343     27.184    2.050       2.139           0      131072            0            1    11951963 
   55029.258787200        16.952        0.040        30042100004825  335.1030600    5.2209760   22h20m24.73s   05d13m15.51s      2               0    4.895858e-07         123         118         109        16.927            0.014     16.925         16.925   16.926       16.928    0.023       0.016        11951982001014  335.1030630    5.2209240        3004     10   55029.262817200         143    16.934    20.415     27.001    3.250       3.447           0      131072            0            1    11951982 
   55038.320047200        16.903        0.025        30042100004825  335.1030600    5.2209760   22h20m24.73s   05d13m15.51s      2               0    4.895858e-07         123         118         109        16.927            0.014     16.925         16.925   16.926       16.928    0.023       0.016        11989312001803  335.1030470    5.2209640        3004     10   55038.324617200         152    16.901    21.699     27.145    1.650       1.686           0      131072            0            1    11989312 
   55038.477747200        16.923        0.025        30042100004825  335.1030600    5.2209760   22h20m24.73s   05d13m15.51s      2               0    4.895858e-07         123         118         109        16.927            0.014     16.925         16.925   16.926       16.928    0.023       0.016        11989366001696  335.1030530    5.2209480        3004     10   55038.482317200         152    16.925    21.459     27.152    2.050       2.081           0      131072            0            1    11989366 
   55007.470057200        16.921        0.028        30042100004825  335.1030600    5.2209760   22h20m24.73s   05d13m15.51s      2               0    4.895858e-07         123         118         109        16.927            0.014     16.925         16.925   16.926       16.928    0.023       0.016        12053732001932  335.1030330    5.2209520        3004     10   55007.472467200         121    16.931    21.634     27.239    1.850       1.947           0      131072            0            1    12053732 
   55007.473097200        16.912        0.028        30042100004825  335.1030600    5.2209760   22h20m24.73s   05d13m15.51s      2               0    4.895858e-07         123         118         109        16.927            0.014     16.925         16.925   16.926       16.928    0.023       0.016        12053796001848  335.1030230    5.2209550        3004     10   55007.475517200         121    16.925    21.480     27.241    1.950       2.048           0      131072            0            1    12053796 
   56913.167127200        16.917        0.025        30042100004825  335.1030600    5.2209760   22h20m24.73s   05d13m15.51s      2               0    4.895858e-07         123         118         109        16.927            0.014     16.925         16.925   16.926       16.928    0.023       0.016        21329679001552  335.1030660    5.2209870        3004     10   56913.172587200        1977    16.912    21.542     27.553    1.750       1.844           0      131072            0            1    21329679 
   56913.377877200        16.925        0.027        30042100004825  335.1030600    5.2209760   22h20m24.73s   05d13m15.51s      2               0    4.895858e-07         123         118         109        16.927            0.014     16.925         16.925   16.926       16.928    0.023       0.016        21329694001206  335.1030640    5.2209830        3004     10   56913.383337200        1977    16.927    20.840     27.580    2.250       2.255           0      131072            0            1    21329694 
   56915.163007200        16.922        0.023        30042100004825  335.1030600    5.2209760   22h20m24.73s   05d13m15.51s      2               0    4.895858e-07         123         118         109        16.927            0.014     16.925         16.925   16.926       16.928    0.023       0.016        21349606001589  335.1030510    5.2209830        3004     10   56915.168427200        1978    16.926    21.601     27.557    1.750       1.881           0      131072            0            1    21349606 
   56915.207177200        16.928        0.023        30042100004825  335.1030600    5.2209760   22h20m24.73s   05d13m15.51s      2               0    4.895858e-07         123         118         109        16.927            0.014     16.925         16.925   16.926       16.928    0.023       0.016        21349648001636  335.1030690    5.2209850        3004     10   56915.212587200        1978    16.931    21.734     27.594    1.650       1.816           0      131072            0            1    21349648 
   56914.211977200        16.933        0.024        30042100004825  335.1030600    5.2209760   22h20m24.73s   05d13m15.51s      2               0    4.895858e-07         123         118         109        16.927            0.014     16.925         16.925   16.926       16.928    0.023       0.016        21368759001672  335.1030600    5.2209960        3004     10   56914.217417200        1979    16.928    21.625     27.586    1.750       1.741           0      131072            0            1    21368759 
   56914.166517200        16.954        0.025        30042100004825  335.1030600    5.2209760   22h20m24.73s   05d13m15.51s      2               0    4.895858e-07         123         118         109        16.927            0.014     16.925         16.925   16.926       16.928    0.023       0.016        21368760001514  335.1030670    5.2209770        3004     10   56914.171947200        1979    16.943    21.336     27.549    2.150       2.247           0      131072            0            1    21368760 
   56916.161207200        16.923        0.024        30042100004825  335.1030600    5.2209760   22h20m24.73s   05d13m15.51s      2               0    4.895858e-07         123         118         109        16.927            0.014     16.925         16.925   16.926       16.928    0.023       0.016        21378558001572  335.1030650    5.2209950        3004     10   56916.166597200        1980    16.926    21.515     27.562    1.850       1.916           0      131072            0            1    21378558 
   56916.255277200        16.923        0.023        30042100004825  335.1030600    5.2209760   22h20m24.73s   05d13m15.51s      2               0    4.895858e-07         123         118         109        16.927            0.014     16.925         16.925   16.926       16.928    0.023       0.016        21378571001586  335.1030670    5.2209810        3004     10   56916.260667200        1980    16.930    21.631     27.613    1.850       1.949           0      131072            0            1    21378571 
   56916.268317200        16.926        0.023        30042100004825  335.1030600    5.2209760   22h20m24.73s   05d13m15.51s      2               0    4.895858e-07         123         118         109        16.927            0.014     16.925         16.925   16.926       16.928    0.023       0.016        21378576001635  335.1030630    5.2209860        3004     10   56916.273707200        1980    16.927    21.762     27.615    1.650       1.751           0      131072            0            1    21378576 
   56916.289467200        16.912        0.024        30042100004825  335.1030600    5.2209760   22h20m24.73s   05d13m15.51s      2               0    4.895858e-07         123         118         109        16.927            0.014     16.925         16.925   16.926       16.928    0.023       0.016        21378577001622  335.1030660    5.2209850        3004     10   56916.294857200        1980    16.916    21.752     27.617    1.650       1.782           0      131072            0            1    21378577 
   56916.310567200        16.926        0.024        30042100004825  335.1030600    5.2209760   22h20m24.73s   05d13m15.51s      2               0    4.895858e-07         123         118         109        16.927            0.014     16.925         16.925   16.926       16.928    0.023       0.016        21378578001537  335.1030640    5.2209900        3004     10   56916.315957200        1980    16.929    21.516     27.617    1.950       2.044           0      131072            0            1    21378578 
   56917.160107200        16.871        0.030        30042100004825  335.1030600    5.2209760   22h20m24.73s   05d13m15.51s      2               0    4.895858e-07         123         118         109        16.927            0.014     16.925         16.925   16.926       16.928    0.023       0.016        21394106001208  335.1030650    5.2209800        3004     10   56917.165467200        1981    17.162    21.268     27.542    2.050       2.070           0      131072            0            1    21394106 
   56917.202637200        16.933        0.030        30042100004825  335.1030600    5.2209760   22h20m24.73s   05d13m15.51s      2               0    4.895858e-07         123         118         109        16.927            0.014     16.925         16.925   16.926       16.928    0.023       0.016        21394136001443  335.1030680    5.2209820        3004     10   56917.208007200        1981    16.933    21.332     27.575    2.150       2.174           0      131072            0            1    21394136 
   56921.157007200        16.912        0.027        30042100004825  335.1030600    5.2209760   22h20m24.73s   05d13m15.51s      2               0    4.895858e-07         123         118         109        16.927            0.014     16.925         16.925   16.926       16.928    0.023       0.016        21454775001503  335.1030610    5.2209890        3004     10   56921.162257200        1984    16.904    21.424     27.597    2.150       2.288           0      131072            0            1    21454775 
   56921.199107200        16.918        0.026        30042100004825  335.1030600    5.2209760   22h20m24.73s   05d13m15.51s      2               0    4.895858e-07         123         118         109        16.927            0.014     16.925         16.925   16.926       16.928    0.023       0.016        21454828001657  335.1030640    5.2209780        3004     10   56921.204357200        1984    16.921    21.606     27.645    1.950       2.147           0      131072            0            1    21454828 
   56922.148407200        16.912        0.024        30042100004825  335.1030600    5.2209760   22h20m24.73s   05d13m15.51s      2               0    4.895858e-07         123         118         109        16.927            0.014     16.925         16.925   16.926       16.928    0.023       0.016        21473812001580  335.1030620    5.2209850        3004     10   56922.153617200        1985    16.912    21.537     27.634    1.850       2.014           0      131072            0            1    21473812 
   56922.190627200        16.930        0.023        30042100004825  335.1030600    5.2209760   22h20m24.73s   05d13m15.51s      2               0    4.895858e-07         123         118         109        16.927            0.014     16.925         16.925   16.926       16.928    0.023       0.016        21473853001621  335.1030580    5.2209810        3004     10   56922.195837200        1985    16.929    21.611     27.644    1.750       1.789           0      131072            0            1    21473853 
   56923.147037200        16.933        0.024        30042100004825  335.1030600    5.2209760   22h20m24.73s   05d13m15.51s      2               0    4.895858e-07         123         118         109        16.927            0.014     16.925         16.925   16.926       16.928    0.023       0.016        21491881001521  335.1030650    5.2209930        3004     10   56923.152217200        1986    16.930    21.385     27.630    2.050       2.057           0      131072            0            1    21491881 
   56923.189257200        16.936        0.024        30042100004825  335.1030600    5.2209760   22h20m24.73s   05d13m15.51s      2               0    4.895858e-07         123         118         109        16.927            0.014     16.925         16.925   16.926       16.928    0.023       0.016        21491915001598  335.1030650    5.2209830        3004     10   56923.194437200        1986    16.932    21.541     27.647    1.850       1.885           0      131072            0            1    21491915 
   56924.146027200        16.948        0.023        30042100004825  335.1030600    5.2209760   22h20m24.73s   05d13m15.51s      2               0    4.895858e-07         123         118         109        16.927            0.014     16.925         16.925   16.926       16.928    0.023       0.016        21509455001688  335.1030550    5.2209850        3004     10   56924.151177200        1987    16.949    21.685     27.637    1.650       1.784           0      131072            0            1    21509455 
   56924.188237200        16.929        0.023        30042100004825  335.1030600    5.2209760   22h20m24.73s   05d13m15.51s      2               0    4.895858e-07         123         118         109        16.927            0.014     16.925         16.925   16.926       16.928    0.023       0.016        21509491001659  335.1030620    5.2209860        3004     10   56924.193387200        1987    16.939    21.685     27.652    1.750       1.839           0      131072            0            1    21509491 
   56925.205817200        16.913        0.026        30042100004825  335.1030600    5.2209760   22h20m24.73s   05d13m15.51s      2               0    4.895858e-07         123         118         109        16.927            0.014     16.925         16.925   16.926       16.928    0.023       0.016        21525633001612  335.1030610    5.2209840        3004     10   56925.210927200        1988    16.911    21.504     27.626    2.050       2.050           0      131072            0            1    21525633 
   56925.241247200        16.928        0.026        30042100004825  335.1030600    5.2209760   22h20m24.73s   05d13m15.51s      2               0    4.895858e-07         123         118         109        16.927            0.014     16.925         16.925   16.926       16.928    0.023       0.016        21525661001642  335.1030630    5.2209890        3004     10   56925.246357200        1988    16.934    21.517     27.634    2.050       2.087           0      131072            0            1    21525661 
   56926.140117200        16.905        0.023        30042100004825  335.1030600    5.2209760   22h20m24.73s   05d13m15.51s      2               0    4.895858e-07         123         118         109        16.927            0.014     16.925         16.925   16.926       16.928    0.023       0.016        21534170001637  335.1030610    5.2209830        3004     10   56926.145187200        1989    16.914    21.612     27.612    1.750       1.801           0      131072            0            1    21534170 
   56926.184587200        16.910        0.023        30042100004825  335.1030600    5.2209760   22h20m24.73s   05d13m15.51s      2               0    4.895858e-07         123         118         109        16.927            0.014     16.925         16.925   16.926       16.928    0.023       0.016        21534197001700  335.1030540    5.2209810        3004     10   56926.189657200        1989    16.919    21.756     27.631    1.650       1.802           0      131072            0            1    21534197 
   56927.145887200        16.927        0.028        30042100004825  335.1030600    5.2209760   22h20m24.73s   05d13m15.51s      2               0    4.895858e-07         123         118         109        16.927            0.014     16.925         16.925   16.926       16.928    0.023       0.016        21550832001569  335.1030600    5.2209860        3004     10   56927.150927200        1990    16.915    21.384     27.596    2.150       2.222           0      131072            0            1    21550832 
   56927.194887200        16.929        0.028        30042100004825  335.1030600    5.2209760   22h20m24.73s   05d13m15.51s      2               0    4.895858e-07         123         118         109        16.927            0.014     16.925         16.925   16.926       16.928    0.023       0.016        21550874001535  335.1030510    5.2209830        3004     10   56927.199917200        1990    16.918    21.435     27.613    2.150       2.233           0      131072            0            1    21550874 
   56928.144407200        16.949        0.035        30042100004825  335.1030600    5.2209760   22h20m24.73s   05d13m15.51s      2               0    4.895858e-07         123         118         109        16.927            0.014     16.925         16.925   16.926       16.928    0.023       0.016        21559297001114  335.1030520    5.2209820        3004     10   56928.149397200        1991    16.919    20.790     27.578    3.450       3.523           0      131072            0            1    21559297 
   56928.189587200        16.925        0.034        30042100004825  335.1030600    5.2209760   22h20m24.73s   05d13m15.51s      2               0    4.895858e-07         123         118         109        16.927            0.014     16.925         16.925   16.926       16.928    0.023       0.016        21559337001401  335.1030640    5.2209930        3004     10   56928.194567200        1991    16.902    21.259     27.604    2.350       2.455           0      131072            0            1    21559337 
   56932.129487200        16.916        0.027        30042100004825  335.1030600    5.2209760   22h20m24.73s   05d13m15.51s      2               0    4.895858e-07         123         118         109        16.927            0.014     16.925         16.925   16.926       16.928    0.023       0.016        21607944001395  335.1030630    5.2209830        3004     10   56932.134297200        1995    16.910    21.160     27.595    1.950       2.020           0      131072            0            1    21607944 
   56932.169347200        16.957        0.027        30042100004825  335.1030600    5.2209760   22h20m24.73s   05d13m15.51s      2               0    4.895858e-07         123         118         109        16.927            0.014     16.925         16.925   16.926       16.928    0.023       0.016        21607973001379  335.1030600    5.2209880        3004     10   56932.174157200        1995    16.953    21.174     27.610    2.050       2.110           0      131072            0            1    21607973 
   56933.126827200        16.923        0.025        30042100004825  335.1030600    5.2209760   22h20m24.73s   05d13m15.51s      2               0    4.895858e-07         123         118         109        16.927            0.014     16.925         16.925   16.926       16.928    0.023       0.016        21623269001238  335.1030610    5.2209870        3004     10   56933.131587200        1996    16.933    20.936     27.623    2.150       2.223           0      131072            0            1    21623269 
   56933.163497200        16.901        0.025        30042100004825  335.1030600    5.2209760   22h20m24.73s   05d13m15.51s      2               0    4.895858e-07         123         118         109        16.927            0.014     16.925         16.925   16.926       16.928    0.023       0.016        21623297001285  335.1030690    5.2209900        3004     10   56933.168257200        1996    16.894    20.957     27.623    2.250       2.455           0      131072            0            1    21623297 
   56940.134927200        16.924        0.027        30042100004825  335.1030600    5.2209760   22h20m24.73s   05d13m15.51s      2               0    4.895858e-07         123         118         109        16.927            0.014     16.925         16.925   16.926       16.928    0.023       0.016        21742600001240  335.1030590    5.2209820        3004     10   56940.139307200        2004    16.909    20.883     27.602    1.950       1.970           0      131072            0            1    21742600 
   56940.162287200        16.932        0.027        30042100004825  335.1030600    5.2209760   22h20m24.73s   05d13m15.51s      2               0    4.895858e-07         123         118         109        16.927            0.014     16.925         16.925   16.926       16.928    0.023       0.016        21742634001172  335.1030620    5.2209910        3004     10   56940.166667200        2004    16.929    20.825     27.610    2.050       2.135           0      131072            0            1    21742634 
   56942.198417200        16.927        0.063        30042100004825  335.1030600    5.2209760   22h20m24.73s   05d13m15.51s      2               0    4.895858e-07         123         118         109        16.927            0.014     16.925         16.925   16.926       16.928    0.023       0.016        21772000001455  335.1030550    5.2209820        3004     10   56942.202667200        2006    16.931    21.177     27.651    1.950       2.031           0      131072            0            1    21772000 
   56942.159757200        16.910        0.066        30042100004825  335.1030600    5.2209760   22h20m24.73s   05d13m15.51s      2               0    4.895858e-07         123         118         109        16.927            0.014     16.925         16.925   16.926       16.928    0.023       0.016        21772004000975  335.1030500    5.2210020        3004     10   56942.164007200        2006    17.067    20.279     27.299    2.850       3.082           0      131072            0            1    21772004 
   56943.168457200        16.933        0.037        30042100004825  335.1030600    5.2209760   22h20m24.73s   05d13m15.51s      2               0    4.895858e-07         123         118         109        16.927            0.014     16.925         16.925   16.926       16.928    0.023       0.016        21789392001472  335.1030610    5.2209840        3004     10   56943.172647200        2002    16.939    21.449     27.636    2.150       2.276           0      131072            0            1    21789392 
   56943.133317200        16.936        0.037        30042100004825  335.1030600    5.2209760   22h20m24.73s   05d13m15.51s      2               0    4.895858e-07         123         118         109        16.927            0.014     16.925         16.925   16.926       16.928    0.023       0.016        21789414001503  335.1030620    5.2209860        3004     10   56943.137517200        2002    16.952    21.356     27.628    2.250       2.316           0      131072            0            1    21789414 
   56931.132087200        16.918        0.024        30042100004825  335.1030600    5.2209760   22h20m24.73s   05d13m15.51s      2               0    4.895858e-07         123         118         109        16.927            0.014     16.925         16.925   16.926       16.928    0.023       0.016        22272107001513  335.1030630    5.2209840        3004     10   56931.136937200        1994    16.926    21.328     27.626    1.850       1.989           0      131072            0            1    22272107 
   56931.222357200        16.917        0.024        30042100004825  335.1030600    5.2209760   22h20m24.73s   05d13m15.51s      2               0    4.895858e-07         123         118         109        16.927            0.014     16.925         16.925   16.926       16.928    0.023       0.016        22272147001576  335.1030630    5.2209890        3004     10   56931.227217200        1994    16.918    21.461     27.656    1.850       2.028           0      131072            0            1    22272147 
   56979.199807200        16.973        0.066        30042100004825  335.1030600    5.2209760   22h20m24.73s   05d13m15.51s      2               0    4.895858e-07         123         118         109        16.927            0.014     16.925         16.925   16.926       16.928    0.023       0.016        22306871000982  335.1030720    5.2209950        3004     10   56979.201027200        2035    16.862    20.262     27.249    2.950       3.116           0      131072            0            1    22306871 
   57002.110597200       -17.538        0.012        30042100004825  335.1030600    5.2209760   22h20m24.73s   05d13m15.51s      2               0    4.895858e-07         123         118         109        16.927            0.014     16.925         16.925   16.926       16.928    0.023       0.016        22502753001235  335.1030600    5.2209870        3004     10   57002.109587200        2056   -10.489      null     99.990    1.950       2.146           0      131072            0            1    22502753 
   56986.199597200        16.957        0.042        30042100004825  335.1030600    5.2209760   22h20m24.73s   05d13m15.51s      2               0    4.895858e-07         123         118         109        16.927            0.014     16.925         16.925   16.926       16.928    0.023       0.016        22911284001184  335.1030630    5.2209810        3004     10   56986.200147200        2042    16.919    20.769     27.542    2.850       2.997           0      131072            0            1    22911284 
   56986.081317200        16.946        0.042        30042100004825  335.1030600    5.2209760   22h20m24.73s   05d13m15.51s      2               0    4.895858e-07         123         118         109        16.927            0.014     16.925         16.925   16.926       16.928    0.023       0.016        22911317001064  335.1030570    5.2209960        3004     10   56986.081877200        2042    16.912    20.520     27.536    3.550       3.711           0      131072            0            1    22911317 
   56987.077107200        16.943        0.029        30042100004825  335.1030600    5.2209760   22h20m24.73s   05d13m15.51s      2               0    4.895858e-07         123         118         109        16.927            0.014     16.925         16.925   16.926       16.928    0.023       0.016        22933521001317  335.1030600    5.2209810        3004     10   56987.077567200        2043    16.943    20.959     27.619    2.550       2.637           0      131072            0            1    22933521 
   56987.181827200        16.932        0.029        30042100004825  335.1030600    5.2209760   22h20m24.73s   05d13m15.51s      2               0    4.895858e-07         123         118         109        16.927            0.014     16.925         16.925   16.926       16.928    0.023       0.016        22933607001239  335.1030580    5.2209780        3004     10   56987.182277200        2043    16.914    20.832     27.571    2.750       2.825           0      131072            0            1    22933607 
   56981.084637200        16.979        0.046        30042100004825  335.1030600    5.2209760   22h20m24.73s   05d13m15.51s      2               0    4.895858e-07         123         118         109        16.927            0.014     16.925         16.925   16.926       16.928    0.023       0.016        23049875000694  335.1030550    5.2209750        3004     10   56981.085687200        2037    18.523    21.300     27.566    1.750       1.784           0    12713984            0            1    23049875 
   56981.187717200        16.943        0.032        30042100004825  335.1030600    5.2209760   22h20m24.73s   05d13m15.51s      2               0    4.895858e-07         123         118         109        16.927            0.014     16.925         16.925   16.926       16.928    0.023       0.016        23049892001459  335.1030590    5.2209900        3004     10   56981.188757200        2037    16.927    21.217     27.582    2.150       2.314           0      131072            0            1    23049892 
   56984.083287200        16.940        0.165        30042100004825  335.1030600    5.2209760   22h20m24.73s   05d13m15.51s      2               0    4.895858e-07         123         118         109        16.927            0.014     16.925         16.925   16.926       16.928    0.023       0.016        23058648001059  335.1030580    5.2209830        3004     10   56984.084047200        2040    17.121    20.644     27.408    2.550       2.600           0      131072            0            1    23058648 
   56984.187197200        16.963        0.165        30042100004825  335.1030600    5.2209760   22h20m24.73s   05d13m15.51s      2               0    4.895858e-07         123         118         109        16.927            0.014     16.925         16.925   16.926       16.928    0.023       0.016        23058665001137  335.1030650    5.2209750        3004     10   56984.187947200        2040    17.006    20.695     27.554    3.250       3.374           0      131072            0            1    23058665 
   56985.082027200        16.961        0.172        30042100004825  335.1030600    5.2209760   22h20m24.73s   05d13m15.51s      2               0    4.895858e-07         123         118         109        16.927            0.014     16.925         16.925   16.926       16.928    0.023       0.016        23067020000747  335.1030710    5.2209570        3004     10   56985.082687200        2041    16.874    19.559     26.926    3.850       4.071           0      131072            0            1    23067020 
   56985.182397200        16.758        0.210        30042100004825  335.1030600    5.2209760   22h20m24.73s   05d13m15.51s      2               0    4.895858e-07         123         118         109        16.927            0.014     16.925         16.925   16.926       16.928    0.023       0.016        23067034000327  335.1031000    5.2209790        3004     10   56985.183047200        2041    18.124    19.196     26.744    2.950       4.762           0      131072            0            1    23067034 
