   55441.328797200        15.758        0.027        30042080004033  333.9602960    5.0528130   22h15m50.47s   05d03m10.13s      2               0    8.478659e-07         123         122         113        15.769            0.013     15.765         15.765   15.764       15.764    0.012       0.008        10903674002703  333.9602580    5.0527880        3004      8   55441.334367200         536    15.756    21.582     27.960    2.050       2.041           0      131072            0            1    10903674 
   55441.375487200        15.771        0.027        30042080004033  333.9602960    5.0528130   22h15m50.47s   05d03m10.13s      2               0    8.478659e-07         123         122         113        15.769            0.013     15.765         15.765   15.764       15.764    0.012       0.008        10903698002631  333.9602310    5.0527870        3004      8   55441.381057200         536    15.778    21.547     27.955    2.050       2.123           0      131072            0            1    10903698 
   55445.148237200        15.759        0.028        30042080004033  333.9602960    5.0528130   22h15m50.47s   05d03m10.13s      2               0    8.478659e-07         123         122         113        15.769            0.013     15.765         15.765   15.764       15.764    0.012       0.008        10914661002507  333.9602440    5.0528010        3004      8   55445.153797200         540    15.750    21.426     27.898    1.950       2.065           0      131072            0            1    10914661 
   55445.191327200        15.756        0.028        30042080004033  333.9602960    5.0528130   22h15m50.47s   05d03m10.13s      2               0    8.478659e-07         123         122         113        15.769            0.013     15.765         15.765   15.764       15.764    0.012       0.008        10914839002770  333.9602610    5.0528270        3004      8   55445.196887200         540    15.755    21.640     27.933    1.950       2.052           0      131072            0            1    10914839 
   55410.496717200        15.754        0.237        30042080004033  333.9602960    5.0528130   22h15m50.47s   05d03m10.13s      2               0    8.478659e-07         123         122         113        15.769            0.013     15.765         15.765   15.764       15.764    0.012       0.008        11106290002156  333.9602380    5.0528120        3004      8   55410.501617200         509    15.690    21.197     27.798    1.650       1.759           0      131072            0            1    11106290 
   55410.452937200        15.772        0.237        30042080004033  333.9602960    5.0528130   22h15m50.47s   05d03m10.13s      2               0    8.478659e-07         123         122         113        15.769            0.013     15.765         15.765   15.764       15.764    0.012       0.008        11106299002484  333.9602450    5.0527990        3004      8   55410.457847200         509    15.621    21.338     27.738    1.750       1.813           0      131072            0            1    11106299 
   55418.204637200        15.785        0.268        30042080004033  333.9602960    5.0528130   22h15m50.47s   05d03m10.13s      2               0    8.478659e-07         123         122         113        15.769            0.013     15.765         15.765   15.764       15.764    0.012       0.008        11125579001681  333.9602880    5.0528400        3004      8   55418.209847200         517    15.648    20.065     26.823    3.950       4.169           0      131072            0            1    11125579 
   55418.248067200        15.766        0.268        30042080004033  333.9602960    5.0528130   22h15m50.47s   05d03m10.13s      2               0    8.478659e-07         123         122         113        15.769            0.013     15.765         15.765   15.764       15.764    0.012       0.008        11125632001935  333.9602650    5.0528560        3004      8   55418.253277200         517    15.573    20.552     26.822    2.850       2.884           0      131072            0            1    11125632 
   55422.279837200        15.764        0.026        30042080004033  333.9602960    5.0528130   22h15m50.47s   05d03m10.13s      2               0    8.478659e-07         123         122         113        15.769            0.013     15.765         15.765   15.764       15.764    0.012       0.008        11150072002682  333.9602400    5.0528070        3004      8   55422.285167200         521    15.773    21.676     27.930    1.950       2.030           0      131072            0            1    11150072 
   55422.334637200        15.763        0.026        30042080004033  333.9602960    5.0528130   22h15m50.47s   05d03m10.13s      2               0    8.478659e-07         123         122         113        15.769            0.013     15.765         15.765   15.764       15.764    0.012       0.008        11150296003002  333.9602360    5.0527960        3004      8   55422.339967200         521    15.774    21.933     27.946    1.750       1.829           0      131072            0            1    11150296 
   55427.192567200        15.768        0.031        30042080004033  333.9602960    5.0528130   22h15m50.47s   05d03m10.13s      2               0    8.478659e-07         123         122         113        15.769            0.013     15.765         15.765   15.764       15.764    0.012       0.008        11196382001974  333.9602500    5.0528230        3004      8   55427.198017200         526    15.761    20.880     27.857    2.150       2.176           0      131072            0            1    11196382 
   55427.236187200        15.755        0.031        30042080004033  333.9602960    5.0528130   22h15m50.47s   05d03m10.13s      2               0    8.478659e-07         123         122         113        15.769            0.013     15.765         15.765   15.764       15.764    0.012       0.008        11196419002152  333.9602660    5.0528240        3004      8   55427.241637200         526    15.757    21.131     27.910    2.050       2.212           0      131072            0            1    11196419 
   55436.209787200        15.763        0.026        30042080004033  333.9602960    5.0528130   22h15m50.47s   05d03m10.13s      2               0    8.478659e-07         123         122         113        15.769            0.013     15.765         15.765   15.764       15.764    0.012       0.008        11210652001738  333.9602550    5.0528580        3004      8   55436.215357200         609    15.762    20.737     27.891    2.150       2.202           0      131072            0            1    11210652 
   55436.165687200        15.771        0.026        30042080004033  333.9602960    5.0528130   22h15m50.47s   05d03m10.13s      2               0    8.478659e-07         123         122         113        15.769            0.013     15.765         15.765   15.764       15.764    0.012       0.008        11210804001648  333.9602710    5.0528240        3004      8   55436.171247200         609    15.765    20.548     27.843    2.450       2.578           0      131072            0            1    11210804 
   55382.394957200        15.766        0.024        30042080004033  333.9602960    5.0528130   22h15m50.47s   05d03m10.13s      2               0    8.478659e-07         123         122         113        15.769            0.013     15.765         15.765   15.764       15.764    0.012       0.008        11243468002715  333.9602390    5.0528300        3004      8   55382.398137200         481    15.783    21.699     27.975    1.750       1.911           0      131072            0            1    11243468 
   55382.440567200        15.766        0.024        30042080004033  333.9602960    5.0528130   22h15m50.47s   05d03m10.13s      2               0    8.478659e-07         123         122         113        15.769            0.013     15.765         15.765   15.764       15.764    0.012       0.008        11243493002721  333.9602260    5.0528340        3004      8   55382.443757200         481    15.776    21.551     27.981    2.050       2.120           0      131072            0            1    11243493 
   55387.472557200        15.741        0.277        30042080004033  333.9602960    5.0528130   22h15m50.47s   05d03m10.13s      2               0    8.478659e-07         123         122         113        15.769            0.013     15.765         15.765   15.764       15.764    0.012       0.008        11259730002760  333.9602520    5.0528000        3004      8   55387.476117200         486    15.309    21.262     27.332    1.850       1.981           0      131072            0            1    11259730 
   55387.429347200        15.739        0.277        30042080004033  333.9602960    5.0528130   22h15m50.47s   05d03m10.13s      2               0    8.478659e-07         123         122         113        15.769            0.013     15.765         15.765   15.764       15.764    0.012       0.008        11259915003062  333.9602480    5.0528120        3004      8   55387.432907200         486    15.432    21.534     27.524    1.850       1.982           0      131072            0            1    11259915 
   55364.475187200        15.770        0.025        30042080004033  333.9602960    5.0528130   22h15m50.47s   05d03m10.13s      2               0    8.478659e-07         123         122         113        15.769            0.013     15.765         15.765   15.764       15.764    0.012       0.008        11394062002209  333.9602510    5.0528240        3004      8   55364.476887200         463    15.771    21.326     27.938    2.050       2.197           0      131072            0            1    11394062 
   55366.484117200        15.756        0.023        30042080004033  333.9602960    5.0528130   22h15m50.47s   05d03m10.13s      2               0    8.478659e-07         123         122         113        15.769            0.013     15.765         15.765   15.764       15.764    0.012       0.008        11400409001528  333.9602370    5.0528030        3004      8   55366.485997200         465    15.771    20.445     28.011    2.450       2.426           0      131072            0            1    11400409 
   55367.445377200        15.765        0.023        30042080004033  333.9602960    5.0528130   22h15m50.47s   05d03m10.13s      2               0    8.478659e-07         123         122         113        15.769            0.013     15.765         15.765   15.764       15.764    0.012       0.008        11405430002695  333.9602730    5.0528260        3004      8   55367.447347200         466    15.775    21.580     27.961    2.350       2.485           0      131074            0            1    11405430 
   55367.401877200        15.758        0.023        30042080004033  333.9602960    5.0528130   22h15m50.47s   05d03m10.13s      2               0    8.478659e-07         123         122         113        15.769            0.013     15.765         15.765   15.764       15.764    0.012       0.008        11405528002562  333.9602610    5.0528340        3004      8   55367.403827200         466    15.753    21.437     27.940    2.450       2.495           0      131072            0            1    11405528 
   55372.403737200        15.770        0.024        30042080004033  333.9602960    5.0528130   22h15m50.47s   05d03m10.13s      2               0    8.478659e-07         123         122         113        15.769            0.013     15.765         15.765   15.764       15.764    0.012       0.008        11412507001942  333.9602350    5.0528240        3004      8   55372.406127200         471    15.772    21.040     27.964    1.850       2.017           0      131072            0            1    11412507 
   55372.447647200        15.768        0.024        30042080004033  333.9602960    5.0528130   22h15m50.47s   05d03m10.13s      2               0    8.478659e-07         123         122         113        15.769            0.013     15.765         15.765   15.764       15.764    0.012       0.008        11412511002086  333.9602110    5.0528290        3004      8   55372.450037200         471    15.775    21.233     27.984    1.750       1.926           0      131072            0            1    11412511 
   55365.455107200        15.764        0.022        30042080004033  333.9602960    5.0528130   22h15m50.47s   05d03m10.13s      2               0    8.478659e-07         123         122         113        15.769            0.013     15.765         15.765   15.764       15.764    0.012       0.008        11444355003100  333.9602990    5.0528310        3004      8   55365.456887200         464    15.771    21.938     28.003    1.850       1.821           0      131072            0            1    11444355 
   55108.172247200        15.769        0.026        30042080004033  333.9602960    5.0528130   22h15m50.47s   05d03m10.13s      2               0    8.478659e-07         123         122         113        15.769            0.013     15.765         15.765   15.764       15.764    0.012       0.008        11807246001133  333.9602340    5.0528180        3004      8   55108.176937200         219    15.764    19.874     27.584    2.350       2.420           0      131072            0            1    11807246 
   55108.216297200        15.757        0.026        30042080004033  333.9602960    5.0528130   22h15m50.47s   05d03m10.13s      2               0    8.478659e-07         123         122         113        15.769            0.013     15.765         15.765   15.764       15.764    0.012       0.008        11807310001135  333.9602390    5.0528250        3004      8   55108.220987200         219    15.755    19.906     27.588    2.350       2.453           0      131072            0            1    11807310 
   55081.358637200        15.771        0.026        30042080004033  333.9602960    5.0528130   22h15m50.47s   05d03m10.13s      2               0    8.478659e-07         123         122         113        15.769            0.013     15.765         15.765   15.764       15.764    0.012       0.008        11814994001417  333.9602510    5.0528340        3004      8   55081.364177200         195    15.757    20.454     27.440    1.950       1.973           0      131072            0            1    11814994 
   55084.301867200        15.768        0.026        30042080004033  333.9602960    5.0528130   22h15m50.47s   05d03m10.13s      2               0    8.478659e-07         123         122         113        15.769            0.013     15.765         15.765   15.764       15.764    0.012       0.008        11838304002059  333.9602360    5.0528150        3004      8   55084.307367200         196    15.783    21.171     27.536    1.850       1.950           0      131072            0            1    11838304 
   55084.345887200        15.765        0.026        30042080004033  333.9602960    5.0528130   22h15m50.47s   05d03m10.13s      2               0    8.478659e-07         123         122         113        15.769            0.013     15.765         15.765   15.764       15.764    0.012       0.008        11838367002078  333.9602460    5.0528270        3004      8   55084.351387200         196    15.783    21.235     27.526    1.650       1.759           0      131072            0            1    11838367 
   55048.290127200        15.759        0.028        30042080004033  333.9602960    5.0528130   22h15m50.47s   05d03m10.13s      2               0    8.478659e-07         123         122         113        15.769            0.013     15.765         15.765   15.764       15.764    0.012       0.008        11860957001209  333.9602430    5.0528270        3004      8   55048.295157200         162    15.758    20.009     27.491    1.850       1.802           0    12713984            0            1    11860957 
   55048.215637200        15.793        0.030        30042080004033  333.9602960    5.0528130   22h15m50.47s   05d03m10.13s      2               0    8.478659e-07         123         122         113        15.769            0.013     15.765         15.765   15.764       15.764    0.012       0.008        11860972000827  333.9602560    5.0528310        3004      8   55048.220667200         162    15.818    19.139     27.387    3.050       3.071           0      131072            0            1    11860972 
   55053.369007200        15.770        0.026        30042080004033  333.9602960    5.0528130   22h15m50.47s   05d03m10.13s      2               0    8.478659e-07         123         122         113        15.769            0.013     15.765         15.765   15.764       15.764    0.012       0.008        11866993001465  333.9602520    5.0528240        3004      8   55053.374227200         167    15.770    20.448     27.500    1.950       2.001           0      131072            0            1    11866993 
   55064.333267200        15.770        0.041        30042080004033  333.9602960    5.0528130   22h15m50.47s   05d03m10.13s      2               0    8.478659e-07         123         122         113        15.769            0.013     15.765         15.765   15.764       15.764    0.012       0.008        11887497002400  333.9602330    5.0527990        3004      8   55064.338757200         178    15.778    21.654     27.407    1.550       1.762           0      131072            0            1    11887497 
   55064.397267200        15.753        0.041        30042080004033  333.9602960    5.0528130   22h15m50.47s   05d03m10.13s      2               0    8.478659e-07         123         122         113        15.769            0.013     15.765         15.765   15.764       15.764    0.012       0.008        11887519002411  333.9602450    5.0528210        3004      8   55064.402757200         178    15.756    21.541     27.388    1.650       1.619           0      131072            0            1    11887519 
   55061.179307200        15.757        0.023        30042080004033  333.9602960    5.0528130   22h15m50.47s   05d03m10.13s      2               0    8.478659e-07         123         122         113        15.769            0.013     15.765         15.765   15.764       15.764    0.012       0.008        11894941002009  333.9602490    5.0528320        3004      8   55061.184737200         175    15.747    20.969     27.393    2.350       2.482           0      131072            0            1    11894941 
   55060.402767200        15.769        0.026        30042080004033  333.9602960    5.0528130   22h15m50.47s   05d03m10.13s      2               0    8.478659e-07         123         122         113        15.769            0.013     15.765         15.765   15.764       15.764    0.012       0.008        11897546002570  333.9602380    5.0528320        3004      8   55060.408177200         174    15.767    21.639     27.467    1.750       1.884           0      131072            0            1    11897546 
   55056.180257200        15.760        0.022        30042080004033  333.9602960    5.0528130   22h15m50.47s   05d03m10.13s      2               0    8.478659e-07         123         122         113        15.769            0.013     15.765         15.765   15.764       15.764    0.012       0.008        11901867001892  333.9602540    5.0528310        3004      8   55056.185557200         170    15.756    20.795     27.357    2.750       2.870           0      131072            0            1    11901867 
   55055.434377200        15.777        0.035        30042080004033  333.9602960    5.0528130   22h15m50.47s   05d03m10.13s      2               0    8.478659e-07         123         122         113        15.769            0.013     15.765         15.765   15.764       15.764    0.012       0.008        11903796002059  333.9602390    5.0528190        3004      8   55055.439657200         169    15.778    21.221     27.507    1.650       1.771           0      131072            0            1    11903796 
   55017.421017200        15.756        0.026        30042080004033  333.9602960    5.0528130   22h15m50.47s   05d03m10.13s      2               0    8.478659e-07         123         122         113        15.769            0.013     15.765         15.765   15.764       15.764    0.012       0.008        11907342001894  333.9602530    5.0528420        3004      8   55017.424227200         131    15.745    20.883     27.313    1.750       1.799           0      131072            0            1    11907342 
   55017.375567200        15.757        0.026        30042080004033  333.9602960    5.0528130   22h15m50.47s   05d03m10.13s      2               0    8.478659e-07         123         122         113        15.769            0.013     15.765         15.765   15.764       15.764    0.012       0.008        11907488001690  333.9602580    5.0528340        3004      8   55017.378767200         131    15.756    20.625     27.298    1.950       2.021           0      131072            0            1    11907488 
   55044.212407200        15.757        0.024        30042080004033  333.9602960    5.0528130   22h15m50.47s   05d03m10.13s      2               0    8.478659e-07         123         122         113        15.769            0.013     15.765         15.765   15.764       15.764    0.012       0.008        11934049001303  333.9602820    5.0528400        3004      8   55044.217267200         158    15.753    19.987     27.410    3.250       3.401           0      131074            0            1    11934049 
   55029.343717200        15.766        0.040        30042080004033  333.9602960    5.0528130   22h15m50.47s   05d03m10.13s      2               0    8.478659e-07         123         122         113        15.769            0.013     15.765         15.765   15.764       15.764    0.012       0.008        11952286002002  333.9602560    5.0528330        3004      8   55029.347757200         143    15.741    21.154     27.268    1.950       2.053           0      131072            0            1    11952286 
   55029.258787200        15.769        0.040        30042080004033  333.9602960    5.0528130   22h15m50.47s   05d03m10.13s      2               0    8.478659e-07         123         122         113        15.769            0.013     15.765         15.765   15.764       15.764    0.012       0.008        11952306001316  333.9602550    5.0528400        3004      8   55029.262817200         143    15.742    20.210     27.101    3.250       3.347           0      131074            0            1    11952306 
   55038.320047200        15.765        0.034        30042080004033  333.9602960    5.0528130   22h15m50.47s   05d03m10.13s      2               0    8.478659e-07         123         122         113        15.769            0.013     15.765         15.765   15.764       15.764    0.012       0.008        11998480002728  333.9602510    5.0528270        3004      8   55038.324617200         152    15.770    21.664     27.428    1.650       1.788           0      131072            0            1    11998480 
   55038.477747200        15.754        0.034        30042080004033  333.9602960    5.0528130   22h15m50.47s   05d03m10.13s      2               0    8.478659e-07         123         122         113        15.769            0.013     15.765         15.765   15.764       15.764    0.012       0.008        11998635002508  333.9602400    5.0528260        3004      8   55038.482317200         152    15.769    21.465     27.434    1.950       2.231           0      131072            0            1    11998635 
   55007.470057200        15.769        0.032        30042080004033  333.9602960    5.0528130   22h15m50.47s   05d03m10.13s      2               0    8.478659e-07         123         122         113        15.769            0.013     15.765         15.765   15.764       15.764    0.012       0.008        12052868002530  333.9602480    5.0528330        3004      8   55007.472467200         121    15.772    21.531     27.375    1.750       1.818           0      131072            0            1    12052868 
   55007.473097200        15.757        0.032        30042080004033  333.9602960    5.0528130   22h15m50.47s   05d03m10.13s      2               0    8.478659e-07         123         122         113        15.769            0.013     15.765         15.765   15.764       15.764    0.012       0.008        12052932002388  333.9602550    5.0528380        3004      8   55007.475517200         121    15.764    21.377     27.377    1.850       1.886           0      131072            0            1    12052932 
   56913.167127200        15.766        0.024        30042080004033  333.9602960    5.0528130   22h15m50.47s   05d03m10.13s      2               0    8.478659e-07         123         122         113        15.769            0.013     15.765         15.765   15.764       15.764    0.012       0.008        21328794002493  333.9603310    5.0528120        3004      8   56913.172587200        1977    15.766    21.573     27.874    1.750       1.902           0      131072            0            1    21328794 
   56913.377877200        15.767        0.024        30042080004033  333.9602960    5.0528130   22h15m50.47s   05d03m10.13s      2               0    8.478659e-07         123         122         113        15.769            0.013     15.765         15.765   15.764       15.764    0.012       0.008        21328810001760  333.9603200    5.0528110        3004      8   56913.383337200        1977    15.773    20.957     27.890    2.050       2.200           0      131072            0            1    21328810 
   56915.163007200        15.764        0.022        30042080004033  333.9602960    5.0528130   22h15m50.47s   05d03m10.13s      2               0    8.478659e-07         123         122         113        15.769            0.013     15.765         15.765   15.764       15.764    0.012       0.008        21349754002537  333.9603230    5.0528140        3004      8   56915.168427200        1978    15.770    21.574     27.874    1.850       1.931           0      131072            0            1    21349754 
   56915.207177200        15.762        0.022        30042080004033  333.9602960    5.0528130   22h15m50.47s   05d03m10.13s      2               0    8.478659e-07         123         122         113        15.769            0.013     15.765         15.765   15.764       15.764    0.012       0.008        21349796002680  333.9603240    5.0528110        3004      8   56915.212587200        1978    15.766    21.759     27.907    1.650       1.849           0      131072            0            1    21349796 
   56914.211977200        15.765        0.023        30042080004033  333.9602960    5.0528130   22h15m50.47s   05d03m10.13s      2               0    8.478659e-07         123         122         113        15.769            0.013     15.765         15.765   15.764       15.764    0.012       0.008        21368607002590  333.9603240    5.0528130        3004      8   56914.217417200        1979    15.763    21.655     27.900    1.750       1.773           0      131072            0            1    21368607 
   56914.166517200        15.759        0.023        30042080004033  333.9602960    5.0528130   22h15m50.47s   05d03m10.13s      2               0    8.478659e-07         123         122         113        15.769            0.013     15.765         15.765   15.764       15.764    0.012       0.008        21368608002366  333.9603360    5.0528210        3004      8   56914.171947200        1979    15.752    21.369     27.866    2.150       2.272           0      131072            0            1    21368608 
   56916.161207200        15.762        0.023        30042080004033  333.9602960    5.0528130   22h15m50.47s   05d03m10.13s      2               0    8.478659e-07         123         122         113        15.769            0.013     15.765         15.765   15.764       15.764    0.012       0.008        21377878002490  333.9603250    5.0528150        3004      8   56916.166597200        1980    15.766    21.542     27.877    1.850       1.990           0      131072            0            1    21377878 
   56916.255277200        15.766        0.023        30042080004033  333.9602960    5.0528130   22h15m50.47s   05d03m10.13s      2               0    8.478659e-07         123         122         113        15.769            0.013     15.765         15.765   15.764       15.764    0.012       0.008        21377891002551  333.9603280    5.0528080        3004      8   56916.260667200        1980    15.774    21.661     27.925    1.850       1.957           0      131072            0            1    21377891 
   56916.268317200        15.769        0.023        30042080004033  333.9602960    5.0528130   22h15m50.47s   05d03m10.13s      2               0    8.478659e-07         123         122         113        15.769            0.013     15.765         15.765   15.764       15.764    0.012       0.008        21377896002655  333.9603180    5.0528070        3004      8   56916.273707200        1980    15.772    21.786     27.927    1.650       1.685           0      131072            0            1    21377896 
   56916.289467200        15.772        0.023        30042080004033  333.9602960    5.0528130   22h15m50.47s   05d03m10.13s      2               0    8.478659e-07         123         122         113        15.769            0.013     15.765         15.765   15.764       15.764    0.012       0.008        21377897002606  333.9603260    5.0528060        3004      8   56916.294857200        1980    15.777    21.774     27.929    1.650       1.729           0      131072            0            1    21377897 
   56916.310567200        15.759        0.023        30042080004033  333.9602960    5.0528130   22h15m50.47s   05d03m10.13s      2               0    8.478659e-07         123         122         113        15.769            0.013     15.765         15.765   15.764       15.764    0.012       0.008        21377898002491  333.9603220    5.0528140        3004      8   56916.315957200        1980    15.762    21.535     27.927    1.950       2.024           0      131072            0            1    21377898 
   56917.160107200        15.744        0.028        30042080004033  333.9602960    5.0528130   22h15m50.47s   05d03m10.13s      2               0    8.478659e-07         123         122         113        15.769            0.013     15.765         15.765   15.764       15.764    0.012       0.008        21394331002195  333.9603150    5.0528130        3004      8   56917.165467200        1981    15.818    21.292     27.859    2.150       2.213           0      131072            0            1    21394331 
   56917.202637200        15.778        0.028        30042080004033  333.9602960    5.0528130   22h15m50.47s   05d03m10.13s      2               0    8.478659e-07         123         122         113        15.769            0.013     15.765         15.765   15.764       15.764    0.012       0.008        21394361002330  333.9603150    5.0528150        3004      8   56917.208007200        1981    15.779    21.420     27.887    2.050       2.117           0      131072            0            1    21394361 
   56921.157007200        15.765        0.027        30042080004033  333.9602960    5.0528130   22h15m50.47s   05d03m10.13s      2               0    8.478659e-07         123         122         113        15.769            0.013     15.765         15.765   15.764       15.764    0.012       0.008        21455391002435  333.9603210    5.0528130        3004      8   56921.162257200        1984    15.759    21.448     27.907    2.150       2.304           0      131072            0            1    21455391 
   56921.199107200        15.765        0.027        30042080004033  333.9602960    5.0528130   22h15m50.47s   05d03m10.13s      2               0    8.478659e-07         123         122         113        15.769            0.013     15.765         15.765   15.764       15.764    0.012       0.008        21455444002588  333.9603190    5.0528140        3004      8   56921.204357200        1984    15.770    21.687     27.954    1.850       1.980           0      131072            0            1    21455444 
   56922.148407200        15.765        0.023        30042080004033  333.9602960    5.0528130   22h15m50.47s   05d03m10.13s      2               0    8.478659e-07         123         122         113        15.769            0.013     15.765         15.765   15.764       15.764    0.012       0.008        21474108002535  333.9603210    5.0528150        3004      8   56922.153617200        1985    15.765    21.509     27.939    1.950       1.950           0      131072            0            1    21474108 
   56922.190627200        15.765        0.023        30042080004033  333.9602960    5.0528130   22h15m50.47s   05d03m10.13s      2               0    8.478659e-07         123         122         113        15.769            0.013     15.765         15.765   15.764       15.764    0.012       0.008        21474149002544  333.9603280    5.0528160        3004      8   56922.195837200        1985    15.768    21.706     27.949    1.650       1.686           0      131072            0            1    21474149 
   56923.147037200        15.765        0.024        30042080004033  333.9602960    5.0528130   22h15m50.47s   05d03m10.13s      2               0    8.478659e-07         123         122         113        15.769            0.013     15.765         15.765   15.764       15.764    0.012       0.008        21491956002397  333.9603210    5.0528140        3004      8   56923.152217200        1986    15.762    21.469     27.932    1.950       2.083           0      131074            0            1    21491956 
   56923.189257200        15.761        0.024        30042080004033  333.9602960    5.0528130   22h15m50.47s   05d03m10.13s      2               0    8.478659e-07         123         122         113        15.769            0.013     15.765         15.765   15.764       15.764    0.012       0.008        21491990002486  333.9603250    5.0528060        3004      8   56923.194437200        1986    15.761    21.633     27.951    1.750       1.782           0      131072            0            1    21491990 
   56924.146027200        15.753        0.023        30042080004033  333.9602960    5.0528130   22h15m50.47s   05d03m10.13s      2               0    8.478659e-07         123         122         113        15.769            0.013     15.765         15.765   15.764       15.764    0.012       0.008        21509527002645  333.9603340    5.0528120        3004      8   56924.151177200        1987    15.757    21.720     27.945    1.650       1.758           0      131072            0            1    21509527 
   56924.188237200        15.764        0.023        30042080004033  333.9602960    5.0528130   22h15m50.47s   05d03m10.13s      2               0    8.478659e-07         123         122         113        15.769            0.013     15.765         15.765   15.764       15.764    0.012       0.008        21509563002637  333.9603260    5.0528130        3004      8   56924.193387200        1987    15.772    21.711     27.953    1.750       1.891           0      131072            0            1    21509563 
   56925.205817200        15.762        0.026        30042080004033  333.9602960    5.0528130   22h15m50.47s   05d03m10.13s      2               0    8.478659e-07         123         122         113        15.769            0.013     15.765         15.765   15.764       15.764    0.012       0.008        21525381002563  333.9603260    5.0528200        3004      8   56925.210927200        1988    15.759    21.641     27.928    1.850       1.973           0      131072            0            1    21525381 
   56925.241247200        15.760        0.026        30042080004033  333.9602960    5.0528130   22h15m50.47s   05d03m10.13s      2               0    8.478659e-07         123         122         113        15.769            0.013     15.765         15.765   15.764       15.764    0.012       0.008        21525409002552  333.9603150    5.0528100        3004      8   56925.246357200        1988    15.766    21.537     27.935    2.050       2.200           0      131072            0            1    21525409 
   56926.140117200        15.760        0.022        30042080004033  333.9602960    5.0528130   22h15m50.47s   05d03m10.13s      2               0    8.478659e-07         123         122         113        15.769            0.013     15.765         15.765   15.764       15.764    0.012       0.008        21534626002604  333.9603270    5.0528040        3004      8   56926.145187200        1989    15.769    21.639     27.926    1.750       1.941           0      131072            0            1    21534626 
   56926.184587200        15.770        0.022        30042080004033  333.9602960    5.0528130   22h15m50.47s   05d03m10.13s      2               0    8.478659e-07         123         122         113        15.769            0.013     15.765         15.765   15.764       15.764    0.012       0.008        21534653002774  333.9603250    5.0528120        3004      8   56926.189657200        1989    15.779    21.848     27.942    1.550       1.580           0      131072            0            1    21534653 
   56927.145887200        15.767        0.026        30042080004033  333.9602960    5.0528130   22h15m50.47s   05d03m10.13s      2               0    8.478659e-07         123         122         113        15.769            0.013     15.765         15.765   15.764       15.764    0.012       0.008        21551164002498  333.9603230    5.0528120        3004      8   56927.150927200        1990    15.757    21.471     27.914    2.050       2.193           0      131072            0            1    21551164 
   56927.194887200        15.768        0.026        30042080004033  333.9602960    5.0528130   22h15m50.47s   05d03m10.13s      2               0    8.478659e-07         123         122         113        15.769            0.013     15.765         15.765   15.764       15.764    0.012       0.008        21551206002434  333.9603270    5.0528130        3004      8   56927.199917200        1990    15.762    21.521     27.928    2.050       2.149           0      131072            0            1    21551206 
   56928.144407200        15.765        0.034        30042080004033  333.9602960    5.0528130   22h15m50.47s   05d03m10.13s      2               0    8.478659e-07         123         122         113        15.769            0.013     15.765         15.765   15.764       15.764    0.012       0.008        21559843001802  333.9603270    5.0528120        3004      8   56928.149397200        1991    15.737    20.851     27.886    3.350       3.417           0      131074            0            1    21559843 
   56928.189587200        15.776        0.034        30042080004033  333.9602960    5.0528130   22h15m50.47s   05d03m10.13s      2               0    8.478659e-07         123         122         113        15.769            0.013     15.765         15.765   15.764       15.764    0.012       0.008        21559883002242  333.9603240    5.0528170        3004      8   56928.194567200        1991    15.754    21.293     27.912    2.350       2.355           0      131072            0            1    21559883 
   56932.129487200        15.771        0.027        30042080004033  333.9602960    5.0528130   22h15m50.47s   05d03m10.13s      2               0    8.478659e-07         123         122         113        15.769            0.013     15.765         15.765   15.764       15.764    0.012       0.008        21608752002090  333.9603280    5.0528150        3004      8   56932.134297200        1995    15.766    21.238     27.903    1.850       2.008           0      131072            0            1    21608752 
   56932.169347200        15.766        0.027        30042080004033  333.9602960    5.0528130   22h15m50.47s   05d03m10.13s      2               0    8.478659e-07         123         122         113        15.769            0.013     15.765         15.765   15.764       15.764    0.012       0.008        21608781002098  333.9603270    5.0528070        3004      8   56932.174157200        1995    15.763    21.248     27.917    1.950       2.001           0      131072            0            1    21608781 
   56933.126827200        15.761        0.023        30042080004033  333.9602960    5.0528130   22h15m50.47s   05d03m10.13s      2               0    8.478659e-07         123         122         113        15.769            0.013     15.765         15.765   15.764       15.764    0.012       0.008        21623149001814  333.9603270    5.0528170        3004      8   56933.131587200        1996    15.771    20.959     27.930    2.150       2.232           0      131072            0            1    21623149 
   56933.163497200        15.766        0.023        30042080004033  333.9602960    5.0528130   22h15m50.47s   05d03m10.13s      2               0    8.478659e-07         123         122         113        15.769            0.013     15.765         15.765   15.764       15.764    0.012       0.008        21623177001931  333.9603290    5.0528160        3004      8   56933.168257200        1996    15.762    21.026     27.930    2.150       2.230           0      131072            0            1    21623177 
   56940.134927200        15.755        0.025        30042080004033  333.9602960    5.0528130   22h15m50.47s   05d03m10.13s      2               0    8.478659e-07         123         122         113        15.769            0.013     15.765         15.765   15.764       15.764    0.012       0.008        21742384001814  333.9603210    5.0528110        3004      8   56940.139307200        2004    15.743    20.968     27.906    1.850       1.900           0      131072            0            1    21742384 
   56940.162287200        15.763        0.025        30042080004033  333.9602960    5.0528130   22h15m50.47s   05d03m10.13s      2               0    8.478659e-07         123         122         113        15.769            0.013     15.765         15.765   15.764       15.764    0.012       0.008        21742418001733  333.9603240    5.0528120        3004      8   56940.166667200        2004    15.762    20.850     27.913    2.050       2.078           0      131072            0            1    21742418 
   56942.198417200        15.767        0.081        30042080004033  333.9602960    5.0528130   22h15m50.47s   05d03m10.13s      2               0    8.478659e-07         123         122         113        15.769            0.013     15.765         15.765   15.764       15.764    0.012       0.008        21771881002230  333.9603250    5.0528050        3004      8   56942.202667200        2006    15.759    21.242     27.919    1.850       2.048           0      131072            0            1    21771881 
   56942.159757200        15.764        0.081        30042080004033  333.9602960    5.0528130   22h15m50.47s   05d03m10.13s      2               0    8.478659e-07         123         122         113        15.769            0.013     15.765         15.765   15.764       15.764    0.012       0.008        21771885001577  333.9603270    5.0528130        3004      8   56942.164007200        2006    15.925    20.390     27.571    2.750       3.001           0      131072            0            1    21771885 
   56943.168457200        15.757        0.042        30042080004033  333.9602960    5.0528130   22h15m50.47s   05d03m10.13s      2               0    8.478659e-07         123         122         113        15.769            0.013     15.765         15.765   15.764       15.764    0.012       0.008        21789644002404  333.9603260    5.0528200        3004      8   56943.172647200        2002    15.756    21.522     27.929    2.050       2.144           0      131072            0            1    21789644 
   56943.133317200        15.767        0.042        30042080004033  333.9602960    5.0528130   22h15m50.47s   05d03m10.13s      2               0    8.478659e-07         123         122         113        15.769            0.013     15.765         15.765   15.764       15.764    0.012       0.008        21789666002356  333.9603210    5.0528130        3004      8   56943.137517200        2002    15.778    21.426     27.923    2.150       2.213           0      131072            0            1    21789666 
   56931.132087200        15.770        0.023        30042080004033  333.9602960    5.0528130   22h15m50.47s   05d03m10.13s      2               0    8.478659e-07         123         122         113        15.769            0.013     15.765         15.765   15.764       15.764    0.012       0.008        22272979002277  333.9603230    5.0528170        3004      8   56931.136937200        1994    15.778    21.415     27.934    1.750       1.834           0      131072            0            1    22272979 
   56931.222357200        15.760        0.023        30042080004033  333.9602960    5.0528130   22h15m50.47s   05d03m10.13s      2               0    8.478659e-07         123         122         113        15.769            0.013     15.765         15.765   15.764       15.764    0.012       0.008        22273020002412  333.9603220    5.0528160        3004      8   56931.227217200        1994    15.761    21.540     27.959    1.750       2.044           0      131074            0            1    22273020 
   56979.199807200        15.770        0.062        30042080004033  333.9602960    5.0528130   22h15m50.47s   05d03m10.13s      2               0    8.478659e-07         123         122         113        15.769            0.013     15.765         15.765   15.764       15.764    0.012       0.008        22307222001387  333.9603270    5.0528100        3004      8   56979.201027200        2035    15.672    20.266     27.555    2.950       3.035           0      131072            0            1    22307222 
   57002.110597200       -18.683        0.005        30042080004033  333.9602960    5.0528130   22h15m50.47s   05d03m10.13s      2               0    8.478659e-07         123         122         113        15.769            0.013     15.765         15.765   15.764       15.764    0.012       0.008        22502783001802  333.9603270    5.0528100        3004      8   57002.109587200        2056   -11.933      null     99.990    1.850       1.932           0      131072            0            1    22502783 
   56986.199597200        15.772        0.032        30042080004033  333.9602960    5.0528130   22h15m50.47s   05d03m10.13s      2               0    8.478659e-07         123         122         113        15.769            0.013     15.765         15.765   15.764       15.764    0.012       0.008        22912103001691  333.9603280    5.0528090        3004      8   56986.200147200        2042    15.709    20.744     27.818    2.850       2.926           0      131074            0            1    22912103 
   56986.081317200        15.757        0.032        30042080004033  333.9602960    5.0528130   22h15m50.47s   05d03m10.13s      2               0    8.478659e-07         123         122         113        15.769            0.013     15.765         15.765   15.764       15.764    0.012       0.008        22912136001541  333.9603210    5.0528090        3004      8   56986.081877200        2042    15.754    20.589     27.869    3.450       3.539           0      131074            0            1    22912136 
   56987.077107200        15.760        0.026        30042080004033  333.9602960    5.0528130   22h15m50.47s   05d03m10.13s      2               0    8.478659e-07         123         122         113        15.769            0.013     15.765         15.765   15.764       15.764    0.012       0.008        22933328001922  333.9603280    5.0528130        3004      8   56987.077567200        2043    15.755    21.007     27.915    2.450       2.572           0      131072            0            1    22933328 
   56987.181827200        15.775        0.026        30042080004033  333.9602960    5.0528130   22h15m50.47s   05d03m10.13s      2               0    8.478659e-07         123         122         113        15.769            0.013     15.765         15.765   15.764       15.764    0.012       0.008        22933414001800  333.9603280    5.0528150        3004      8   56987.182277200        2043    15.765    20.845     27.877    2.750       2.739           0      131074            0            1    22933414 
   56981.084637200        15.773        0.035        30042080004033  333.9602960    5.0528130   22h15m50.47s   05d03m10.13s      2               0    8.478659e-07         123         122         113        15.769            0.013     15.765         15.765   15.764       15.764    0.012       0.008        23050159000983  333.9603230    5.0528060        3004      8   56981.085687200        2037    17.271    21.381     27.868    1.650       1.770           0      131072            0            1    23050159 
   56981.187717200        15.762        0.033        30042080004033  333.9602960    5.0528130   22h15m50.47s   05d03m10.13s      2               0    8.478659e-07         123         122         113        15.769            0.013     15.765         15.765   15.764       15.764    0.012       0.008        23050176002139  333.9603280    5.0528120        3004      8   56981.188757200        2037    15.755    21.230     27.888    2.150       2.240           0      131072            0            1    23050176 
   56984.083287200        15.776        0.183        30042080004033  333.9602960    5.0528130   22h15m50.47s   05d03m10.13s      2               0    8.478659e-07         123         122         113        15.769            0.013     15.765         15.765   15.764       15.764    0.012       0.008        23058738001537  333.9603230    5.0528140        3004      8   56984.084047200        2040    15.867    20.617     27.646    2.550       2.560           0      131072            0            1    23058738 
   56984.187197200        15.767        0.183        30042080004033  333.9602960    5.0528130   22h15m50.47s   05d03m10.13s      2               0    8.478659e-07         123         122         113        15.769            0.013     15.765         15.765   15.764       15.764    0.012       0.008        23058755001626  333.9603280    5.0528230        3004      8   56984.187947200        2040    15.865    20.782     27.902    3.150       3.229           0      131074            0            1    23058755 
   56985.082027200        15.780        0.164        30042080004033  333.9602960    5.0528130   22h15m50.47s   05d03m10.13s      2               0    8.478659e-07         123         122         113        15.769            0.013     15.765         15.765   15.764       15.764    0.012       0.008        23067380001044  333.9603190    5.0528030        3004      8   56985.082687200        2041    15.669    19.601     27.206    3.650       3.684           0      131072            0            1    23067380 
   56985.182397200        15.676        0.173        30042080004033  333.9602960    5.0528130   22h15m50.47s   05d03m10.13s      2               0    8.478659e-07         123         122         113        15.769            0.013     15.765         15.765   15.764       15.764    0.012       0.008        23067394000377  333.9603260    5.0527880        3004      8   56985.183047200        2041    17.195    19.193     27.054    2.950       3.092           0      131072            0            1    23067394 
