   55441.328797200        15.668        0.028        30042000008442  333.0220440    6.4911740   22h12m05.29s   06d29m28.23s      2               0    4.690812e-07         123         123         114        15.677            0.010     15.674         15.674   15.672       15.671    0.024       0.021        10903053001331  333.0220480    6.4911690        3004      0   55441.334367200         536    15.669    21.591     28.097    2.250       2.336           0      131072            0            1    10903053 
   55441.375487200        15.663        0.028        30042000008442  333.0220440    6.4911740   22h12m05.29s   06d29m28.23s      2               0    4.690812e-07         123         123         114        15.677            0.010     15.674         15.674   15.672       15.671    0.024       0.021        10903076001269  333.0220460    6.4911770        3004      0   55441.381057200         536    15.671    21.553     28.089    2.250       2.370           0      131072            0            1    10903076 
   55445.148237200        15.664        0.027        30042000008442  333.0220440    6.4911740   22h12m05.29s   06d29m28.23s      2               0    4.690812e-07         123         123         114        15.677            0.010     15.674         15.674   15.672       15.671    0.024       0.021        10916256001261  333.0220450    6.4911720        3004      0   55445.153797200         540    15.662    21.498     28.043    2.050       2.044           0      131072            0            1    10916256 
   55445.191327200        15.677        0.027        30042000008442  333.0220440    6.4911740   22h12m05.29s   06d29m28.23s      2               0    4.690812e-07         123         123         114        15.677            0.010     15.674         15.674   15.672       15.671    0.024       0.021        10916437001374  333.0220500    6.4911740        3004      0   55445.196887200         540    15.681    21.699     28.076    2.050       2.193           0      131072            0            1    10916437 
   55410.496717200        15.661        0.238        30042000008442  333.0220440    6.4911740   22h12m05.29s   06d29m28.23s      2               0    4.690812e-07         123         123         114        15.677            0.010     15.674         15.674   15.672       15.671    0.024       0.021        11093976001060  333.0220480    6.4911750        3004      0   55410.501617200         509    15.476    21.080     27.788    1.850       2.021           0      131072            0            1    11093976 
   55410.452937200        15.660        0.238        30042000008442  333.0220440    6.4911740   22h12m05.29s   06d29m28.23s      2               0    4.690812e-07         123         123         114        15.677            0.010     15.674         15.674   15.672       15.671    0.024       0.021        11093985001224  333.0220450    6.4911760        3004      0   55410.457847200         509    15.509    21.311     27.857    2.050       2.191           0      131072            0            1    11093985 
   55418.204637200        15.676        0.190        30042000008442  333.0220440    6.4911740   22h12m05.29s   06d29m28.23s      2               0    4.690812e-07         123         123         114        15.677            0.010     15.674         15.674   15.672       15.671    0.024       0.021        11127575000928  333.0220440    6.4911780        3004      0   55418.209847200         517    15.588    20.438     27.036    3.350       3.296           0      131072            0            1    11127575 
   55418.248067200        15.664        0.190        30042000008442  333.0220440    6.4911740   22h12m05.29s   06d29m28.23s      2               0    4.690812e-07         123         123         114        15.677            0.010     15.674         15.674   15.672       15.671    0.024       0.021        11127626001014  333.0220420    6.4911800        3004      0   55418.253277200         517    15.566    20.861     27.072    2.650       2.613           0      131072            0            1    11127626 
   55422.279837200        15.673        0.027        30042000008442  333.0220440    6.4911740   22h12m05.29s   06d29m28.23s      2               0    4.690812e-07         123         123         114        15.677            0.010     15.674         15.674   15.672       15.671    0.024       0.021        11149555001381  333.0220470    6.4911760        3004      0   55422.285167200         521    15.666    21.712     28.063    2.150       2.140           0      131072            0            1    11149555 
   55422.334637200        15.675        0.027        30042000008442  333.0220440    6.4911740   22h12m05.29s   06d29m28.23s      2               0    4.690812e-07         123         123         114        15.677            0.010     15.674         15.674   15.672       15.671    0.024       0.021        11149784001434  333.0220450    6.4911740        3004      0   55422.339967200         521    15.675    21.950     28.078    1.950       2.046           0      131072            0            1    11149784 
   55436.209787200        15.657        0.034        30042000008442  333.0220440    6.4911740   22h12m05.29s   06d29m28.23s      2               0    4.690812e-07         123         123         114        15.677            0.010     15.674         15.674   15.672       15.671    0.024       0.021        11207918000903  333.0220480    6.4911760        3004      0   55436.215357200         609    15.649    20.843     28.024    2.250       2.389           0      131072            0            1    11207918 
   55436.165687200        15.677        0.034        30042000008442  333.0220440    6.4911740   22h12m05.29s   06d29m28.23s      2               0    4.690812e-07         123         123         114        15.677            0.010     15.674         15.674   15.672       15.671    0.024       0.021        11208072000878  333.0220460    6.4911760        3004      0   55436.171247200         609    15.652    20.699     27.968    2.450       2.523           0      131072            0            1    11208072 
   55427.192567200        15.677        0.031        30042000008442  333.0220440    6.4911740   22h12m05.29s   06d29m28.23s      2               0    4.690812e-07         123         123         114        15.677            0.010     15.674         15.674   15.672       15.671    0.024       0.021        11223396001015  333.0220510    6.4911750        3004      0   55427.198017200         526    15.657    20.993     27.979    2.150       2.187           0      131072            0            1    11223396 
   55427.236187200        15.674        0.031        30042000008442  333.0220440    6.4911740   22h12m05.29s   06d29m28.23s      2               0    4.690812e-07         123         123         114        15.677            0.010     15.674         15.674   15.672       15.671    0.024       0.021        11223433001135  333.0220460    6.4911730        3004      0   55427.241637200         526    15.670    21.194     28.040    2.150       2.176           0      131072            0            1    11223433 
   55382.394957200        15.671        0.025        30042000008442  333.0220440    6.4911740   22h12m05.29s   06d29m28.23s      2               0    4.690812e-07         123         123         114        15.677            0.010     15.674         15.674   15.672       15.671    0.024       0.021        11241212001341  333.0220440    6.4911740        3004      0   55382.398137200         481    15.686    21.687     28.112    1.950       1.982           0      131072            0            1    11241212 
   55382.440567200        15.671        0.025        30042000008442  333.0220440    6.4911740   22h12m05.29s   06d29m28.23s      2               0    4.690812e-07         123         123         114        15.677            0.010     15.674         15.674   15.672       15.671    0.024       0.021        11241237001284  333.0220460    6.4911690        3004      0   55382.443757200         481    15.682    21.549     28.121    2.250       2.462           0      131072            0            1    11241237 
   55387.472557200        15.732        0.190        30042000008442  333.0220440    6.4911740   22h12m05.29s   06d29m28.23s      2               0    4.690812e-07         123         123         114        15.677            0.010     15.674         15.674   15.672       15.671    0.024       0.021        11261082001320  333.0220500    6.4911750        3004      0   55387.476117200         486    15.625    21.599     27.802    2.050       2.244           0      131072            0            1    11261082 
   55387.429347200        15.690        0.190        30042000008442  333.0220440    6.4911740   22h12m05.29s   06d29m28.23s      2               0    4.690812e-07         123         123         114        15.677            0.010     15.674         15.674   15.672       15.671    0.024       0.021        11261265001590  333.0220450    6.4911740        3004      0   55387.432907200         486    15.540    21.868     27.915    1.950       1.991           0      131072            0            1    11261265 
   55364.475187200        15.672        0.031        30042000008442  333.0220440    6.4911740   22h12m05.29s   06d29m28.23s      2               0    4.690812e-07         123         123         114        15.677            0.010     15.674         15.674   15.672       15.671    0.024       0.021        11389772001149  333.0220410    6.4911760        3004      0   55364.476887200         463    15.675    21.380     28.108    2.250       2.238           0      131072            0            1    11389772 
   55367.445377200        15.676        0.026        30042000008442  333.0220440    6.4911740   22h12m05.29s   06d29m28.23s      2               0    4.690812e-07         123         123         114        15.677            0.010     15.674         15.674   15.672       15.671    0.024       0.021        11403226001342  333.0220470    6.4911770        3004      0   55367.447347200         466    15.688    21.645     28.109    2.450       2.538           0      131072            0            1    11403226 
   55367.401877200        15.679        0.026        30042000008442  333.0220440    6.4911740   22h12m05.29s   06d29m28.23s      2               0    4.690812e-07         123         123         114        15.677            0.010     15.674         15.674   15.672       15.671    0.024       0.021        11403324001284  333.0220430    6.4911690        3004      0   55367.403827200         466    15.673    21.544     28.084    2.450       2.456           0      131072            0            1    11403324 
   55366.484117200        15.665        0.027        30042000008442  333.0220440    6.4911740   22h12m05.29s   06d29m28.23s      2               0    4.690812e-07         123         123         114        15.677            0.010     15.674         15.674   15.672       15.671    0.024       0.021        11405651000777  333.0220460    6.4911780        3004      0   55366.485997200         465    15.685    20.513     28.156    2.550       2.655           0      131072            0            1    11405651 
   55372.403737200        15.679        0.026        30042000008442  333.0220440    6.4911740   22h12m05.29s   06d29m28.23s      2               0    4.690812e-07         123         123         114        15.677            0.010     15.674         15.674   15.672       15.671    0.024       0.021        11411238000972  333.0220480    6.4911770        3004      0   55372.406127200         471    15.679    21.061     28.113    2.050       2.081           0      131072            0            1    11411238 
   55372.447647200        15.685        0.026        30042000008442  333.0220440    6.4911740   22h12m05.29s   06d29m28.23s      2               0    4.690812e-07         123         123         114        15.677            0.010     15.674         15.674   15.672       15.671    0.024       0.021        11411242001047  333.0220460    6.4911740        3004      0   55372.450037200         471    15.689    21.240     28.131    1.950       2.085           0      131072            0            1    11411242 
   55365.455107200        15.665        0.025        30042000008442  333.0220440    6.4911740   22h12m05.29s   06d29m28.23s      2               0    4.690812e-07         123         123         114        15.677            0.010     15.674         15.674   15.672       15.671    0.024       0.021        11441913001424  333.0220440    6.4911740        3004      0   55365.456887200         464    15.674    21.924     28.143    2.050       2.089           0      131072            0            1    11441913 
   55108.172247200        15.679        0.027        30042000008442  333.0220440    6.4911740   22h12m05.29s   06d29m28.23s      2               0    4.690812e-07         123         123         114        15.677            0.010     15.674         15.674   15.672       15.671    0.024       0.021        11805606000498  333.0220460    6.4911710        3004      0   55108.176937200         219    15.678    19.914     27.716    2.550       2.716           0      131072            0            1    11805606 
   55108.216297200        15.666        0.027        30042000008442  333.0220440    6.4911740   22h12m05.29s   06d29m28.23s      2               0    4.690812e-07         123         123         114        15.677            0.010     15.674         15.674   15.672       15.671    0.024       0.021        11805669000508  333.0220430    6.4911750        3004      0   55108.220987200         219    15.663    19.939     27.718    2.550       2.766           0      131072            0            1    11805669 
   55081.358637200        15.685        0.034        30042000008442  333.0220440    6.4911740   22h12m05.29s   06d29m28.23s      2               0    4.690812e-07         123         123         114        15.677            0.010     15.674         15.674   15.672       15.671    0.024       0.021        11814776000704  333.0220460    6.4911720        3004      0   55081.364177200         195    15.661    20.581     27.647    2.150       2.283           0      131072            0            1    11814776 
   55084.301867200        15.669        0.027        30042000008442  333.0220440    6.4911740   22h12m05.29s   06d29m28.23s      2               0    4.690812e-07         123         123         114        15.677            0.010     15.674         15.674   15.672       15.671    0.024       0.021        11842486000967  333.0220450    6.4911760        3004      0   55084.307367200         196    15.679    21.181     27.738    2.150       2.264           0      131072            0            1    11842486 
   55084.345887200        15.676        0.027        30042000008442  333.0220440    6.4911740   22h12m05.29s   06d29m28.23s      2               0    4.690812e-07         123         123         114        15.677            0.010     15.674         15.674   15.672       15.671    0.024       0.021        11842548000926  333.0220430    6.4911740        3004      0   55084.351387200         196    15.690    21.282     27.728    1.850       2.002           0      131072            0            1    11842548 
   55048.290127200        15.665        0.034        30042000008442  333.0220440    6.4911740   22h12m05.29s   06d29m28.23s      2               0    4.690812e-07         123         123         114        15.677            0.010     15.674         15.674   15.672       15.671    0.024       0.021        11861642000578  333.0220480    6.4911730        3004      0   55048.295157200         162    15.676    20.114     27.664    1.950       1.985           0      131072            0            1    11861642 
   55048.215637200        15.669        0.035        30042000008442  333.0220440    6.4911740   22h12m05.29s   06d29m28.23s      2               0    4.690812e-07         123         123         114        15.677            0.010     15.674         15.674   15.672       15.671    0.024       0.021        11861657000471  333.0220510    6.4911690        3004      0   55048.220667200         162    15.690    19.325     27.547    2.950       2.870           0      131072            0            1    11861657 
   55053.369007200        15.683        0.026        30042000008442  333.0220440    6.4911740   22h12m05.29s   06d29m28.23s      2               0    4.690812e-07         123         123         114        15.677            0.010     15.674         15.674   15.672       15.671    0.024       0.021        11867201000707  333.0220500    6.4911770        3004      0   55053.374227200         167    15.678    20.492     27.707    2.250       2.202           0      131072            0            1    11867201 
   55064.333267200        15.666        0.025        30042000008442  333.0220440    6.4911740   22h12m05.29s   06d29m28.23s      2               0    4.690812e-07         123         123         114        15.677            0.010     15.674         15.674   15.672       15.671    0.024       0.021        11886462001252  333.0220370    6.4911710        3004      0   55064.338757200         178    15.664    21.727     27.716    1.850       1.922           0      131072            0            1    11886462 
   55064.397267200        15.673        0.025        30042000008442  333.0220440    6.4911740   22h12m05.29s   06d29m28.23s      2               0    4.690812e-07         123         123         114        15.677            0.010     15.674         15.674   15.672       15.671    0.024       0.021        11886484001240  333.0220420    6.4911710        3004      0   55064.402757200         178    15.671    21.672     27.697    1.850       2.051           0      131072            0            1    11886484 
   55061.179307200        15.676        0.024        30042000008442  333.0220440    6.4911740   22h12m05.29s   06d29m28.23s      2               0    4.690812e-07         123         123         114        15.677            0.010     15.674         15.674   15.672       15.671    0.024       0.021        11893334001100  333.0220490    6.4911730        3004      0   55061.184737200         175    15.658    21.161     27.674    2.450       2.492           0      131072            0            1    11893334 
   55060.402767200        15.676        0.025        30042000008442  333.0220440    6.4911740   22h12m05.29s   06d29m28.23s      2               0    4.690812e-07         123         123         114        15.677            0.010     15.674         15.674   15.672       15.671    0.024       0.021        11895270001228  333.0220440    6.4911720        3004      0   55060.408177200         174    15.675    21.645     27.743    2.150       2.338           0      131072            0            1    11895270 
   55056.180257200        15.670        0.023        30042000008442  333.0220440    6.4911740   22h12m05.29s   06d29m28.23s      2               0    4.690812e-07         123         123         114        15.677            0.010     15.674         15.674   15.672       15.671    0.024       0.021        11899266000992  333.0220420    6.4911740        3004      0   55056.185557200         170    15.647    21.005     27.592    2.750       2.764           0      131072            0            1    11899266 
   55055.434377200        15.672        0.035        30042000008442  333.0220440    6.4911740   22h12m05.29s   06d29m28.23s      2               0    4.690812e-07         123         123         114        15.677            0.010     15.674         15.674   15.672       15.671    0.024       0.021        11901259001016  333.0220450    6.4911750        3004      0   55055.439657200         169    15.679    21.243     27.739    1.950       1.994           0      131072            0            1    11901259 
   55017.421017200        15.669        0.029        30042000008442  333.0220440    6.4911740   22h12m05.29s   06d29m28.23s      2               0    4.690812e-07         123         123         114        15.677            0.010     15.674         15.674   15.672       15.671    0.024       0.021        11905331001110  333.0220490    6.4911730        3004      0   55017.424227200         131    15.637    21.101     27.661    1.950       2.020           0      131072            0            1    11905331 
   55017.375567200        15.669        0.030        30042000008442  333.0220440    6.4911740   22h12m05.29s   06d29m28.23s      2               0    4.690812e-07         123         123         114        15.677            0.010     15.674         15.674   15.672       15.671    0.024       0.021        11905477001018  333.0220480    6.4911770        3004      0   55017.378767200         131    15.645    20.907     27.644    2.050       2.099           0      131072            0            1    11905477 
   55044.212407200        15.684        0.025        30042000008442  333.0220440    6.4911740   22h12m05.29s   06d29m28.23s      2               0    4.690812e-07         123         123         114        15.677            0.010     15.674         15.674   15.672       15.671    0.024       0.021        11933631000669  333.0220450    6.4911820        3004      0   55044.217267200         158    15.685    20.171     27.566    3.150       3.110           0      131072            0            1    11933631 
   55029.343717200        15.657        0.047        30042000008442  333.0220440    6.4911740   22h12m05.29s   06d29m28.23s      2               0    4.690812e-07         123         123         114        15.677            0.010     15.674         15.674   15.672       15.671    0.024       0.021        11951884001172  333.0220440    6.4911780        3004      0   55029.347757200         143    15.640    21.397     27.621    2.150       2.156           0      131072            0            1    11951884 
   55029.258787200        15.657        0.047        30042000008442  333.0220440    6.4911740   22h12m05.29s   06d29m28.23s      2               0    4.690812e-07         123         123         114        15.677            0.010     15.674         15.674   15.672       15.671    0.024       0.021        11951904000766  333.0220490    6.4911670        3004      0   55029.262817200         143    15.594    20.534     27.427    3.250       3.212           0      131074            0            1    11951904 
   55038.320047200        15.677        0.026        30042000008442  333.0220440    6.4911740   22h12m05.29s   06d29m28.23s      2               0    4.690812e-07         123         123         114        15.677            0.010     15.674         15.674   15.672       15.671    0.024       0.021        11998860001258  333.0220500    6.4911710        3004      0   55038.324617200         152    15.662    21.699     27.607    1.850       1.896           0      131072            0            1    11998860 
   55038.477747200        15.673        0.026        30042000008442  333.0220440    6.4911740   22h12m05.29s   06d29m28.23s      2               0    4.690812e-07         123         123         114        15.677            0.010     15.674         15.674   15.672       15.671    0.024       0.021        11998914001162  333.0220410    6.4911710        3004      0   55038.482317200         152    15.660    21.414     27.609    2.350       2.549           0      131072            0            1    11998914 
   55007.470057200        15.669        0.027        30042000008442  333.0220440    6.4911740   22h12m05.29s   06d29m28.23s      2               0    4.690812e-07         123         123         114        15.677            0.010     15.674         15.674   15.672       15.671    0.024       0.021        12045814001455  333.0220450    6.4911780        3004      0   55007.472467200         121    15.653    21.678     27.680    1.950       2.114           0      131072            0            1    12045814 
   55007.473097200        15.661        0.027        30042000008442  333.0220440    6.4911740   22h12m05.29s   06d29m28.23s      2               0    4.690812e-07         123         123         114        15.677            0.010     15.674         15.674   15.672       15.671    0.024       0.021        12045878001419  333.0220490    6.4911740        3004      0   55007.475517200         121    15.645    21.478     27.680    2.150       2.292           0      131072            0            1    12045878 
   56913.167127200        15.679        0.025        30042000008442  333.0220440    6.4911740   22h12m05.29s   06d29m28.23s      2               0    4.690812e-07         123         123         114        15.677            0.010     15.674         15.674   15.672       15.671    0.024       0.021        21326477001159  333.0220420    6.4911680        3004      0   56913.172587200        1977    15.682    21.578     28.020    1.950       2.072           0      131072            0            1    21326477 
   56913.377877200        15.667        0.025        30042000008442  333.0220440    6.4911740   22h12m05.29s   06d29m28.23s      2               0    4.690812e-07         123         123         114        15.677            0.010     15.674         15.674   15.672       15.671    0.024       0.021        21326492000852  333.0220510    6.4911710        3004      0   56913.383337200        1977    15.671    20.965     28.028    2.250       2.272           0      131072            0            1    21326492 
   56915.163007200        15.674        0.023        30042000008442  333.0220440    6.4911740   22h12m05.29s   06d29m28.23s      2               0    4.690812e-07         123         123         114        15.677            0.010     15.674         15.674   15.672       15.671    0.024       0.021        21349458001248  333.0220490    6.4911730        3004      0   56915.168427200        1978    15.685    21.641     28.022    1.950       2.005           0      131072            0            1    21349458 
   56915.207177200        15.671        0.023        30042000008442  333.0220440    6.4911740   22h12m05.29s   06d29m28.23s      2               0    4.690812e-07         123         123         114        15.677            0.010     15.674         15.674   15.672       15.671    0.024       0.021        21349500001252  333.0220420    6.4911740        3004      0   56915.212587200        1978    15.679    21.755     28.055    1.850       1.957           0      131072            0            1    21349500 
   56914.211977200        15.674        0.024        30042000008442  333.0220440    6.4911740   22h12m05.29s   06d29m28.23s      2               0    4.690812e-07         123         123         114        15.677            0.010     15.674         15.674   15.672       15.671    0.024       0.021        21368227001239  333.0220460    6.4911730        3004      0   56914.217417200        1979    15.676    21.708     28.045    1.850       1.880           0      131072            0            1    21368227 
   56914.166517200        15.674        0.025        30042000008442  333.0220440    6.4911740   22h12m05.29s   06d29m28.23s      2               0    4.690812e-07         123         123         114        15.677            0.010     15.674         15.674   15.672       15.671    0.024       0.021        21368228001143  333.0220500    6.4911710        3004      0   56914.171947200        1979    15.672    21.435     28.015    2.250       2.180           0      131072            0            1    21368228 
   56916.161207200        15.669        0.024        30042000008442  333.0220440    6.4911740   22h12m05.29s   06d29m28.23s      2               0    4.690812e-07         123         123         114        15.677            0.010     15.674         15.674   15.672       15.671    0.024       0.021        21377352001174  333.0220340    6.4911730        3004      0   56916.166597200        1980    15.677    21.605     28.019    1.950       2.079           0      131072            0            1    21377352 
   56916.255277200        15.678        0.024        30042000008442  333.0220440    6.4911740   22h12m05.29s   06d29m28.23s      2               0    4.690812e-07         123         123         114        15.677            0.010     15.674         15.674   15.672       15.671    0.024       0.021        21377365001200  333.0220420    6.4911730        3004      0   56916.260667200        1980    15.688    21.672     28.066    2.050       2.285           0      131072            0            1    21377365 
   56916.268317200        15.670        0.024        30042000008442  333.0220440    6.4911740   22h12m05.29s   06d29m28.23s      2               0    4.690812e-07         123         123         114        15.677            0.010     15.674         15.674   15.672       15.671    0.024       0.021        21377370001227  333.0220440    6.4911740        3004      0   56916.273707200        1980    15.675    21.717     28.068    1.950       2.037           0      131072            0            1    21377370 
   56916.289467200        15.676        0.024        30042000008442  333.0220440    6.4911740   22h12m05.29s   06d29m28.23s      2               0    4.690812e-07         123         123         114        15.677            0.010     15.674         15.674   15.672       15.671    0.024       0.021        21377371001209  333.0220460    6.4911760        3004      0   56916.294857200        1980    15.684    21.704     28.070    1.950       2.098           0      131072            0            1    21377371 
   56916.310567200        15.670        0.024        30042000008442  333.0220440    6.4911740   22h12m05.29s   06d29m28.23s      2               0    4.690812e-07         123         123         114        15.677            0.010     15.674         15.674   15.672       15.671    0.024       0.021        21377372001126  333.0220400    6.4911750        3004      0   56916.315957200        1980    15.675    21.493     28.069    2.250       2.410           0      131072            0            1    21377372 
   56917.160107200        15.701        0.033        30042000008442  333.0220440    6.4911740   22h12m05.29s   06d29m28.23s      2               0    4.690812e-07         123         123         114        15.677            0.010     15.674         15.674   15.672       15.671    0.024       0.021        21394256001070  333.0220420    6.4911700        3004      0   56917.165467200        1981    15.739    21.365     28.005    2.250       2.364           0      131072            0            1    21394256 
   56917.202637200        15.666        0.033        30042000008442  333.0220440    6.4911740   22h12m05.29s   06d29m28.23s      2               0    4.690812e-07         123         123         114        15.677            0.010     15.674         15.674   15.672       15.671    0.024       0.021        21394286001102  333.0220390    6.4911730        3004      0   56917.208007200        1981    15.669    21.476     28.030    2.150       2.282           0      131072            0            1    21394286 
   56921.157007200        15.683        0.027        30042000008442  333.0220440    6.4911740   22h12m05.29s   06d29m28.23s      2               0    4.690812e-07         123         123         114        15.677            0.010     15.674         15.674   15.672       15.671    0.024       0.021        21455127001190  333.0220400    6.4911800        3004      0   56921.162257200        1984    15.684    21.529     28.067    2.250       2.294           0      131072            0            1    21455127 
   56921.199107200        15.671        0.027        30042000008442  333.0220440    6.4911740   22h12m05.29s   06d29m28.23s      2               0    4.690812e-07         123         123         114        15.677            0.010     15.674         15.674   15.672       15.671    0.024       0.021        21455180001252  333.0220430    6.4911720        3004      0   56921.204357200        1984    15.681    21.698     28.109    2.050       2.146           0      131072            0            1    21455180 
   56922.148407200        15.672        0.024        30042000008442  333.0220440    6.4911740   22h12m05.29s   06d29m28.23s      2               0    4.690812e-07         123         123         114        15.677            0.010     15.674         15.674   15.672       15.671    0.024       0.021        21474034001221  333.0220440    6.4911760        3004      0   56922.153617200        1985    15.676    21.632     28.090    1.950       1.970           0      131072            0            1    21474034 
   56922.190627200        15.675        0.024        30042000008442  333.0220440    6.4911740   22h12m05.29s   06d29m28.23s      2               0    4.690812e-07         123         123         114        15.677            0.010     15.674         15.674   15.672       15.671    0.024       0.021        21474075001223  333.0220470    6.4911680        3004      0   56922.195837200        1985    15.681    21.696     28.099    1.850       1.844           0      131072            0            1    21474075 
   56923.147037200        15.671        0.025        30042000008442  333.0220440    6.4911740   22h12m05.29s   06d29m28.23s      2               0    4.690812e-07         123         123         114        15.677            0.010     15.674         15.674   15.672       15.671    0.024       0.021        21491581001121  333.0220450    6.4911660        3004      0   56923.152217200        1986    15.670    21.485     28.088    2.150       2.245           0      131072            0            1    21491581 
   56923.189257200        15.675        0.025        30042000008442  333.0220440    6.4911740   22h12m05.29s   06d29m28.23s      2               0    4.690812e-07         123         123         114        15.677            0.010     15.674         15.674   15.672       15.671    0.024       0.021        21491615001167  333.0220430    6.4911710        3004      0   56923.194437200        1986    15.679    21.582     28.104    2.050       2.091           0      131072            0            1    21491615 
   56924.146027200        15.676        0.023        30042000008442  333.0220440    6.4911740   22h12m05.29s   06d29m28.23s      2               0    4.690812e-07         123         123         114        15.677            0.010     15.674         15.674   15.672       15.671    0.024       0.021        21509671001235  333.0220450    6.4911740        3004      0   56924.151177200        1987    15.686    21.774     28.092    1.750       1.805           0      131072            0            1    21509671 
   56924.188237200        15.667        0.023        30042000008442  333.0220440    6.4911740   22h12m05.29s   06d29m28.23s      2               0    4.690812e-07         123         123         114        15.677            0.010     15.674         15.674   15.672       15.671    0.024       0.021        21509707001213  333.0220460    6.4911710        3004      0   56924.193387200        1987    15.680    21.709     28.103    1.950       1.963           0      131072            0            1    21509707 
   56925.205817200        15.673        0.027        30042000008442  333.0220440    6.4911740   22h12m05.29s   06d29m28.23s      2               0    4.690812e-07         123         123         114        15.677            0.010     15.674         15.674   15.672       15.671    0.024       0.021        21525507001207  333.0220420    6.4911780        3004      0   56925.210927200        1988    15.675    21.557     28.083    2.250       2.501           0      131072            0            1    21525507 
   56925.241247200        15.679        0.027        30042000008442  333.0220440    6.4911740   22h12m05.29s   06d29m28.23s      2               0    4.690812e-07         123         123         114        15.677            0.010     15.674         15.674   15.672       15.671    0.024       0.021        21525535001148  333.0220440    6.4911740        3004      0   56925.246357200        1988    15.686    21.549     28.087    2.250       2.431           0      131072            0            1    21525535 
   56926.140117200        15.678        0.023        30042000008442  333.0220440    6.4911740   22h12m05.29s   06d29m28.23s      2               0    4.690812e-07         123         123         114        15.677            0.010     15.674         15.674   15.672       15.671    0.024       0.021        21534778001209  333.0220410    6.4911780        3004      0   56926.145187200        1989    15.688    21.700     28.073    1.850       1.942           0      131072            0            1    21534778 
   56926.184587200        15.675        0.023        30042000008442  333.0220440    6.4911740   22h12m05.29s   06d29m28.23s      2               0    4.690812e-07         123         123         114        15.677            0.010     15.674         15.674   15.672       15.671    0.024       0.021        21534805001302  333.0220400    6.4911680        3004      0   56926.189657200        1989    15.685    21.835     28.089    1.750       1.990           0      131072            0            1    21534805 
   56927.145887200        15.675        0.028        30042000008442  333.0220440    6.4911740   22h12m05.29s   06d29m28.23s      2               0    4.690812e-07         123         123         114        15.677            0.010     15.674         15.674   15.672       15.671    0.024       0.021        21550915001166  333.0220450    6.4911710        3004      0   56927.150927200        1990    15.669    21.536     28.061    2.150       2.255           0      131072            0            1    21550915 
   56927.194887200        15.676        0.028        30042000008442  333.0220440    6.4911740   22h12m05.29s   06d29m28.23s      2               0    4.690812e-07         123         123         114        15.677            0.010     15.674         15.674   15.672       15.671    0.024       0.021        21550957001175  333.0220440    6.4911760        3004      0   56927.199917200        1990    15.671    21.533     28.076    2.250       2.279           0      131072            0            1    21550957 
   56928.144407200        15.679        0.034        30042000008442  333.0220440    6.4911740   22h12m05.29s   06d29m28.23s      2               0    4.690812e-07         123         123         114        15.677            0.010     15.674         15.674   15.672       15.671    0.024       0.021        21559921000836  333.0220360    6.4911740        3004      0   56928.149397200        1991    15.655    20.934     28.045    3.450       3.488           0      131074            0            1    21559921 
   56928.189587200        15.675        0.034        30042000008442  333.0220440    6.4911740   22h12m05.29s   06d29m28.23s      2               0    4.690812e-07         123         123         114        15.677            0.010     15.674         15.674   15.672       15.671    0.024       0.021        21559961001075  333.0220470    6.4911730        3004      0   56928.194567200        1991    15.659    21.405     28.067    2.350       2.496           0      131072            0            1    21559961 
   56932.129487200        15.672        0.027        30042000008442  333.0220440    6.4911740   22h12m05.29s   06d29m28.23s      2               0    4.690812e-07         123         123         114        15.677            0.010     15.674         15.674   15.672       15.671    0.024       0.021        21608550000996  333.0220450    6.4911790        3004      0   56932.134297200        1995    15.674    21.257     28.059    2.050       2.107           0      131072            0            1    21608550 
   56932.169347200        15.684        0.027        30042000008442  333.0220440    6.4911740   22h12m05.29s   06d29m28.23s      2               0    4.690812e-07         123         123         114        15.677            0.010     15.674         15.674   15.672       15.671    0.024       0.021        21608579001006  333.0220430    6.4911730        3004      0   56932.174157200        1995    15.687    21.269     28.074    2.150       2.244           0      131072            0            1    21608579 
   56933.126827200        15.672        0.025        30042000008442  333.0220440    6.4911740   22h12m05.29s   06d29m28.23s      2               0    4.690812e-07         123         123         114        15.677            0.010     15.674         15.674   15.672       15.671    0.024       0.021        21623209000897  333.0220420    6.4911710        3004      0   56933.131587200        1996    15.683    21.041     28.084    2.250       2.308           0      131072            0            1    21623209 
   56933.163497200        15.673        0.025        30042000008442  333.0220440    6.4911740   22h12m05.29s   06d29m28.23s      2               0    4.690812e-07         123         123         114        15.677            0.010     15.674         15.674   15.672       15.671    0.024       0.021        21623237000897  333.0220420    6.4911710        3004      0   56933.168257200        1996    15.672    21.059     28.087    2.350       2.461           0      131072            0            1    21623237 
   56940.134927200        15.680        0.026        30042000008442  333.0220440    6.4911740   22h12m05.29s   06d29m28.23s      2               0    4.690812e-07         123         123         114        15.677            0.010     15.674         15.674   15.672       15.671    0.024       0.021        21742492000856  333.0220410    6.4911710        3004      0   56940.139307200        2004    15.671    21.044     28.058    1.950       2.174           0      131072            0            1    21742492 
   56940.162287200        15.671        0.026        30042000008442  333.0220440    6.4911740   22h12m05.29s   06d29m28.23s      2               0    4.690812e-07         123         123         114        15.677            0.010     15.674         15.674   15.672       15.671    0.024       0.021        21742526000821  333.0220380    6.4911750        3004      0   56940.166667200        2004    15.667    20.879     28.063    2.250       2.409           0      131072            0            1    21742526 
   56942.198417200        15.673        0.083        30042000008442  333.0220440    6.4911740   22h12m05.29s   06d29m28.23s      2               0    4.690812e-07         123         123         114        15.677            0.010     15.674         15.674   15.672       15.671    0.024       0.021        21772275001052  333.0220330    6.4911750        3004      0   56942.202667200        2006    15.666    21.256     28.064    2.050       2.161           0      131072            0            1    21772275 
   56942.159757200        15.782        0.083        30042000008442  333.0220440    6.4911740   22h12m05.29s   06d29m28.23s      2               0    4.690812e-07         123         123         114        15.677            0.010     15.674         15.674   15.672       15.671    0.024       0.021        21772279000700  333.0220440    6.4911740        3004      0   56942.164007200        2006    15.825    20.814     27.671    3.150       3.354           0      131072            0            1    21772279 
   56943.168457200        15.671        0.042        30042000008442  333.0220440    6.4911740   22h12m05.29s   06d29m28.23s      2               0    4.690812e-07         123         123         114        15.677            0.010     15.674         15.674   15.672       15.671    0.024       0.021        21790148001104  333.0220410    6.4911710        3004      0   56943.172647200        2002    15.671    21.495     28.078    2.350       2.484           0      131072            0            1    21790148 
   56943.133317200        15.667        0.042        30042000008442  333.0220440    6.4911740   22h12m05.29s   06d29m28.23s      2               0    4.690812e-07         123         123         114        15.677            0.010     15.674         15.674   15.672       15.671    0.024       0.021        21790170001111  333.0220450    6.4911740        3004      0   56943.137517200        2002    15.679    21.496     28.070    2.250       2.417           0      131072            0            1    21790170 
   56931.132087200        15.662        0.025        30042000008442  333.0220440    6.4911740   22h12m05.29s   06d29m28.23s      2               0    4.690812e-07         123         123         114        15.677            0.010     15.674         15.674   15.672       15.671    0.024       0.021        22272882001051  333.0220450    6.4911760        3004      0   56931.136937200        1994    15.677    21.421     28.084    1.950       2.039           0      131072            0            1    22272882 
   56931.222357200        15.670        0.025        30042000008442  333.0220440    6.4911740   22h12m05.29s   06d29m28.23s      2               0    4.690812e-07         123         123         114        15.677            0.010     15.674         15.674   15.672       15.671    0.024       0.021        22272923001114  333.0220400    6.4911700        3004      0   56931.227217200        1994    15.678    21.487     28.111    2.050       2.221           0      131072            0            1    22272923 
   56979.199807200        15.668        0.068        30042000008442  333.0220440    6.4911740   22h12m05.29s   06d29m28.23s      2               0    4.690812e-07         123         123         114        15.677            0.010     15.674         15.674   15.672       15.671    0.024       0.021        22307690000655  333.0220390    6.4911820        3004      0   56979.201027200        2035    15.607    20.299     27.740    3.250       3.359           0      131072            0            1    22307690 
   57002.110597200       -18.777        0.005        30042000008442  333.0220440    6.4911740   22h12m05.29s   06d29m28.23s      2               0    4.690812e-07         123         123         114        15.677            0.010     15.674         15.674   15.672       15.671    0.024       0.021        22502759000847  333.0220480    6.4911850        3004      0   57002.109587200        2056   -12.152      null     99.990    2.050       2.186           0      131072            0            1    22502759 
   56986.199597200        15.679        0.034        30042000008442  333.0220440    6.4911740   22h12m05.29s   06d29m28.23s      2               0    4.690812e-07         123         123         114        15.677            0.010     15.674         15.674   15.672       15.671    0.024       0.021        22912012000802  333.0220420    6.4911700        3004      0   56986.200147200        2042    15.616    20.708     27.965    3.250       3.416           0      131074            0            1    22912012 
   56986.081317200        15.680        0.034        30042000008442  333.0220440    6.4911740   22h12m05.29s   06d29m28.23s      2               0    4.690812e-07         123         123         114        15.677            0.010     15.674         15.674   15.672       15.671    0.024       0.021        22912045000724  333.0220380    6.4911730        3004      0   56986.081877200        2042    15.675    20.618     28.019    3.750       4.031           0      131074            0            1    22912045 
   56987.077107200        15.678        0.029        30042000008442  333.0220440    6.4911740   22h12m05.29s   06d29m28.23s      2               0    4.690812e-07         123         123         114        15.677            0.010     15.674         15.674   15.672       15.671    0.024       0.021        22934486000876  333.0220380    6.4911770        3004      0   56987.077567200        2043    15.680    21.009     28.069    2.750       2.879           0      131074            0            1    22934486 
   56987.181827200        15.672        0.030        30042000008442  333.0220440    6.4911740   22h12m05.29s   06d29m28.23s      2               0    4.690812e-07         123         123         114        15.677            0.010     15.674         15.674   15.672       15.671    0.024       0.021        22934572000833  333.0220440    6.4911710        3004      0   56987.182277200        2043    15.669    20.843     28.028    3.050       3.310           0      131074            0            1    22934572 
   56981.084637200        15.664        0.043        30042000008442  333.0220440    6.4911740   22h12m05.29s   06d29m28.23s      2               0    4.690812e-07         123         123         114        15.677            0.010     15.674         15.674   15.672       15.671    0.024       0.021        23050443000496  333.0220540    6.4911810        3004      0   56981.085687200        2037    17.078    21.376     28.012    1.850       1.903           0      131072            0            1    23050443 
   56981.187717200        15.676        0.042        30042000008442  333.0220440    6.4911740   22h12m05.29s   06d29m28.23s      2               0    4.690812e-07         123         123         114        15.677            0.010     15.674         15.674   15.672       15.671    0.024       0.021        23050460000984  333.0220400    6.4911690        3004      0   56981.188757200        2037    15.672    21.250     28.036    2.350       2.534           0      131072            0            1    23050460 
   56984.083287200        15.698        0.219        30042000008442  333.0220440    6.4911740   22h12m05.29s   06d29m28.23s      2               0    4.690812e-07         123         123         114        15.677            0.010     15.674         15.674   15.672       15.671    0.024       0.021        23059188000733  333.0220420    6.4911760        3004      0   56984.084047200        2040    15.684    20.583     27.681    2.650       2.795           0      131072            0            1    23059188 
   56984.187197200        15.682        0.219        30042000008442  333.0220440    6.4911740   22h12m05.29s   06d29m28.23s      2               0    4.690812e-07         123         123         114        15.677            0.010     15.674         15.674   15.672       15.671    0.024       0.021        23059205000736  333.0220470    6.4911750        3004      0   56984.187947200        2040    15.761    20.754     28.018    3.450       3.651           0      131074            0            1    23059205 
   56985.082027200        15.685        0.211        30042000008442  333.0220440    6.4911740   22h12m05.29s   06d29m28.23s      2               0    4.690812e-07         123         123         114        15.677            0.010     15.674         15.674   15.672       15.671    0.024       0.021        23067920000496  333.0220290    6.4911750        3004      0   56985.082687200        2041    15.518    19.532     27.315    4.150       4.372           0      131074            0            1    23067920 
   56985.182397200        15.610        0.216        30042000008442  333.0220440    6.4911740   22h12m05.29s   06d29m28.23s      2               0    4.690812e-07         123         123         114        15.677            0.010     15.674         15.674   15.672       15.671    0.024       0.021        23067934000201  333.0220350    6.4912120        3004      0   56985.183047200        2041    17.117    19.083     27.062    3.150       4.422           0      131072            0            1    23067934 
