   55441.328797200        17.210        0.042        30042040001405  335.1809660    5.8308710   22h20m43.43s   05d49m51.14s      2               0    4.112130e-07         123          53          45        17.216            0.011     17.222         17.223   17.229       17.228    0.022       0.022        10902849005570  335.1809600    5.8308630        3004      4   55441.334367200         536    17.218    21.703     28.169    1.950       1.985           0      131072            0            1    10902849 
   55441.375487200        17.212        0.042        30042040001405  335.1809660    5.8308710   22h20m43.43s   05d49m51.14s      2               0    4.112130e-07         123          53          45        17.216            0.011     17.222         17.223   17.229       17.228    0.022       0.022        10902871005298  335.1809710    5.8308650        3004      4   55441.381057200         536    17.227    21.728     28.163    1.850       1.938           0      131072            0            1    10902871 
   55445.148237200        17.196        0.029        30042040001405  335.1809660    5.8308710   22h20m43.43s   05d49m51.14s      2               0    4.112130e-07         123          53          45        17.216            0.011     17.222         17.223   17.229       17.228    0.022       0.022        10916524004892  335.1809580    5.8308510        3004      4   55445.153797200         540    17.196    21.543     28.103    1.850       2.023           0      131072            0            1    10916524 
   55445.191327200        17.214        0.029        30042040001405  335.1809660    5.8308710   22h20m43.43s   05d49m51.14s      2               0    4.112130e-07         123          53          45        17.216            0.011     17.222         17.223   17.229       17.228    0.022       0.022        10916706005381  335.1809670    5.8308650        3004      4   55445.196887200         540    17.215    21.806     28.133    1.750       1.896           0      131072            0            1    10916706 
   55410.496717200        17.234        0.280        30042040001405  335.1809660    5.8308710   22h20m43.43s   05d49m51.14s      2               0    4.112130e-07         123          53          45        17.216            0.011     17.222         17.223   17.229       17.228    0.022       0.022        11105798004026  335.1809580    5.8308650        3004      4   55410.501617200         509    17.006    21.077     27.635    1.650       1.752           0    12713984            0            1    11105798 
   55410.452937200        17.213        0.280        30042040001405  335.1809660    5.8308710   22h20m43.43s   05d49m51.14s      2               0    4.112130e-07         123          53          45        17.216            0.011     17.222         17.223   17.229       17.228    0.022       0.022        11105807004509  335.1809510    5.8308700        3004      4   55410.457847200         509    16.938    21.260     27.617    1.750       1.844           0      131072            0            1    11105807 
   55418.204637200        17.236        0.242        30042040001405  335.1809660    5.8308710   22h20m43.43s   05d49m51.14s      2               0    4.112130e-07         123          53          45        17.216            0.011     17.222         17.223   17.229       17.228    0.022       0.022        11127073003426  335.1809620    5.8308800        3004      4   55418.209847200         517    17.171    20.338     27.139    3.650       4.579           0    12713984            0            1    11127073 
   55418.248067200        17.277        0.242        30042040001405  335.1809660    5.8308710   22h20m43.43s   05d49m51.14s      2               0    4.112130e-07         123          53          45        17.216            0.011     17.222         17.223   17.229       17.228    0.022       0.022        11127123003793  335.1809680    5.8308770        3004      4   55418.253277200         517    17.050    20.600     27.036    2.950       3.323           0    46268416            0            1    11127123 
   55422.279837200        17.243        0.038        30042040001405  335.1809660    5.8308710   22h20m43.43s   05d49m51.14s      2               0    4.112130e-07         123          53          45        17.216            0.011     17.222         17.223   17.229       17.228    0.022       0.022        11148262005133  335.1809690    5.8308680        3004      4   55422.285167200         521    17.217    21.765     28.014    1.850       1.989           0      131072            0            1    11148262 
   55422.334637200        17.242        0.037        30042040001405  335.1809660    5.8308710   22h20m43.43s   05d49m51.14s      2               0    4.112130e-07         123          53          45        17.216            0.011     17.222         17.223   17.229       17.228    0.022       0.022        11148489005696  335.1809540    5.8308690        3004      4   55422.339967200         521    17.219    22.033     28.028    1.650       1.728           0    12713984            0            1    11148489 
   55427.192567200        17.215        0.097        30042040001405  335.1809660    5.8308710   22h20m43.43s   05d49m51.14s      2               0    4.112130e-07         123          53          45        17.216            0.011     17.222         17.223   17.229       17.228    0.022       0.022        11198892003771  335.1809560    5.8308760        3004      4   55427.198017200         526    17.133    20.964     27.949    1.950       2.180           0      131072            0            1    11198892 
   55427.236187200        17.215        0.097        30042040001405  335.1809660    5.8308710   22h20m43.43s   05d49m51.14s      2               0    4.112130e-07         123          53          45        17.216            0.011     17.222         17.223   17.229       17.228    0.022       0.022        11198929004258  335.1809630    5.8308820        3004      4   55427.241637200         526    17.145    21.171     28.010    1.950       2.065           0      131072            0            1    11198929 
   55436.209787200        17.264        0.038        30042040001405  335.1809660    5.8308710   22h20m43.43s   05d49m51.14s      2               0    4.112130e-07         123          53          45        17.216            0.011     17.222         17.223   17.229       17.228    0.022       0.022        11209833003327  335.1809740    5.8308820        3004      4   55436.215357200         609    17.244    20.809     27.994    2.050       2.302           0      131072            0            1    11209833 
   55436.165687200        17.215        0.038        30042040001405  335.1809660    5.8308710   22h20m43.43s   05d49m51.14s      2               0    4.112130e-07         123          53          45        17.216            0.011     17.222         17.223   17.229       17.228    0.022       0.022        11209984003133  335.1809700    5.8308850        3004      4   55436.171247200         609    17.187    20.610     27.944    2.350       2.570           0      131072            0            1    11209984 
   55382.394957200        19.018        0.057        30042040001405  335.1809660    5.8308710   22h20m43.43s   05d49m51.14s      2               0    4.112130e-07         123          53          45        17.216            0.011     17.222         17.223   17.229       17.228    0.022       0.022        11242999005113  335.1812120    5.8309070        3004      4   55382.398137200         481    19.028    21.739     28.130    1.750       8.305           0    33554432            0            1    11242999 
   55382.440567200        16.650        0.030        30042040001405  335.1809660    5.8308710   22h20m43.43s   05d49m51.14s      2               0    4.112130e-07         123          53          45        17.216            0.011     17.222         17.223   17.229       17.228    0.022       0.022        11243023005249  335.1812320    5.8308870        3004      4   55382.443757200         481    16.651    21.594     28.138    2.050       4.465           0    46268416            0            1    11243023 
   55387.472557200        17.226        0.440        30042040001405  335.1809660    5.8308710   22h20m43.43s   05d49m51.14s      2               0    4.112130e-07         123          53          45        17.216            0.011     17.222         17.223   17.229       17.228    0.022       0.022        11259157005136  335.1809550    5.8308630        3004      4   55387.476117200         486    17.012    21.523     27.654    1.750       1.765           0    12713984            0            1    11259157 
   55387.429347200        16.422        0.440        30042040001405  335.1809660    5.8308710   22h20m43.43s   05d49m51.14s      2               0    4.112130e-07         123          53          45        17.216            0.011     17.222         17.223   17.229       17.228    0.022       0.022        11259337005793  335.1813480    5.8308420        3004      4   55387.432907200         486    16.010    21.546     27.588    1.750       8.180           0    46268416            0            1    11259337 
   55364.475187200        16.629        0.047        30042040001405  335.1809660    5.8308710   22h20m43.43s   05d49m51.14s      2               0    4.112130e-07         123          53          45        17.216            0.011     17.222         17.223   17.229       17.228    0.022       0.022        11393433004303  335.1812680    5.8308710        3004      4   55364.476887200         463    16.584    21.345     27.959    2.050       7.171           0    46268416            0            1    11393433 
   55366.484117200        17.236        0.029        30042040001405  335.1809660    5.8308710   22h20m43.43s   05d49m51.14s      2               0    4.112130e-07         123          53          45        17.216            0.011     17.222         17.223   17.229       17.228    0.022       0.022        11398703003138  335.1809790    5.8308770        3004      4   55366.485997200         465    17.256    20.556     28.209    2.350       2.408           0      131072            0            1    11398703 
   55367.445377200        16.764        0.023        30042040001405  335.1809660    5.8308710   22h20m43.43s   05d49m51.14s      2               0    4.112130e-07         123          53          45        17.216            0.011     17.222         17.223   17.229       17.228    0.022       0.022        11403891005274  335.1811770    5.8308640        3004      4   55367.447347200         466    16.771    21.630     28.146    2.350       6.806           0    46268416            0            1    11403891 
   55367.401877200        17.223        0.024        30042040001405  335.1809660    5.8308710   22h20m43.43s   05d49m51.14s      2               0    4.112130e-07         123          53          45        17.216            0.011     17.222         17.223   17.229       17.228    0.022       0.022        11403989005043  335.1809740    5.8308770        3004      4   55367.403827200         466    17.216    21.529     28.125    2.350       2.537           0      131072            0            1    11403989 
   55372.403737200        17.212        0.060        30042040001405  335.1809660    5.8308710   22h20m43.43s   05d49m51.14s      2               0    4.112130e-07         123          53          45        17.216            0.011     17.222         17.223   17.229       17.228    0.022       0.022        11412292003848  335.1809630    5.8308650        3004      4   55372.406127200         471    17.195    21.151     28.090    1.750       2.037           0    46268416            0            1    11412292 
   55372.447647200        16.446        0.058        30042040001405  335.1809660    5.8308710   22h20m43.43s   05d49m51.14s      2               0    4.112130e-07         123          53          45        17.216            0.011     17.222         17.223   17.229       17.228    0.022       0.022        11412296004083  335.1813490    5.8308680        3004      4   55372.450037200         471    16.425    21.278     28.103    1.750       8.049           0    46268416            0            1    11412296 
   55365.455107200        16.405        0.022        30042040001405  335.1809660    5.8308710   22h20m43.43s   05d49m51.14s      2               0    4.112130e-07         123          53          45        17.216            0.011     17.222         17.223   17.229       17.228    0.022       0.022        11443467006105  335.1813680    5.8308640        3004      4   55365.456887200         464    16.408    21.983     28.195    1.850       5.425           0    46268416            0            1    11443467 
   55108.172247200        17.239        0.037        30042040001405  335.1809660    5.8308710   22h20m43.43s   05d49m51.14s      2               0    4.112130e-07         123          53          45        17.216            0.011     17.222         17.223   17.229       17.228    0.022       0.022        11806187002630  335.1809740    5.8308620        3004      4   55108.176937200         219    17.243    19.908     27.744    2.350       2.345           0      131072            0            1    11806187 
   55108.216297200        17.235        0.037        30042040001405  335.1809660    5.8308710   22h20m43.43s   05d49m51.14s      2               0    4.112130e-07         123          53          45        17.216            0.011     17.222         17.223   17.229       17.228    0.022       0.022        11806249002711  335.1809580    5.8308790        3004      4   55108.220987200         219    17.231    19.986     27.740    2.250       2.372           0      131072            0            1    11806249 
   55081.358637200        17.279        0.105        30042040001405  335.1809660    5.8308710   22h20m43.43s   05d49m51.14s      2               0    4.112130e-07         123          53          45        17.216            0.011     17.222         17.223   17.229       17.228    0.022       0.022        11815211003043  335.1809690    5.8308720        3004      4   55081.364177200         195    17.176    20.415     27.086    1.950       2.172           0    12713984            0            1    11815211 
   55084.301867200        17.244        0.100        30042040001405  335.1809660    5.8308710   22h20m43.43s   05d49m51.14s      2               0    4.112130e-07         123          53          45        17.216            0.011     17.222         17.223   17.229       17.228    0.022       0.022        11842689005216  335.1809570    5.8308550        3004      4   55084.307367200         196    17.191    21.301     27.729    1.750       1.879           0      131072            0            1    11842689 
   55084.345887200        17.233        0.100        30042040001405  335.1809660    5.8308710   22h20m43.43s   05d49m51.14s      2               0    4.112130e-07         123          53          45        17.216            0.011     17.222         17.223   17.229       17.228    0.022       0.022        11842749004680  335.1809600    5.8308640        3004      4   55084.351387200         196    17.193    21.382     27.733    1.550       1.666           0    12713984            0            1    11842749 
   55048.290127200        17.211        0.050        30042040001405  335.1809660    5.8308710   22h20m43.43s   05d49m51.14s      2               0    4.112130e-07         123          53          45        17.216            0.011     17.222         17.223   17.229       17.228    0.022       0.022        11862332002727  335.1809490    5.8308570        3004      4   55048.295157200         162    17.200    20.169     27.600    1.750       2.003           0    12713984            0            1    11862332 
   55048.215637200        17.325        0.059        30042040001405  335.1809660    5.8308710   22h20m43.43s   05d49m51.14s      2               0    4.112130e-07         123          53          45        17.216            0.011     17.222         17.223   17.229       17.228    0.022       0.022        11862347002112  335.1809880    5.8308780        3004      4   55048.220667200         162    17.340    19.346     27.493    2.750       3.034           0      131072            0            1    11862347 
   55053.369007200        17.237        0.098        30042040001405  335.1809660    5.8308710   22h20m43.43s   05d49m51.14s      2               0    4.112130e-07         123          53          45        17.216            0.011     17.222         17.223   17.229       17.228    0.022       0.022        11866583003356  335.1809770    5.8308710        3004      4   55053.374227200         167    17.193    20.553     27.587    1.850       1.981           0      131072            0            1    11866583 
   55064.333267200        17.236        0.190        30042040001405  335.1809660    5.8308710   22h20m43.43s   05d49m51.14s      2               0    4.112130e-07         123          53          45        17.216            0.011     17.222         17.223   17.229       17.228    0.022       0.022        11886876006106  335.1809420    5.8308350        3004      4   55064.338757200         178    16.918    21.545     27.155    1.450       1.513           0    12713984            0            1    11886876 
   55064.397267200        17.251        0.190        30042040001405  335.1809660    5.8308710   22h20m43.43s   05d49m51.14s      2               0    4.112130e-07         123          53          45        17.216            0.011     17.222         17.223   17.229       17.228    0.022       0.022        11886898005902  335.1809280    5.8308540        3004      4   55064.402757200         178    16.974    21.480     27.187    1.550       1.585           0    12713984            0            1    11886898 
   55061.179307200        17.225        0.049        30042040001405  335.1809660    5.8308710   22h20m43.43s   05d49m51.14s      2               0    4.112130e-07         123          53          45        17.216            0.011     17.222         17.223   17.229       17.228    0.022       0.022        11893946004616  335.1809740    5.8308720        3004      4   55061.184737200         175    17.167    21.114     27.444    2.250       2.487           0      131072            0            1    11893946 
   55060.402767200        17.238        0.062        30042040001405  335.1809660    5.8308710   22h20m43.43s   05d49m51.14s      2               0    4.112130e-07         123          53          45        17.216            0.011     17.222         17.223   17.229       17.228    0.022       0.022        11896384006228  335.1809240    5.8308600        3004      4   55060.408177200         174    17.199    21.751     27.530    1.750       1.946           0    12713984            0            1    11896384 
   55056.180257200        17.260        0.045        30042040001405  335.1809660    5.8308710   22h20m43.43s   05d49m51.14s      2               0    4.112130e-07         123          53          45        17.216            0.011     17.222         17.223   17.229       17.228    0.022       0.022        11900944004452  335.1809690    5.8308570        3004      4   55056.185557200         170    17.222    20.903     27.439    2.750       2.790           0      131072            0            1    11900944 
   55055.434377200        17.220        0.051        30042040001405  335.1809660    5.8308710   22h20m43.43s   05d49m51.14s      2               0    4.112130e-07         123          53          45        17.216            0.011     17.222         17.223   17.229       17.228    0.022       0.022        11903105004725  335.1809550    5.8308630        3004      4   55055.439657200         169    17.195    21.331     27.607    1.650       1.752           0    12713984            0            1    11903105 
   55017.421017200        17.227        0.026        30042040001405  335.1809660    5.8308710   22h20m43.43s   05d49m51.14s      2               0    4.112130e-07         123          53          45        17.216            0.011     17.222         17.223   17.229       17.228    0.022       0.022        11907522004244  335.1809640    5.8308680        3004      4   55017.424227200         131    17.230    21.209     27.694    1.650       1.795           0    12713984            0            1    11907522 
   55017.375567200        17.202        0.027        30042040001405  335.1809660    5.8308710   22h20m43.43s   05d49m51.14s      2               0    4.112130e-07         123          53          45        17.216            0.011     17.222         17.223   17.229       17.228    0.022       0.022        11907668003689  335.1809730    5.8308680        3004      4   55017.378767200         131    17.219    20.941     27.680    1.850       2.070           0      131072            0            1    11907668 
   55044.212407200        17.213        0.030        30042040001405  335.1809660    5.8308710   22h20m43.43s   05d49m51.14s      2               0    4.112130e-07         123          53          45        17.216            0.011     17.222         17.223   17.229       17.228    0.022       0.022        11935094002920  335.1809680    5.8308680        3004      4   55044.217267200         158    17.201    20.015     27.583    3.350       3.467           0      131072            0            1    11935094 
   55029.343717200        17.232        0.056        30042040001405  335.1809660    5.8308710   22h20m43.43s   05d49m51.14s      2               0    4.112130e-07         123          53          45        17.216            0.011     17.222         17.223   17.229       17.228    0.022       0.022        11952124005196  335.1809610    5.8308670        3004      4   55029.347757200         143    17.256    21.464     27.675    1.850       2.144           0      131072            0            1    11952124 
   55029.258787200        17.243        0.057        30042040001405  335.1809660    5.8308710   22h20m43.43s   05d49m51.14s      2               0    4.112130e-07         123          53          45        17.216            0.011     17.222         17.223   17.229       17.228    0.022       0.022        11952144003411  335.1809680    5.8308730        3004      4   55029.262817200         143    17.265    20.513     27.507    3.050       3.418           0      131072            0            1    11952144 
   55038.320047200        17.202        0.122        30042040001405  335.1809660    5.8308710   22h20m43.43s   05d49m51.14s      2               0    4.112130e-07         123          53          45        17.216            0.011     17.222         17.223   17.229       17.228    0.022       0.022        11999990006314  335.1809310    5.8308710        3004      4   55038.324617200         152    17.016    21.629     27.480    1.550       1.671           0    12713984            0            1    11999990 
   55038.477747200        17.208        0.122        30042040001405  335.1809660    5.8308710   22h20m43.43s   05d49m51.14s      2               0    4.112130e-07         123          53          45        17.216            0.011     17.222         17.223   17.229       17.228    0.022       0.022        12000044005979  335.1809610    5.8308620        3004      4   55038.482317200         152    17.097    21.503     27.558    1.850       1.847           0      131072            0            1    12000044 
   55007.470057200        17.223        0.027        30042040001405  335.1809660    5.8308710   22h20m43.43s   05d49m51.14s      2               0    4.112130e-07         123          53          45        17.216            0.011     17.222         17.223   17.229       17.228    0.022       0.022        12047131005932  335.1809520    5.8308690        3004      4   55007.472467200         121    17.231    21.739     27.737    1.750       1.832           0      131072            0            1    12047131 
   55007.473097200        17.219        0.027        30042040001405  335.1809660    5.8308710   22h20m43.43s   05d49m51.14s      2               0    4.112130e-07         123          53          45        17.216            0.011     17.222         17.223   17.229       17.228    0.022       0.022        12047195005395  335.1809660    5.8308700        3004      4   55007.475517200         121    17.230    21.589     27.738    1.850       1.862           0      131072            0            1    12047195 
   56913.167127200        17.237        0.025        30042040001405  335.1809660    5.8308710   22h20m43.43s   05d49m51.14s      2               0    4.112130e-07         123          53          45        17.216            0.011     17.222         17.223   17.229       17.228    0.022       0.022        21326833005094  335.1809440    5.8308840        3004      4   56913.172587200        1977    17.238    21.698     28.072    1.650       1.699           0    46268416            0            1    21326833 
   56913.377877200        17.219        0.027        30042040001405  335.1809660    5.8308710   22h20m43.43s   05d49m51.14s      2               0    4.112130e-07         123          53          45        17.216            0.011     17.222         17.223   17.229       17.228    0.022       0.022        21326848003782  335.1809500    5.8308850        3004      4   56913.383337200        1977    17.222    21.028     28.090    2.050       2.209           0      131072            0            1    21326848 
   56915.163007200        17.225        0.024        30042040001405  335.1809660    5.8308710   22h20m43.43s   05d49m51.14s      2               0    4.112130e-07         123          53          45        17.216            0.011     17.222         17.223   17.229       17.228    0.022       0.022        21350124005280  335.1809450    5.8308890        3004      4   56915.168427200        1978    17.238    21.762     28.078    1.650       1.834           0    46268416            0            1    21350124 
   56915.207177200        17.205        0.023        30042040001405  335.1809660    5.8308710   22h20m43.43s   05d49m51.14s      2               0    4.112130e-07         123          53          45        17.216            0.011     17.222         17.223   17.229       17.228    0.022       0.022        21350166005514  335.1809590    5.8308710        3004      4   56915.212587200        1978    17.212    21.891     28.112    1.550       1.733           0    12713984            0            1    21350166 
   56914.211977200        17.203        0.024        30042040001405  335.1809660    5.8308710   22h20m43.43s   05d49m51.14s      2               0    4.112130e-07         123          53          45        17.216            0.011     17.222         17.223   17.229       17.228    0.022       0.022        21368835005347  335.1809510    5.8308730        3004      4   56914.217417200        1979    17.204    21.775     28.103    1.650       1.775           0    12713984            0            1    21368835 
   56914.166517200        17.255        0.025        30042040001405  335.1809660    5.8308710   22h20m43.43s   05d49m51.14s      2               0    4.112130e-07         123          53          45        17.216            0.011     17.222         17.223   17.229       17.228    0.022       0.022        21368836004764  335.1809280    5.8308770        3004      4   56914.171947200        1979    17.253    21.481     28.069    2.050       2.179           0    46268416            0            1    21368836 
   56916.161207200        17.242        0.024        30042040001405  335.1809660    5.8308710   22h20m43.43s   05d49m51.14s      2               0    4.112130e-07         123          53          45        17.216            0.011     17.222         17.223   17.229       17.228    0.022       0.022        21378150005014  335.1809400    5.8308830        3004      4   56916.166597200        1980    17.251    21.667     28.080    1.750       1.901           0    46268416            0            1    21378150 
   56916.255277200        16.925        0.024        30042040001405  335.1809660    5.8308710   22h20m43.43s   05d49m51.14s      2               0    4.112130e-07         123          53          45        17.216            0.011     17.222         17.223   17.229       17.228    0.022       0.022        21378163005383  335.1809960    5.8308840        3004      4   56916.260667200        1980    16.935    21.785     28.128    1.750       4.337           0    46268416            0            1    21378163 
   56916.268317200        17.201        0.024        30042040001405  335.1809660    5.8308710   22h20m43.43s   05d49m51.14s      2               0    4.112130e-07         123          53          45        17.216            0.011     17.222         17.223   17.229       17.228    0.022       0.022        21378168005522  335.1809560    5.8308810        3004      4   56916.273707200        1980    17.204    21.913     28.130    1.550       1.645           0      131072            0            1    21378168 
   56916.289467200        17.134        0.024        30042040001405  335.1809660    5.8308710   22h20m43.43s   05d49m51.14s      2               0    4.112130e-07         123          53          45        17.216            0.011     17.222         17.223   17.229       17.228    0.022       0.022        21378169005531  335.1809570    5.8308890        3004      4   56916.294857200        1980    17.140    21.907     28.132    1.550       2.215           0    46268416            0            1    21378169 
   56916.310567200        17.230        0.024        30042040001405  335.1809660    5.8308710   22h20m43.43s   05d49m51.14s      2               0    4.112130e-07         123          53          45        17.216            0.011     17.222         17.223   17.229       17.228    0.022       0.022        21378170005155  335.1809470    5.8308760        3004      4   56916.315957200        1980    17.234    21.722     28.131    1.750       1.870           0    46268416            0            1    21378170 
   56917.160107200        17.256        0.037        30042040001405  335.1809660    5.8308710   22h20m43.43s   05d49m51.14s      2               0    4.112130e-07         123          53          45        17.216            0.011     17.222         17.223   17.229       17.228    0.022       0.022        21394556003934  335.1809770    5.8308700        3004      4   56917.165467200        1981    17.536    21.408     28.055    1.950       2.192           0    46268416            0            1    21394556 
   56917.202637200        17.219        0.036        30042040001405  335.1809660    5.8308710   22h20m43.43s   05d49m51.14s      2               0    4.112130e-07         123          53          45        17.216            0.011     17.222         17.223   17.229       17.228    0.022       0.022        21394586004801  335.1809610    5.8308760        3004      4   56917.208007200        1981    17.224    21.476     28.094    2.050       2.115           0      131072            0            1    21394586 
   56921.157007200        18.391        0.038        30042040001405  335.1809660    5.8308710   22h20m43.43s   05d49m51.14s      2               0    4.112130e-07         123          53          45        17.216            0.011     17.222         17.223   17.229       17.228    0.022       0.022        21455567004911  335.1812880    5.8308520        3004      4   56921.162257200        1984    18.385    21.512     28.112    2.150       2.133           0    46268416            0            1    21455567 
   56921.199107200        17.228        0.027        30042040001405  335.1809660    5.8308710   22h20m43.43s   05d49m51.14s      2               0    4.112130e-07         123          53          45        17.216            0.011     17.222         17.223   17.229       17.228    0.022       0.022        21455620005443  335.1809510    5.8308860        3004      4   56921.204357200        1984    17.235    21.749     28.160    1.850       1.922           0      131072            0            1    21455620 
   56922.148407200        18.185        0.030        30042040001405  335.1809660    5.8308710   22h20m43.43s   05d49m51.14s      2               0    4.112130e-07         123          53          45        17.216            0.011     17.222         17.223   17.229       17.228    0.022       0.022        21473886005082  335.1811830    5.8308510        3004      4   56922.153617200        1985    18.190    21.629     28.148    1.850       1.959           0    46268416            0            1    21473886 
   56922.190627200        17.219        0.024        30042040001405  335.1809660    5.8308710   22h20m43.43s   05d49m51.14s      2               0    4.112130e-07         123          53          45        17.216            0.011     17.222         17.223   17.229       17.228    0.022       0.022        21473927005225  335.1809590    5.8308810        3004      4   56922.195837200        1985    17.227    21.762     28.158    1.650       1.747           0      131072            0            1    21473927 
   56923.147037200        18.348        0.034        30042040001405  335.1809660    5.8308710   22h20m43.43s   05d49m51.14s      2               0    4.112130e-07         123          53          45        17.216            0.011     17.222         17.223   17.229       17.228    0.022       0.022        21492106004781  335.1812320    5.8308730        3004      4   56923.152217200        1986    18.349    21.526     28.140    1.950       1.975           0    46268416            0            1    21492106 
   56923.189257200        17.227        0.025        30042040001405  335.1809660    5.8308710   22h20m43.43s   05d49m51.14s      2               0    4.112130e-07         123          53          45        17.216            0.011     17.222         17.223   17.229       17.228    0.022       0.022        21492140004953  335.1809670    5.8308780        3004      4   56923.194437200        1986    17.230    21.690     28.160    1.750       1.771           0      131072            0            1    21492140 
   56924.146027200        19.274        0.056        30042040001405  335.1809660    5.8308710   22h20m43.43s   05d49m51.14s      2               0    4.112130e-07         123          53          45        17.216            0.011     17.222         17.223   17.229       17.228    0.022       0.022        21509959005456  335.1813660    5.8308850        3004      4   56924.151177200        1987    19.284    21.845     28.152    1.550       2.853           0    33554432            0            1    21509959 
   56924.188237200        17.222        0.024        30042040001405  335.1809660    5.8308710   22h20m43.43s   05d49m51.14s      2               0    4.112130e-07         123          53          45        17.216            0.011     17.222         17.223   17.229       17.228    0.022       0.022        21509995005353  335.1809610    5.8308810        3004      4   56924.193387200        1987    17.235    21.835     28.162    1.650       1.735           0      131072            0            1    21509995 
   56925.205817200        17.216        0.025        30042040001405  335.1809660    5.8308710   22h20m43.43s   05d49m51.14s      2               0    4.112130e-07         123          53          45        17.216            0.011     17.222         17.223   17.229       17.228    0.022       0.022        21525444005281  335.1809490    5.8308770        3004      4   56925.210927200        1988    17.218    21.769     28.138    1.750       1.782           0    46268416            0            1    21525444 
   56925.241247200        17.222        0.025        30042040001405  335.1809660    5.8308710   22h20m43.43s   05d49m51.14s      2               0    4.112130e-07         123          53          45        17.216            0.011     17.222         17.223   17.229       17.228    0.022       0.022        21525472005216  335.1809620    5.8308780        3004      4   56925.246357200        1988    17.227    21.837     28.144    1.650       1.734           0      131072            0            1    21525472 
   56926.140117200        19.122        0.054        30042040001405  335.1809660    5.8308710   22h20m43.43s   05d49m51.14s      2               0    4.112130e-07         123          53          45        17.216            0.011     17.222         17.223   17.229       17.228    0.022       0.022        21534854005242  335.1812900    5.8309360        3004      4   56926.145187200        1989    19.134    21.768     28.128    1.650       4.983           0    33554432            0            1    21534854 
   56926.184587200        17.218        0.023        30042040001405  335.1809660    5.8308710   22h20m43.43s   05d49m51.14s      2               0    4.112130e-07         123          53          45        17.216            0.011     17.222         17.223   17.229       17.228    0.022       0.022        21534881005569  335.1809480    5.8308820        3004      4   56926.189657200        1989    17.231    21.911     28.145    1.550       1.509           0    12713984            0            1    21534881 
   56927.145887200        17.937        0.031        30042040001405  335.1809660    5.8308710   22h20m43.43s   05d49m51.14s      2               0    4.112130e-07         123          53          45        17.216            0.011     17.222         17.223   17.229       17.228    0.022       0.022        21550583004958  335.1811590    5.8308680        3004      4   56927.150927200        1990    17.929    21.525     28.108    2.050       1.711           0    46268416            0            1    21550583 
   56927.194887200        17.244        0.029        30042040001405  335.1809660    5.8308710   22h20m43.43s   05d49m51.14s      2               0    4.112130e-07         123          53          45        17.216            0.011     17.222         17.223   17.229       17.228    0.022       0.022        21550625004911  335.1809590    5.8308820        3004      4   56927.199917200        1990    17.231    21.571     28.118    2.050       2.157           0    46268416            0            1    21550625 
   56928.144407200        16.948        0.035        30042040001405  335.1809660    5.8308710   22h20m43.43s   05d49m51.14s      2               0    4.112130e-07         123          53          45        17.216            0.011     17.222         17.223   17.229       17.228    0.022       0.022        21559453003537  335.1811380    5.8308960        3004      4   56928.149397200        1991    16.921    20.906     28.086    3.350       4.985           0    46268416            0            1    21559453 
   56928.189587200        17.269        0.035        30042040001405  335.1809660    5.8308710   22h20m43.43s   05d49m51.14s      2               0    4.112130e-07         123          53          45        17.216            0.011     17.222         17.223   17.229       17.228    0.022       0.022        21559493004576  335.1809540    5.8308810        3004      4   56928.194567200        1991    17.245    21.393     28.113    2.250       2.454           0    46268416            0            1    21559493 
   56932.129487200        18.843        0.056        30042040001405  335.1809660    5.8308710   22h20m43.43s   05d49m51.14s      2               0    4.112130e-07         123          53          45        17.216            0.011     17.222         17.223   17.229       17.228    0.022       0.022        21608247004197  335.1809370    5.8309500        3004      4   56932.134297200        1995    18.837    21.366     28.102    1.750       7.578           0    33554432            0            1    21608247 
   56932.169347200        17.222        0.028        30042040001405  335.1809660    5.8308710   22h20m43.43s   05d49m51.14s      2               0    4.112130e-07         123          53          45        17.216            0.011     17.222         17.223   17.229       17.228    0.022       0.022        21608276004225  335.1809560    5.8308810        3004      4   56932.174157200        1995    17.217    21.316     28.116    1.950       1.952           0      131072            0            1    21608276 
   56933.126827200        17.119        0.027        30042040001405  335.1809660    5.8308710   22h20m43.43s   05d49m51.14s      2               0    4.112130e-07         123          53          45        17.216            0.011     17.222         17.223   17.229       17.228    0.022       0.022        21623329003770  335.1810880    5.8309250        3004      4   56933.131587200        1996    17.130    21.076     28.128    2.050       4.305           0    46268416            0            1    21623329 
   56933.163497200        17.248        0.027        30042040001405  335.1809660    5.8308710   22h20m43.43s   05d49m51.14s      2               0    4.112130e-07         123          53          45        17.216            0.011     17.222         17.223   17.229       17.228    0.022       0.022        21623357003943  335.1809450    5.8308740        3004      4   56933.168257200        1996    17.242    21.094     28.127    2.150       2.334           0    46268416            0            1    21623357 
   56940.134927200        17.825        0.031        30042040001405  335.1809660    5.8308710   22h20m43.43s   05d49m51.14s      2               0    4.112130e-07         123          53          45        17.216            0.011     17.222         17.223   17.229       17.228    0.022       0.022        21742924003770  335.1811090    5.8308630        3004      4   56940.139307200        2004    17.812    21.022     28.107    1.850       1.564           0    46268416            0            1    21742924 
   56940.162287200        17.318        0.028        30042040001405  335.1809660    5.8308710   22h20m43.43s   05d49m51.14s      2               0    4.112130e-07         123          53          45        17.216            0.011     17.222         17.223   17.229       17.228    0.022       0.022        21742958003525  335.1809500    5.8308830        3004      4   56940.166667200        2004    17.314    20.959     28.112    1.950       2.084           0    46268416            0            1    21742958 
   56942.198417200        17.218        0.100        30042040001405  335.1809660    5.8308710   22h20m43.43s   05d49m51.14s      2               0    4.112130e-07         123          53          45        17.216            0.011     17.222         17.223   17.229       17.228    0.022       0.022        21772181004336  335.1809560    5.8308790        3004      4   56942.202667200        2006    17.168    21.262     28.085    1.850       1.790           0    12713984            0            1    21772181 
   56942.159757200        17.973        0.103        30042040001405  335.1809660    5.8308710   22h20m43.43s   05d49m51.14s      2               0    4.112130e-07         123          53          45        17.216            0.011     17.222         17.223   17.229       17.228    0.022       0.022        21772185003481  335.1812890    5.8309160        3004      4   56942.164007200        2006    18.073    20.995     27.807    2.650       2.356           0    46268416            0            1    21772185 
   56943.168457200        16.625        0.055        30042040001405  335.1809660    5.8308710   22h20m43.43s   05d49m51.14s      2               0    4.112130e-07         123          53          45        17.216            0.011     17.222         17.223   17.229       17.228    0.022       0.022        21792167004871  335.1812610    5.8308810        3004      4   56943.172647200        2002    16.655    21.609     28.187    2.050       4.893           0    46268416            0            1    21792167 
   56943.133317200        17.887        0.057        30042040001405  335.1809660    5.8308710   22h20m43.43s   05d49m51.14s      2               0    4.112130e-07         123          53          45        17.216            0.011     17.222         17.223   17.229       17.228    0.022       0.022        21792189004758  335.1811280    5.8308650        3004      4   56943.137517200        2002    17.930    21.568     28.180    2.050       2.179           0    46268416            0            1    21792189 
   56931.132087200        17.665        0.027        30042040001405  335.1809660    5.8308710   22h20m43.43s   05d49m51.14s      2               0    4.112130e-07         123          53          45        17.216            0.011     17.222         17.223   17.229       17.228    0.022       0.022        22272785004442  335.1810240    5.8309140        3004      4   56931.136937200        1994    17.675    21.475     28.135    1.750       4.351           0    33685504            0            1    22272785 
   56931.222357200        17.204        0.024        30042040001405  335.1809660    5.8308710   22h20m43.43s   05d49m51.14s      2               0    4.112130e-07         123          53          45        17.216            0.011     17.222         17.223   17.229       17.228    0.022       0.022        22272826004875  335.1809560    5.8308700        3004      4   56931.227217200        1994    17.207    21.616     28.163    1.750       1.980           0      131072            0            1    22272826 
   56979.199807200        16.892        0.068        30042040001405  335.1809660    5.8308710   22h20m43.43s   05d49m51.14s      2               0    4.112130e-07         123          53          45        17.216            0.011     17.222         17.223   17.229       17.228    0.022       0.022        22307573002918  335.1810990    5.8308830        3004      4   56979.201027200        2035    16.781    20.390     27.772    2.850       6.078           0    46268416            0            1    22307573 
   57002.110597200       -17.236        0.014        30042040001405  335.1809660    5.8308710   22h20m43.43s   05d49m51.14s      2               0    4.112130e-07         123          53          45        17.216            0.011     17.222         17.223   17.229       17.228    0.022       0.022        22502777003751  335.1809530    5.8308850        3004      4   57002.109587200        2056   -10.702      null     99.990    1.950       2.073           0      131072            0            1    22502777 
   56986.199597200        17.121        0.048        30042040001405  335.1809660    5.8308710   22h20m43.43s   05d49m51.14s      2               0    4.112130e-07         123          53          45        17.216            0.011     17.222         17.223   17.229       17.228    0.022       0.022        22911648003567  335.1809710    5.8308840        3004      4   56986.200147200        2042    17.070    20.892     28.055    2.750       4.936           0    46268416            0            1    22911648 
   56986.081317200        17.264        0.049        30042040001405  335.1809660    5.8308710   22h20m43.43s   05d49m51.14s      2               0    4.112130e-07         123          53          45        17.216            0.011     17.222         17.223   17.229       17.228    0.022       0.022        22911681003041  335.1809470    5.8308770        3004      4   56986.081877200        2042    17.234    20.683     28.068    3.350       3.334           0      131072            0            1    22911681 
   56987.077107200        17.259        0.031        30042040001405  335.1809660    5.8308710   22h20m43.43s   05d49m51.14s      2               0    4.112130e-07         123          53          45        17.216            0.011     17.222         17.223   17.229       17.228    0.022       0.022        22934009003943  335.1809580    5.8308830        3004      4   56987.077567200        2043    17.260    21.093     28.141    2.450       2.404           0      131072            0            1    22934009 
   56987.181827200        17.211        0.031        30042040001405  335.1809660    5.8308710   22h20m43.43s   05d49m51.14s      2               0    4.112130e-07         123          53          45        17.216            0.011     17.222         17.223   17.229       17.228    0.022       0.022        22934095003790  335.1809600    5.8308790        3004      4   56987.182277200        2043    17.198    21.000     28.096    2.550       2.813           0    46268416            0            1    22934095 
   56981.084637200        17.171        0.051        30042040001405  335.1809660    5.8308710   22h20m43.43s   05d49m51.14s      2               0    4.112130e-07         123          53          45        17.216            0.011     17.222         17.223   17.229       17.228    0.022       0.022        23050585002124  335.1809560    5.8308810        3004      4   56981.085687200        2037    18.639    21.460     28.091    1.650       1.779           0    12713984            0            1    23050585 
   56981.187717200        17.239        0.041        30042040001405  335.1809660    5.8308710   22h20m43.43s   05d49m51.14s      2               0    4.112130e-07         123          53          45        17.216            0.011     17.222         17.223   17.229       17.228    0.022       0.022        23050602004454  335.1809570    5.8308860        3004      4   56981.188757200        2037    17.234    21.321     28.118    2.150       2.208           0    33685504            0            1    23050602 
   56984.083287200        17.218        0.224        30042040001405  335.1809660    5.8308710   22h20m43.43s   05d49m51.14s      2               0    4.112130e-07         123          53          45        17.216            0.011     17.222         17.223   17.229       17.228    0.022       0.022        23059368002879  335.1809730    5.8308870        3004      4   56984.084047200        2040    17.276    20.560     27.724    2.450       2.594           0      131072            0            1    23059368 
   56984.187197200        17.204        0.223        30042040001405  335.1809660    5.8308710   22h20m43.43s   05d49m51.14s      2               0    4.112130e-07         123          53          45        17.216            0.011     17.222         17.223   17.229       17.228    0.022       0.022        23059385003445  335.1809750    5.8308780        3004      4   56984.187947200        2040    17.291    20.903     28.105    3.050       3.578           0    46268416            0            1    23059385 
   56985.082027200        17.229        0.179        30042040001405  335.1809660    5.8308710   22h20m43.43s   05d49m51.14s      2               0    4.112130e-07         123          53          45        17.216            0.011     17.222         17.223   17.229       17.228    0.022       0.022        23068280002172  335.1809660    5.8308780        3004      4   56985.082687200        2041    17.118    19.769     27.435    3.450       3.764           0      131072            0            1    23068280 
   56985.182397200        17.216        0.231        30042040001405  335.1809660    5.8308710   22h20m43.43s   05d49m51.14s      2               0    4.112130e-07         123          53          45        17.216            0.011     17.222         17.223   17.229       17.228    0.022       0.022        23068294000948  335.1809130    5.8307950        3004      4   56985.183047200        2041    18.621    19.320     27.252    2.850       3.118           0      131072            0            1    23068294 
