   55445.148237200        15.903        0.030        30042010003634  333.4707150    6.0982530   22h13m52.97s   06d05m53.71s      2               0    1.636825e-07         123         123         108        15.905            0.008     15.909         15.910   15.908       15.910    0.018       0.010        10914926003003  333.4707210    6.0982490        3004      1   55445.153797200         540    15.897    21.304     27.756    2.150       2.418           0      131072            0            1    10914926 
   55445.191327200        15.900        0.030        30042010003634  333.4707150    6.0982530   22h13m52.97s   06d05m53.71s      2               0    1.636825e-07         123         123         108        15.905            0.008     15.909         15.910   15.908       15.910    0.018       0.010        10915110003142  333.4707060    6.0982600        3004      1   55445.196887200         540    15.897    21.458     27.787    2.250       2.330           0      131072            0            1    10915110 
   55441.328797200        15.914        0.031        30042010003634  333.4707150    6.0982530   22h13m52.97s   06d05m53.71s      2               0    1.636825e-07         123         123         108        15.905            0.008     15.909         15.910   15.908       15.910    0.018       0.010        10918321003139  333.4707130    6.0982510        3004      1   55441.334367200         536    15.911    21.400     27.809    2.350       2.429           0      131072            0            1    10918321 
   55441.375487200        15.898        0.031        30042010003634  333.4707150    6.0982530   22h13m52.97s   06d05m53.71s      2               0    1.636825e-07         123         123         108        15.905            0.008     15.909         15.910   15.908       15.910    0.018       0.010        10918344003051  333.4707160    6.0982500        3004      1   55441.381057200         536    15.900    21.410     27.803    2.250       2.256           0      131072            0            1    10918344 
   55410.496717200        15.919        0.263        30042010003634  333.4707150    6.0982530   22h13m52.97s   06d05m53.71s      2               0    1.636825e-07         123         123         108        15.905            0.008     15.909         15.910   15.908       15.910    0.018       0.010        11094711002454  333.4707200    6.0982500        3004      1   55410.501617200         509    15.769    20.860     27.524    1.950       2.042           0      131072            0            1    11094711 
   55410.452937200        15.919        0.263        30042010003634  333.4707150    6.0982530   22h13m52.97s   06d05m53.71s      2               0    1.636825e-07         123         123         108        15.905            0.008     15.909         15.910   15.908       15.910    0.018       0.010        11094720002712  333.4707170    6.0982420        3004      1   55410.457847200         509    15.777    21.070     27.565    2.150       2.175           0      131072            0            1    11094720 
   55418.204637200        15.916        0.179        30042010003634  333.4707150    6.0982530   22h13m52.97s   06d05m53.71s      2               0    1.636825e-07         123         123         108        15.905            0.008     15.909         15.910   15.908       15.910    0.018       0.010        11128337001892  333.4707170    6.0982480        3004      1   55418.209847200         517    15.832    20.099     26.772    3.950       4.156           0      131072            0            1    11128337 
   55418.248067200        15.919        0.179        30042010003634  333.4707150    6.0982530   22h13m52.97s   06d05m53.71s      2               0    1.636825e-07         123         123         108        15.905            0.008     15.909         15.910   15.908       15.910    0.018       0.010        11128388002166  333.4707080    6.0982470        3004      1   55418.253277200         517    15.811    20.576     26.801    2.950       3.180           0      131072            0            1    11128388 
   55422.279837200        15.910        0.030        30042010003634  333.4707150    6.0982530   22h13m52.97s   06d05m53.71s      2               0    1.636825e-07         123         123         108        15.905            0.008     15.909         15.910   15.908       15.910    0.018       0.010        11147748003087  333.4707120    6.0982480        3004      1   55422.285167200         521    15.910    21.485     27.776    2.250       2.366           0      131072            0            1    11147748 
   55422.334637200        15.920        0.030        30042010003634  333.4707150    6.0982530   22h13m52.97s   06d05m53.71s      2               0    1.636825e-07         123         123         108        15.905            0.008     15.909         15.910   15.908       15.910    0.018       0.010        11147978003341  333.4707150    6.0982450        3004      1   55422.339967200         521    15.924    21.721     27.790    2.050       2.120           0      131072            0            1    11147978 
   55427.192567200        15.911        0.031        30042010003634  333.4707150    6.0982530   22h13m52.97s   06d05m53.71s      2               0    1.636825e-07         123         123         108        15.905            0.008     15.909         15.910   15.908       15.910    0.018       0.010        11195075002314  333.4707170    6.0982470        3004      1   55427.198017200         526    15.885    20.656     27.692    2.550       2.594           0      131072            0            1    11195075 
   55427.236187200        15.906        0.031        30042010003634  333.4707150    6.0982530   22h13m52.97s   06d05m53.71s      2               0    1.636825e-07         123         123         108        15.905            0.008     15.909         15.910   15.908       15.910    0.018       0.010        11195112002573  333.4707120    6.0982490        3004      1   55427.241637200         526    15.893    20.992     27.751    2.250       2.446           0      131072            0            1    11195112 
   55436.209787200        15.912        0.033        30042010003634  333.4707150    6.0982530   22h13m52.97s   06d05m53.71s      2               0    1.636825e-07         123         123         108        15.905            0.008     15.909         15.910   15.908       15.910    0.018       0.010        11208736002042  333.4707220    6.0982440        3004      1   55436.215357200         609    15.911    20.560     27.738    2.450       2.598           0      131072            0            1    11208736 
   55436.165687200        15.899        0.033        30042010003634  333.4707150    6.0982530   22h13m52.97s   06d05m53.71s      2               0    1.636825e-07         123         123         108        15.905            0.008     15.909         15.910   15.908       15.910    0.018       0.010        11208890001991  333.4707120    6.0982420        3004      1   55436.171247200         609    15.889    20.353     27.691    2.850       2.804           0      131072            0            1    11208890 
   55382.394957200        15.902        0.026        30042010003634  333.4707150    6.0982530   22h13m52.97s   06d05m53.71s      2               0    1.636825e-07         123         123         108        15.905            0.008     15.909         15.910   15.908       15.910    0.018       0.010        11241450003000  333.4707140    6.0982470        3004      1   55382.398137200         481    15.906    21.481     27.820    2.050       2.178           0      131072            0            1    11241450 
   55382.440567200        15.898        0.026        30042010003634  333.4707150    6.0982530   22h13m52.97s   06d05m53.71s      2               0    1.636825e-07         123         123         108        15.905            0.008     15.909         15.910   15.908       15.910    0.018       0.010        11241474003009  333.4707130    6.0982490        3004      1   55382.443757200         481    15.900    21.356     27.829    2.350       2.473           0      131072            0            1    11241474 
   55387.472557200        15.904        0.126        30042010003634  333.4707150    6.0982530   22h13m52.97s   06d05m53.71s      2               0    1.636825e-07         123         123         108        15.905            0.008     15.909         15.910   15.908       15.910    0.018       0.010        11260543002898  333.4707160    6.0982450        3004      1   55387.476117200         486    15.918    21.476     27.605    2.150       2.189           0      131072            0            1    11260543 
   55387.429347200        15.901        0.126        30042010003634  333.4707150    6.0982530   22h13m52.97s   06d05m53.71s      2               0    1.636825e-07         123         123         108        15.905            0.008     15.909         15.910   15.908       15.910    0.018       0.010        11260877003334  333.4707180    6.0982530        3004      1   55387.432907200         486    15.823    21.669     27.648    2.050       2.133           0      131072            0            1    11260877 
   55364.475187200        15.912        0.030        30042010003634  333.4707150    6.0982530   22h13m52.97s   06d05m53.71s      2               0    1.636825e-07         123         123         108        15.905            0.008     15.909         15.910   15.908       15.910    0.018       0.010        11393014002626  333.4707170    6.0982490        3004      1   55364.476887200         463    15.915    21.130     27.781    2.350       2.415           0      131072            0            1    11393014 
   55366.484117200        15.901        0.027        30042010003634  333.4707150    6.0982530   22h13m52.97s   06d05m53.71s      2               0    1.636825e-07         123         123         108        15.905            0.008     15.909         15.910   15.908       15.910    0.018       0.010        11397990001879  333.4707170    6.0982470        3004      1   55366.485997200         465    15.904    20.316     27.865    2.650       2.671           0      131072            0            1    11397990 
   55367.445377200        15.910        0.027        30042010003634  333.4707150    6.0982530   22h13m52.97s   06d05m53.71s      2               0    1.636825e-07         123         123         108        15.905            0.008     15.909         15.910   15.908       15.910    0.018       0.010        11400598002911  333.4707240    6.0982460        3004      1   55367.447347200         466    15.910    21.422     27.822    2.650       2.732           0      131072            0            1    11400598 
   55367.401877200        15.902        0.027        30042010003634  333.4707150    6.0982530   22h13m52.97s   06d05m53.71s      2               0    1.636825e-07         123         123         108        15.905            0.008     15.909         15.910   15.908       15.910    0.018       0.010        11400696002906  333.4707190    6.0982450        3004      1   55367.403827200         466    15.890    21.325     27.802    2.650       2.763           0      131072            0            1    11400696 
   55372.403737200        15.902        0.027        30042010003634  333.4707150    6.0982530   22h13m52.97s   06d05m53.71s      2               0    1.636825e-07         123         123         108        15.905            0.008     15.909         15.910   15.908       15.910    0.018       0.010        11411022002223  333.4707150    6.0982490        3004      1   55372.406127200         471    15.901    20.843     27.813    2.150       2.334           0      131072            0            1    11411022 
   55372.447647200        15.913        0.027        30042010003634  333.4707150    6.0982530   22h13m52.97s   06d05m53.71s      2               0    1.636825e-07         123         123         108        15.905            0.008     15.909         15.910   15.908       15.910    0.018       0.010        11411026002371  333.4707150    6.0982500        3004      1   55372.450037200         471    15.913    21.018     27.828    2.050       2.187           0      131072            0            1    11411026 
   55365.455107200        15.911        0.026        30042010003634  333.4707150    6.0982530   22h13m52.97s   06d05m53.71s      2               0    1.636825e-07         123         123         108        15.905            0.008     15.909         15.910   15.908       15.910    0.018       0.010        11442579003467  333.4707180    6.0982490        3004      1   55365.456887200         464    15.907    21.736     27.859    2.150       2.200           0      131072            0            1    11442579 
   55108.172247200        15.912        0.029        30042010003634  333.4707150    6.0982530   22h13m52.97s   06d05m53.71s      2               0    1.636825e-07         123         123         108        15.905            0.008     15.909         15.910   15.908       15.910    0.018       0.010        11805096001387  333.4707180    6.0982410        3004      1   55108.176937200         219    15.916    19.707     27.442    2.650       2.702           0      131072            0            1    11805096 
   55108.216297200        15.935        0.029        30042010003634  333.4707150    6.0982530   22h13m52.97s   06d05m53.71s      2               0    1.636825e-07         123         123         108        15.905            0.008     15.909         15.910   15.908       15.910    0.018       0.010        11805159001405  333.4707230    6.0982410        3004      1   55108.220987200         219    15.939    19.737     27.446    2.650       2.739           0      131072            0            1    11805159 
   55081.358637200        15.903        0.028        30042010003634  333.4707150    6.0982530   22h13m52.97s   06d05m53.71s      2               0    1.636825e-07         123         123         108        15.905            0.008     15.909         15.910   15.908       15.910    0.018       0.010        11813907001793  333.4707180    6.0982480        3004      1   55081.364177200         195    15.910    20.184     27.219    2.250       2.334           0      131072            0            1    11813907 
   55084.301867200        15.917        0.026        30042010003634  333.4707150    6.0982530   22h13m52.97s   06d05m53.71s      2               0    1.636825e-07         123         123         108        15.905            0.008     15.909         15.910   15.908       15.910    0.018       0.010        11856858002690  333.4707120    6.0982470        3004      1   55084.307367200         196    15.914    21.024     27.443    2.150       2.244           0      131072            0            1    11856858 
   55084.345887200        15.908        0.026        30042010003634  333.4707150    6.0982530   22h13m52.97s   06d05m53.71s      2               0    1.636825e-07         123         123         108        15.905            0.008     15.909         15.910   15.908       15.910    0.018       0.010        11856920002663  333.4707230    6.0982430        3004      1   55084.351387200         196    15.911    21.070     27.432    1.950       1.975           0      131072            0            1    11856920 
   55048.290127200        15.922        0.032        30042010003634  333.4707150    6.0982530   22h13m52.97s   06d05m53.71s      2               0    1.636825e-07         123         123         108        15.905            0.008     15.909         15.910   15.908       15.910    0.018       0.010        11861989001488  333.4707190    6.0982440        3004      1   55048.295157200         162    15.928    19.872     27.344    2.050       2.345           0      131072            0            1    11861989 
   55048.215637200        15.955        0.035        30042010003634  333.4707150    6.0982530   22h13m52.97s   06d05m53.71s      2               0    1.636825e-07         123         123         108        15.905            0.008     15.909         15.910   15.908       15.910    0.018       0.010        11862004001112  333.4707230    6.0982380        3004      1   55048.220667200         162    15.979    18.916     27.241    3.650       3.450           0      131072            0            1    11862004 
   55053.369007200        15.918        0.029        30042010003634  333.4707150    6.0982530   22h13m52.97s   06d05m53.71s      2               0    1.636825e-07         123         123         108        15.905            0.008     15.909         15.910   15.908       15.910    0.018       0.010        11868003001819  333.4707230    6.0982450        3004      1   55053.374227200         167    15.922    20.275     27.372    2.250       2.381           0      131072            0            1    11868003 
   55064.333267200        15.926        0.031        30042010003634  333.4707150    6.0982530   22h13m52.97s   06d05m53.71s      2               0    1.636825e-07         123         123         108        15.905            0.008     15.909         15.910   15.908       15.910    0.018       0.010        11885843003200  333.4707140    6.0982450        3004      1   55064.338757200         178    15.944    21.442     27.290    1.850       2.016           0      131072            0            1    11885843 
   55064.397267200        15.908        0.031        30042010003634  333.4707150    6.0982530   22h13m52.97s   06d05m53.71s      2               0    1.636825e-07         123         123         108        15.905            0.008     15.909         15.910   15.908       15.910    0.018       0.010        11885865003082  333.4707170    6.0982460        3004      1   55064.402757200         178    15.924    21.392     27.270    1.850       1.983           0      131072            0            1    11885865 
   55061.179307200        15.914        0.028        30042010003634  333.4707150    6.0982530   22h13m52.97s   06d05m53.71s      2               0    1.636825e-07         123         123         108        15.905            0.008     15.909         15.910   15.908       15.910    0.018       0.010        11892718002583  333.4707110    6.0982420        3004      1   55061.184737200         175    15.915    20.789     27.271    2.750       2.879           0      131072            0            1    11892718 
   55060.402767200        15.916        0.029        30042010003634  333.4707150    6.0982530   22h13m52.97s   06d05m53.71s      2               0    1.636825e-07         123         123         108        15.905            0.008     15.909         15.910   15.908       15.910    0.018       0.010        11894680003289  333.4707120    6.0982440        3004      1   55060.408177200         174    15.922    21.403     27.346    2.150       2.191           0      131072            0            1    11894680 
   55056.180257200        15.911        0.027        30042010003634  333.4707150    6.0982530   22h13m52.97s   06d05m53.71s      2               0    1.636825e-07         123         123         108        15.905            0.008     15.909         15.910   15.908       15.910    0.018       0.010        11898880002494  333.4707110    6.0982560        3004      1   55056.185557200         170    15.906    20.540     27.226    3.450       3.365           0      131072            0            1    11898880 
   55055.434377200        15.916        0.042        30042010003634  333.4707150    6.0982530   22h13m52.97s   06d05m53.71s      2               0    1.636825e-07         123         123         108        15.905            0.008     15.909         15.910   15.908       15.910    0.018       0.010        11900706002650  333.4707170    6.0982480        3004      1   55055.439657200         169    15.928    21.015     27.381    1.950       2.044           0      131072            0            1    11900706 
   55017.421017200        15.899        0.033        30042010003634  333.4707150    6.0982530   22h13m52.97s   06d05m53.71s      2               0    1.636825e-07         123         123         108        15.905            0.008     15.909         15.910   15.908       15.910    0.018       0.010        11904128002558  333.4707200    6.0982450        3004      1   55017.424227200         131    15.913    20.791     27.325    2.050       2.075           0      131072            0            1    11904128 
   55017.375567200        15.905        0.033        30042010003634  333.4707150    6.0982530   22h13m52.97s   06d05m53.71s      2               0    1.636825e-07         123         123         108        15.905            0.008     15.909         15.910   15.908       15.910    0.018       0.010        11904274002264  333.4707160    6.0982500        3004      1   55017.378767200         131    15.924    20.548     27.309    2.250       2.376           0      131072            0            1    11904274 
   55044.212407200        15.928        0.027        30042010003634  333.4707150    6.0982530   22h13m52.97s   06d05m53.71s      2               0    1.636825e-07         123         123         108        15.905            0.008     15.909         15.910   15.908       15.910    0.018       0.010        11934258001645  333.4707390    6.0982340        3004      1   55044.217267200         158    15.928    19.776     27.295    3.950       3.812           0      131072            0            1    11934258 
   55029.343717200        15.924        0.043        30042010003634  333.4707150    6.0982530   22h13m52.97s   06d05m53.71s      2               0    1.636825e-07         123         123         108        15.905            0.008     15.909         15.910   15.908       15.910    0.018       0.010        11951803002785  333.4707170    6.0982440        3004      1   55029.347757200         143    15.945    21.066     27.269    2.250       2.480           0      131072            0            1    11951803 
   55029.258787200        15.908        0.043        30042010003634  333.4707150    6.0982530   22h13m52.97s   06d05m53.71s      2               0    1.636825e-07         123         123         108        15.905            0.008     15.909         15.910   15.908       15.910    0.018       0.010        11951823001869  333.4707070    6.0982440        3004      1   55029.262817200         143    15.919    20.138     27.113    3.750       3.715           0      131072            0            1    11951823 
   55038.320047200        15.913        0.027        30042010003634  333.4707150    6.0982530   22h13m52.97s   06d05m53.71s      2               0    1.636825e-07         123         123         108        15.905            0.008     15.909         15.910   15.908       15.910    0.018       0.010        11985526003356  333.4707150    6.0982490        3004      1   55038.324617200         152    15.911    21.479     27.335    1.950       2.182           0      131072            0            1    11985526 
   55038.477747200        15.922        0.027        30042010003634  333.4707150    6.0982530   22h13m52.97s   06d05m53.71s      2               0    1.636825e-07         123         123         108        15.905            0.008     15.909         15.910   15.908       15.910    0.018       0.010        11985580003167  333.4707120    6.0982420        3004      1   55038.482317200         152    15.931    21.307     27.343    2.250       2.252           0      131072            0            1    11985580 
   55007.470057200        15.891        0.035        30042010003634  333.4707150    6.0982530   22h13m52.97s   06d05m53.71s      2               0    1.636825e-07         123         123         108        15.905            0.008     15.909         15.910   15.908       15.910    0.018       0.010        12043644003412  333.4707080    6.0982510        3004      1   55007.472467200         121    15.904    21.410     27.360    2.050       2.185           0      131072            0            1    12043644 
   55007.473097200        15.904        0.035        30042010003634  333.4707150    6.0982530   22h13m52.97s   06d05m53.71s      2               0    1.636825e-07         123         123         108        15.905            0.008     15.909         15.910   15.908       15.910    0.018       0.010        12043708003192  333.4707120    6.0982430        3004      1   55007.475517200         121    15.916    21.213     27.361    2.250       2.371           0      131072            0            1    12043708 
   56913.167127200        15.898        0.029        30042010003634  333.4707150    6.0982530   22h13m52.97s   06d05m53.71s      2               0    1.636825e-07         123         123         108        15.905            0.008     15.909         15.910   15.908       15.910    0.018       0.010        21326552002921  333.4707260    6.0982520        3004      1   56913.172587200        1977    15.896    21.373     27.727    2.050       2.224           0      131072            0            1    21326552 
   56913.377877200        15.910        0.029        30042010003634  333.4707150    6.0982530   22h13m52.97s   06d05m53.71s      2               0    1.636825e-07         123         123         108        15.905            0.008     15.909         15.910   15.908       15.910    0.018       0.010        21326568002162  333.4707210    6.0982570        3004      1   56913.383337200        1977    15.912    20.775     27.745    2.350       2.479           0      131072            0            1    21326568 
   56915.163007200        15.905        0.026        30042010003634  333.4707150    6.0982530   22h13m52.97s   06d05m53.71s      2               0    1.636825e-07         123         123         108        15.905            0.008     15.909         15.910   15.908       15.910    0.018       0.010        21349828002918  333.4707240    6.0982440        3004      1   56915.168427200        1978    15.910    21.431     27.726    2.050       2.349           0      131072            0            1    21349828 
   56915.207177200        15.916        0.026        30042010003634  333.4707150    6.0982530   22h13m52.97s   06d05m53.71s      2               0    1.636825e-07         123         123         108        15.905            0.008     15.909         15.910   15.908       15.910    0.018       0.010        21349870003093  333.4707230    6.0982510        3004      1   56915.212587200        1978    15.919    21.545     27.760    1.950       2.084           0      131072            0            1    21349870 
   56914.211977200        15.911        0.027        30042010003634  333.4707150    6.0982530   22h13m52.97s   06d05m53.71s      2               0    1.636825e-07         123         123         108        15.905            0.008     15.909         15.910   15.908       15.910    0.018       0.010        21368151003066  333.4707250    6.0982520        3004      1   56914.217417200        1979    15.906    21.503     27.754    1.950       2.152           0      131072            0            1    21368151 
   56914.166517200        15.897        0.027        30042010003634  333.4707150    6.0982530   22h13m52.97s   06d05m53.71s      2               0    1.636825e-07         123         123         108        15.905            0.008     15.909         15.910   15.908       15.910    0.018       0.010        21368152002802  333.4707310    6.0982430        3004      1   56914.171947200        1979    15.887    21.239     27.723    2.350       2.697           0      131072            0            1    21368152 
   56916.161207200        15.904        0.026        30042010003634  333.4707150    6.0982530   22h13m52.97s   06d05m53.71s      2               0    1.636825e-07         123         123         108        15.905            0.008     15.909         15.910   15.908       15.910    0.018       0.010        21377167002855  333.4707240    6.0982500        3004      1   56916.166597200        1980    15.904    21.351     27.732    2.150       2.319           0      131072            0            1    21377167 
   56916.255277200        15.908        0.026        30042010003634  333.4707150    6.0982530   22h13m52.97s   06d05m53.71s      2               0    1.636825e-07         123         123         108        15.905            0.008     15.909         15.910   15.908       15.910    0.018       0.010        21377180002988  333.4707230    6.0982450        3004      1   56916.260667200        1980    15.911    21.528     27.781    2.050       2.184           0      131072            0            1    21377180 
   56916.268317200        15.902        0.026        30042010003634  333.4707150    6.0982530   22h13m52.97s   06d05m53.71s      2               0    1.636825e-07         123         123         108        15.905            0.008     15.909         15.910   15.908       15.910    0.018       0.010        21377185003108  333.4707240    6.0982490        3004      1   56916.273707200        1980    15.903    21.575     27.783    1.950       2.012           0      131072            0            1    21377185 
   56916.289467200        15.908        0.026        30042010003634  333.4707150    6.0982530   22h13m52.97s   06d05m53.71s      2               0    1.636825e-07         123         123         108        15.905            0.008     15.909         15.910   15.908       15.910    0.018       0.010        21377186003081  333.4707240    6.0982510        3004      1   56916.294857200        1980    15.912    21.618     27.785    1.850       1.922           0      131072            0            1    21377186 
   56916.310567200        15.896        0.026        30042010003634  333.4707150    6.0982530   22h13m52.97s   06d05m53.71s      2               0    1.636825e-07         123         123         108        15.905            0.008     15.909         15.910   15.908       15.910    0.018       0.010        21377187002852  333.4707210    6.0982460        3004      1   56916.315957200        1980    15.899    21.399     27.784    2.150       2.297           0      131072            0            1    21377187 
   56917.160107200        15.921        0.037        30042010003634  333.4707150    6.0982530   22h13m52.97s   06d05m53.71s      2               0    1.636825e-07         123         123         108        15.905            0.008     15.909         15.910   15.908       15.910    0.018       0.010        21394031002591  333.4707240    6.0982460        3004      1   56917.165467200        1981    15.984    21.166     27.717    2.350       2.559           0      131072            0            1    21394031 
   56917.202637200        15.910        0.037        30042010003634  333.4707150    6.0982530   22h13m52.97s   06d05m53.71s      2               0    1.636825e-07         123         123         108        15.905            0.008     15.909         15.910   15.908       15.910    0.018       0.010        21394061002889  333.4707280    6.0982450        3004      1   56917.208007200        1981    15.904    21.239     27.743    2.350       2.345           0      131072            0            1    21394061 
   56921.157007200        15.910        0.029        30042010003634  333.4707150    6.0982530   22h13m52.97s   06d05m53.71s      2               0    1.636825e-07         123         123         108        15.905            0.008     15.909         15.910   15.908       15.910    0.018       0.010        21455215002914  333.4707210    6.0982480        3004      1   56921.162257200        1984    15.904    21.288     27.775    2.450       2.672           0      131072            0            1    21455215 
   56921.199107200        15.907        0.029        30042010003634  333.4707150    6.0982530   22h13m52.97s   06d05m53.71s      2               0    1.636825e-07         123         123         108        15.905            0.008     15.909         15.910   15.908       15.910    0.018       0.010        21455268003166  333.4707240    6.0982510        3004      1   56921.204357200        1984    15.910    21.498     27.815    2.150       2.339           0      131072            0            1    21455268 
   56922.148407200        15.911        0.026        30042010003634  333.4707150    6.0982530   22h13m52.97s   06d05m53.71s      2               0    1.636825e-07         123         123         108        15.905            0.008     15.909         15.910   15.908       15.910    0.018       0.010        21473738003031  333.4707260    6.0982500        3004      1   56922.153617200        1985    15.910    21.427     27.801    2.050       2.314           0      131072            0            1    21473738 
   56922.190627200        15.901        0.026        30042010003634  333.4707150    6.0982530   22h13m52.97s   06d05m53.71s      2               0    1.636825e-07         123         123         108        15.905            0.008     15.909         15.910   15.908       15.910    0.018       0.010        21473779003053  333.4707230    6.0982500        3004      1   56922.195837200        1985    15.903    21.497     27.815    1.950       2.053           0      131072            0            1    21473779 
   56923.147037200        15.912        0.027        30042010003634  333.4707150    6.0982530   22h13m52.97s   06d05m53.71s      2               0    1.636825e-07         123         123         108        15.905            0.008     15.909         15.910   15.908       15.910    0.018       0.010        21492256002803  333.4707270    6.0982490        3004      1   56923.152217200        1986    15.906    21.246     27.803    2.350       2.455           0      131072            0            1    21492256 
   56923.189257200        15.917        0.027        30042010003634  333.4707150    6.0982530   22h13m52.97s   06d05m53.71s      2               0    1.636825e-07         123         123         108        15.905            0.008     15.909         15.910   15.908       15.910    0.018       0.010        21492290002960  333.4707250    6.0982490        3004      1   56923.194437200        1986    15.915    21.388     27.820    2.150       2.168           0      131072            0            1    21492290 
   56924.146027200        15.896        0.026        30042010003634  333.4707150    6.0982530   22h13m52.97s   06d05m53.71s      2               0    1.636825e-07         123         123         108        15.905            0.008     15.909         15.910   15.908       15.910    0.018       0.010        21509815003130  333.4707250    6.0982470        3004      1   56924.151177200        1987    15.896    21.567     27.803    1.850       2.062           0      131072            0            1    21509815 
   56924.188237200        15.914        0.026        30042010003634  333.4707150    6.0982530   22h13m52.97s   06d05m53.71s      2               0    1.636825e-07         123         123         108        15.905            0.008     15.909         15.910   15.908       15.910    0.018       0.010        21509851003140  333.4707250    6.0982470        3004      1   56924.193387200        1987    15.916    21.510     27.816    2.050       2.100           0      131072            0            1    21509851 
   56925.205817200        15.904        0.028        30042010003634  333.4707150    6.0982530   22h13m52.97s   06d05m53.71s      2               0    1.636825e-07         123         123         108        15.905            0.008     15.909         15.910   15.908       15.910    0.018       0.010        21525129003036  333.4707230    6.0982580        3004      1   56925.210927200        1988    15.903    21.571     27.802    1.950       2.013           0      131072            0            1    21525129 
   56925.241247200        15.910        0.028        30042010003634  333.4707150    6.0982530   22h13m52.97s   06d05m53.71s      2               0    1.636825e-07         123         123         108        15.905            0.008     15.909         15.910   15.908       15.910    0.018       0.010        21525157003072  333.4707210    6.0982480        3004      1   56925.246357200        1988    15.916    21.566     27.807    1.950       2.170           0      131072            0            1    21525157 
   56926.140117200        15.907        0.026        30042010003634  333.4707150    6.0982530   22h13m52.97s   06d05m53.71s      2               0    1.636825e-07         123         123         108        15.905            0.008     15.909         15.910   15.908       15.910    0.018       0.010        21534246003112  333.4707240    6.0982510        3004      1   56926.145187200        1989    15.910    21.388     27.782    2.150       2.235           0      131072            0            1    21534246 
   56926.184587200        15.910        0.026        30042010003634  333.4707150    6.0982530   22h13m52.97s   06d05m53.71s      2               0    1.636825e-07         123         123         108        15.905            0.008     15.909         15.910   15.908       15.910    0.018       0.010        21534273003261  333.4707210    6.0982520        3004      1   56926.189657200        1989    15.916    21.570     27.800    1.950       2.044           0      131072            0            1    21534273 
   56927.145887200        15.909        0.032        30042010003634  333.4707150    6.0982530   22h13m52.97s   06d05m53.71s      2               0    1.636825e-07         123         123         108        15.905            0.008     15.909         15.910   15.908       15.910    0.018       0.010        21550500002919  333.4707210    6.0982480        3004      1   56927.150927200        1990    15.887    21.289     27.762    2.350       2.552           0      131072            0            1    21550500 
   56927.194887200        15.922        0.032        30042010003634  333.4707150    6.0982530   22h13m52.97s   06d05m53.71s      2               0    1.636825e-07         123         123         108        15.905            0.008     15.909         15.910   15.908       15.910    0.018       0.010        21550542002885  333.4707200    6.0982530        3004      1   56927.199917200        1990    15.901    21.294     27.779    2.450       2.572           0      131072            0            1    21550542 
   56928.144407200        15.928        0.037        30042010003634  333.4707150    6.0982530   22h13m52.97s   06d05m53.71s      2               0    1.636825e-07         123         123         108        15.905            0.008     15.909         15.910   15.908       15.910    0.018       0.010        21559219002175  333.4707230    6.0982430        3004      1   56928.149397200        1991    15.909    20.749     27.776    3.650       3.788           0      131072            0            1    21559219 
   56928.189587200        15.919        0.037        30042010003634  333.4707150    6.0982530   22h13m52.97s   06d05m53.71s      2               0    1.636825e-07         123         123         108        15.905            0.008     15.909         15.910   15.908       15.910    0.018       0.010        21559259002756  333.4707220    6.0982470        3004      1   56928.194567200        1991    15.905    21.191     27.798    2.550       2.782           0      131072            0            1    21559259 
   56932.129487200        15.913        0.029        30042010003634  333.4707150    6.0982530   22h13m52.97s   06d05m53.71s      2               0    1.636825e-07         123         123         108        15.905            0.008     15.909         15.910   15.908       15.910    0.018       0.010        21608449002481  333.4707250    6.0982490        3004      1   56932.134297200        1995    15.906    21.054     27.769    2.150       2.317           0      131072            0            1    21608449 
   56932.169347200        15.910        0.029        30042010003634  333.4707150    6.0982530   22h13m52.97s   06d05m53.71s      2               0    1.636825e-07         123         123         108        15.905            0.008     15.909         15.910   15.908       15.910    0.018       0.010        21608478002481  333.4707240    6.0982510        3004      1   56932.174157200        1995    15.905    21.072     27.785    2.250       2.336           0      131072            0            1    21608478 
   56933.126827200        15.925        0.028        30042010003634  333.4707150    6.0982530   22h13m52.97s   06d05m53.71s      2               0    1.636825e-07         123         123         108        15.905            0.008     15.909         15.910   15.908       15.910    0.018       0.010        21623449002246  333.4707140    6.0982530        3004      1   56933.131587200        1996    15.933    20.842     27.799    2.350       2.541           0      131072            0            1    21623449 
   56933.163497200        15.897        0.028        30042010003634  333.4707150    6.0982530   22h13m52.97s   06d05m53.71s      2               0    1.636825e-07         123         123         108        15.905            0.008     15.909         15.910   15.908       15.910    0.018       0.010        21623477002261  333.4707210    6.0982480        3004      1   56933.168257200        1996    15.899    20.825     27.806    2.550       2.579           0      131072            0            1    21623477 
   56940.134927200        15.910        0.027        30042010003634  333.4707150    6.0982530   22h13m52.97s   06d05m53.71s      2               0    1.636825e-07         123         123         108        15.905            0.008     15.909         15.910   15.908       15.910    0.018       0.010        21742708002150  333.4707250    6.0982550        3004      1   56940.139307200        2004    15.901    20.787     27.778    2.150       2.252           0      131072            0            1    21742708 
   56940.162287200        15.912        0.027        30042010003634  333.4707150    6.0982530   22h13m52.97s   06d05m53.71s      2               0    1.636825e-07         123         123         108        15.905            0.008     15.909         15.910   15.908       15.910    0.018       0.010        21742742002066  333.4707250    6.0982500        3004      1   56940.166667200        2004    15.906    20.728     27.782    2.250       2.293           0      131072            0            1    21742742 
   56942.198417200        15.888        0.121        30042010003634  333.4707150    6.0982530   22h13m52.97s   06d05m53.71s      2               0    1.636825e-07         123         123         108        15.905            0.008     15.909         15.910   15.908       15.910    0.018       0.010        21772124002635  333.4707240    6.0982510        3004      1   56942.202667200        2006    15.806    21.007     27.672    2.150       2.209           0      131072            0            1    21772124 
   56942.159757200        15.752        0.121        30042010003634  333.4707150    6.0982530   22h13m52.97s   06d05m53.71s      2               0    1.636825e-07         123         123         108        15.905            0.008     15.909         15.910   15.908       15.910    0.018       0.010        21772128001914  333.4707230    6.0982540        3004      1   56942.164007200        2006    15.822    20.868     27.379    2.750       2.974           0      131072            0            1    21772128 
   56943.168457200        15.900        0.062        30042010003634  333.4707150    6.0982530   22h13m52.97s   06d05m53.71s      2               0    1.636825e-07         123         123         108        15.905            0.008     15.909         15.910   15.908       15.910    0.018       0.010        21790064002882  333.4707270    6.0982520        3004      1   56943.172647200        2002    15.901    21.334     27.799    2.450       2.507           0      131072            0            1    21790064 
   56943.133317200        15.905        0.062        30042010003634  333.4707150    6.0982530   22h13m52.97s   06d05m53.71s      2               0    1.636825e-07         123         123         108        15.905            0.008     15.909         15.910   15.908       15.910    0.018       0.010        21790086002818  333.4707230    6.0982510        3004      1   56943.137517200        2002    15.917    21.288     27.795    2.450       2.567           0      131072            0            1    21790086 
   56931.132087200        15.921        0.028        30042010003634  333.4707150    6.0982530   22h13m52.97s   06d05m53.71s      2               0    1.636825e-07         123         123         108        15.905            0.008     15.909         15.910   15.908       15.910    0.018       0.010        22272397002672  333.4707230    6.0982530        3004      1   56931.136937200        1994    15.928    21.167     27.801    2.150       2.232           0      131072            0            1    22272397 
   56931.222357200        15.915        0.028        30042010003634  333.4707150    6.0982530   22h13m52.97s   06d05m53.71s      2               0    1.636825e-07         123         123         108        15.905            0.008     15.909         15.910   15.908       15.910    0.018       0.010        22272438002856  333.4707240    6.0982510        3004      1   56931.227217200        1994    15.918    21.345     27.829    2.050       2.182           0      131072            0            1    22272438 
   56979.199807200        15.900        0.071        30042010003634  333.4707150    6.0982530   22h13m52.97s   06d05m53.71s      2               0    1.636825e-07         123         123         108        15.905            0.008     15.909         15.910   15.908       15.910    0.018       0.010        22306988001658  333.4707230    6.0982530        3004      1   56979.201027200        2035    15.827    20.130     27.442    3.350       3.348           0      131072            0            1    22306988 
   57002.110597200       -18.540        0.007        30042010003634  333.4707150    6.0982530   22h13m52.97s   06d05m53.71s      2               0    1.636825e-07         123         123         108        15.905            0.008     15.909         15.910   15.908       15.910    0.018       0.010        22502771002092  333.4707240    6.0982480        3004      1   57002.109587200        2056   -11.635      null     99.990    2.250       2.334           0      131072            0            1    22502771 
   56986.199597200        15.918        0.045        30042010003634  333.4707150    6.0982530   22h13m52.97s   06d05m53.71s      2               0    1.636825e-07         123         123         108        15.905            0.008     15.909         15.910   15.908       15.910    0.018       0.010        22911830001984  333.4707170    6.0982450        3004      1   56986.200147200        2042    15.906    20.617     27.726    3.250       3.312           0      131072            0            1    22911830 
   56986.081317200        15.914        0.045        30042010003634  333.4707150    6.0982530   22h13m52.97s   06d05m53.71s      2               0    1.636825e-07         123         123         108        15.905            0.008     15.909         15.910   15.908       15.910    0.018       0.010        22911863001782  333.4707130    6.0982490        3004      1   56986.081877200        2042    15.894    20.426     27.717    3.850       3.841           0      131072            0            1    22911863 
   56987.077107200        15.907        0.034        30042010003634  333.4707150    6.0982530   22h13m52.97s   06d05m53.71s      2               0    1.636825e-07         123         123         108        15.905            0.008     15.909         15.910   15.908       15.910    0.018       0.010        22933850002234  333.4707220    6.0982470        3004      1   56987.077567200        2043    15.909    20.864     27.781    2.750       2.898           0      131072            0            1    22933850 
   56987.181827200        15.922        0.034        30042010003634  333.4707150    6.0982530   22h13m52.97s   06d05m53.71s      2               0    1.636825e-07         123         123         108        15.905            0.008     15.909         15.910   15.908       15.910    0.018       0.010        22933936002053  333.4707190    6.0982480        3004      1   56987.182277200        2043    15.905    20.695     27.733    3.050       3.025           0      131072            0            1    22933936 
   56981.084637200        15.907        0.063        30042010003634  333.4707150    6.0982530   22h13m52.97s   06d05m53.71s      2               0    1.636825e-07         123         123         108        15.905            0.008     15.909         15.910   15.908       15.910    0.018       0.010        23050017001227  333.4707070    6.0982670        3004      1   56981.085687200        2037    17.313    21.133     27.683    1.950       2.165           0      131072            0            1    23050017 
   56981.187717200        15.906        0.061        30042010003634  333.4707150    6.0982530   22h13m52.97s   06d05m53.71s      2               0    1.636825e-07         123         123         108        15.905            0.008     15.909         15.910   15.908       15.910    0.018       0.010        23050034002490  333.4707220    6.0982490        3004      1   56981.188757200        2037    15.892    21.054     27.734    2.450       2.514           0      131072            0            1    23050034 
   56984.083287200        15.893        0.218        30042010003634  333.4707150    6.0982530   22h13m52.97s   06d05m53.71s      2               0    1.636825e-07         123         123         108        15.905            0.008     15.909         15.910   15.908       15.910    0.018       0.010        23059008001779  333.4707240    6.0982510        3004      1   56984.084047200        2040    15.915    20.365     27.400    2.850       2.868           0      131072            0            1    23059008 
   56984.187197200        15.906        0.217        30042010003634  333.4707150    6.0982530   22h13m52.97s   06d05m53.71s      2               0    1.636825e-07         123         123         108        15.905            0.008     15.909         15.910   15.908       15.910    0.018       0.010        23059025001878  333.4707320    6.0982510        3004      1   56984.187947200        2040    15.980    20.582     27.719    3.550       3.605           0      131072            0            1    23059025 
   56985.082027200        15.931        0.181        30042010003634  333.4707150    6.0982530   22h13m52.97s   06d05m53.71s      2               0    1.636825e-07         123         123         108        15.905            0.008     15.909         15.910   15.908       15.910    0.018       0.010        23067560001264  333.4707240    6.0982590        3004      1   56985.082687200        2041    15.784    19.569     27.055    3.650       3.902           0      131072            0            1    23067560 
   56985.182397200        15.885        0.190        30042010003634  333.4707150    6.0982530   22h13m52.97s   06d05m53.71s      2               0    1.636825e-07         123         123         108        15.905            0.008     15.909         15.910   15.908       15.910    0.018       0.010        23067574000504  333.4706530    6.0983230        3004      1   56985.183047200        2041    17.448    19.069     26.919    3.250       4.144           0      131072            0            1    23067574 
