   55783.450517200        18.342        0.033        35212060007766  338.8631860   16.4691800   22h35m27.16s   16d28m09.05s      2               0    7.011128e-07         134         125         112        18.324            0.008     18.346         18.348   18.345       18.345    0.050       0.038        10358099001996  338.8631850   16.4691730        3521      6   55783.455047200         881    18.345    21.778     27.595    2.050       2.288           0      131074            0            1    10358099 
   55794.417557200        18.368        0.080        35212060007766  338.8631860   16.4691800   22h35m27.16s   16d28m09.05s      2               0    7.011128e-07         134         125         112        18.324            0.008     18.346         18.348   18.345       18.345    0.050       0.038        10379479001032  338.8631940   16.4691650        3521      6   55794.422517200         892    19.042    20.905     27.532    2.150       2.255           0      131072            0            1    10379479 
   55794.374747200        18.558        0.144        35212060007766  338.8631860   16.4691800   22h35m27.16s   16d28m09.05s      2               0    7.011128e-07         134         125         112        18.324            0.008     18.346         18.348   18.345       18.345    0.050       0.038        10379521000645  338.8632030   16.4691680        3521      6   55794.379707200         892    19.983    20.767     27.529    2.050       2.126           0      131072            0            1    10379521 
   55821.364667200        18.315        0.041        35212060007766  338.8631860   16.4691800   22h35m27.16s   16d28m09.05s      2               0    7.011128e-07         134         125         112        18.324            0.008     18.346         18.348   18.345       18.345    0.050       0.038        10510076001415  338.8631980   16.4692110        3521      6   55821.369947200         919    18.321    20.954     27.552    2.050       2.134           0      131074            0            1    10510076 
   55821.319317200        18.380        0.040        35212060007766  338.8631860   16.4691800   22h35m27.16s   16d28m09.05s      2               0    7.011128e-07         134         125         112        18.324            0.008     18.346         18.348   18.345       18.345    0.050       0.038        10510105001451  338.8631920   16.4691880        3521      6   55821.324607200         919    18.382    20.941     27.560    2.250       2.288           0      131074            0            1    10510105 
   55471.200687200        18.354        0.034        35212060007766  338.8631860   16.4691800   22h35m27.16s   16d28m09.05s      2               0    7.011128e-07         134         125         112        18.324            0.008     18.346         18.348   18.345       18.345    0.050       0.038        10797714001997  338.8631820   16.4691680        3521      6   55471.205667200         562    18.360    21.661     27.683    2.050       2.380           0      131072            0            1    10797714 
   55471.244407200        18.357        0.034        35212060007766  338.8631860   16.4691800   22h35m27.16s   16d28m09.05s      2               0    7.011128e-07         134         125         112        18.324            0.008     18.346         18.348   18.345       18.345    0.050       0.038        10797892002014  338.8631740   16.4691720        3521      6   55471.249397200         562    18.359    21.657     27.679    2.050       2.119           0      131072            0            1    10797892 
   55483.166527200        18.351        0.034        35212060007766  338.8631860   16.4691800   22h35m27.16s   16d28m09.05s      2               0    7.011128e-07         134         125         112        18.324            0.008     18.346         18.348   18.345       18.345    0.050       0.038        10855226001903  338.8631980   16.4691760        3521      6   55483.171037200         577    18.364    21.549     27.681    1.950       2.122           0      131072            0            1    10855226 
   55483.122857200        18.284        0.034        35212060007766  338.8631860   16.4691800   22h35m27.16s   16d28m09.05s      2               0    7.011128e-07         134         125         112        18.324            0.008     18.346         18.348   18.345       18.345    0.050       0.038        10855267001831  338.8632150   16.4691760        3521      6   55483.127367200         577    18.292    21.434     27.665    2.050       2.287           0      131072            0            1    10855267 
   55443.230767200        18.330        0.033        35212060007766  338.8631860   16.4691800   22h35m27.16s   16d28m09.05s      2               0    7.011128e-07         134         125         112        18.324            0.008     18.346         18.348   18.345       18.345    0.050       0.038        10907901002037  338.8631890   16.4691830        3521      6   55443.236027200         538    18.331    21.610     27.667    2.150       2.405           0      131072            0            1    10907901 
   55443.185917200        18.353        0.036        35212060007766  338.8631860   16.4691800   22h35m27.16s   16d28m09.05s      2               0    7.011128e-07         134         125         112        18.324            0.008     18.346         18.348   18.345       18.345    0.050       0.038        10907909001778  338.8631990   16.4691890        3521      6   55443.191177200         538    18.360    21.313     27.639    2.450       2.730           0      131075            0            1    10907909 
   55446.312747200        18.381        0.035        35212060007766  338.8631860   16.4691800   22h35m27.16s   16d28m09.05s      2               0    7.011128e-07         134         125         112        18.324            0.008     18.346         18.348   18.345       18.345    0.050       0.038        10913961002171  338.8631710   16.4691700        3521      6   55446.318037200         541    18.385    21.885     27.683    1.850       1.934           0      131072            0            1    10913961 
   55446.269397200        18.329        0.035        35212060007766  338.8631860   16.4691800   22h35m27.16s   16d28m09.05s      2               0    7.011128e-07         134         125         112        18.324            0.008     18.346         18.348   18.345       18.345    0.050       0.038        10914006002143  338.8631940   16.4691660        3521      6   55446.274687200         541    18.334    21.807     27.680    1.950       2.107           0      131072            0            1    10914006 
   55452.163847200        18.336        0.033        35212060007766  338.8631860   16.4691800   22h35m27.16s   16d28m09.05s      2               0    7.011128e-07         134         125         112        18.324            0.008     18.346         18.348   18.345       18.345    0.050       0.038        10934490001883  338.8632170   16.4691890        3521      6   55452.169147200         547    18.342    21.321     27.681    2.150       2.324           0      131072            0            1    10934490 
   55452.206587200        18.365        0.032        35212060007766  338.8631860   16.4691800   22h35m27.16s   16d28m09.05s      2               0    7.011128e-07         134         125         112        18.324            0.008     18.346         18.348   18.345       18.345    0.050       0.038        10934602002031  338.8631970   16.4691750        3521      6   55452.211887200         547    18.376    21.548     27.697    2.150       2.460           0      131072            0            1    10934602 
   55467.310857200        18.349        0.047        35212060007766  338.8631860   16.4691800   22h35m27.16s   16d28m09.05s      2               0    7.011128e-07         134         125         112        18.324            0.008     18.346         18.348   18.345       18.345    0.050       0.038        11077051001688  338.8631940   16.4691690        3521      6   55467.315957200         560    18.335    21.232     27.637    1.950       2.227           0      131072            0            1    11077051 
   55468.221587200        18.287        0.263        35212060007766  338.8631860   16.4691800   22h35m27.16s   16d28m09.05s      2               0    7.011128e-07         134         125         112        18.324            0.008     18.346         18.348   18.345       18.345    0.050       0.038        11077897001894  338.8631880   16.4691690        3521      6   55468.226657200         558    18.280    21.509     27.642    2.050       2.217           0      131072            0            1    11077897 
   55416.200397200        18.273        0.183        35212060007766  338.8631860   16.4691800   22h35m27.16s   16d28m09.05s      2               0    7.011128e-07         134         125         112        18.324            0.008     18.346         18.348   18.345       18.345    0.050       0.038        11121300001052  338.8631760   16.4692010        3521      6   55416.204827200         515    18.572    20.558     26.564    3.050       4.195           0      131072            0            1    11121300 
   55416.243347200        18.339        0.179        35212060007766  338.8631860   16.4691800   22h35m27.16s   16d28m09.05s      2               0    7.011128e-07         134         125         112        18.324            0.008     18.346         18.348   18.345       18.345    0.050       0.038        11121435001178  338.8631850   16.4691920        3521      6   55416.247777200         515    18.471    20.706     26.580    2.950       3.101           0      131072            0            1    11121435 
   55422.369597200        18.331        0.031        35212060007766  338.8631860   16.4691800   22h35m27.16s   16d28m09.05s      2               0    7.011128e-07         134         125         112        18.324            0.008     18.346         18.348   18.345       18.345    0.050       0.038        11149883002173  338.8631660   16.4691690        3521      6   55422.374307200         521    18.327    21.891     27.712    2.050       2.251           0      131072            0            1    11149883 
   55422.414337200        18.395        0.032        35212060007766  338.8631860   16.4691800   22h35m27.16s   16d28m09.05s      2               0    7.011128e-07         134         125         112        18.324            0.008     18.346         18.348   18.345       18.345    0.050       0.038        11150030002078  338.8631780   16.4691870        3521      6   55422.419057200         521    18.391    21.814     27.707    2.150       2.238           0      131072            0            1    11150030 
   55429.226357200        18.332        0.038        35212060007766  338.8631860   16.4691800   22h35m27.16s   16d28m09.05s      2               0    7.011128e-07         134         125         112        18.324            0.008     18.346         18.348   18.345       18.345    0.050       0.038        11192864001498  338.8631700   16.4691920        3521      6   55429.231317200         528    18.329    20.938     27.655    2.050       1.976           0      131072            0            1    11192864 
   55429.183207200        18.243        0.044        35212060007766  338.8631860   16.4691800   22h35m27.16s   16d28m09.05s      2               0    7.011128e-07         134         125         112        18.324            0.008     18.346         18.348   18.345       18.345    0.050       0.038        11193056001267  338.8631840   16.4691530        3521      6   55429.188167200         528    18.235    20.641     27.606    2.250       2.553           0      131072            0            1    11193056 
   55426.169847200        18.410        0.078        35212060007766  338.8631860   16.4691800   22h35m27.16s   16d28m09.05s      2               0    7.011128e-07         134         125         112        18.324            0.008     18.346         18.348   18.345       18.345    0.050       0.038        11198477001252  338.8631690   16.4691600        3521      6   55426.174707200         525    18.262    20.232     27.357    3.350       3.616           0      131072            0            1    11198477 
   55436.224917200        18.404        0.050        35212060007766  338.8631860   16.4691800   22h35m27.16s   16d28m09.05s      2               0    7.011128e-07         134         125         112        18.324            0.008     18.346         18.348   18.345       18.345    0.050       0.038        11208936001274  338.8631860   16.4691850        3521      6   55436.230067200         609    18.387    20.534     27.657    2.450       2.523           0      131072            0            1    11208936 
   55436.176617200        18.342        0.052        35212060007766  338.8631860   16.4691800   22h35m27.16s   16d28m09.05s      2               0    7.011128e-07         134         125         112        18.324            0.008     18.346         18.348   18.345       18.345    0.050       0.038        11209154001120  338.8632010   16.4691560        3521      6   55436.181767200         609    18.328    20.329     27.619    2.850       3.718           0      131072            0            1    11209154 
   55439.224367200        18.355        0.035        35212060007766  338.8631860   16.4691800   22h35m27.16s   16d28m09.05s      2               0    7.011128e-07         134         125         112        18.324            0.008     18.346         18.348   18.345       18.345    0.050       0.038        11224411001919  338.8631980   16.4691820        3521      6   55439.229567200         534    18.354    21.482     27.670    2.050       2.384           0      131072            0            1    11224411 
   55439.179857200        18.355        0.035        35212060007766  338.8631860   16.4691800   22h35m27.16s   16d28m09.05s      2               0    7.011128e-07         134         125         112        18.324            0.008     18.346         18.348   18.345       18.345    0.050       0.038        11224453001775  338.8632030   16.4691710        3521      6   55439.185067200         534    18.352    21.289     27.630    2.450       2.629           0      131072            0            1    11224453 
   55382.429197200        18.304        0.033        35212060007766  338.8631860   16.4691800   22h35m27.16s   16d28m09.05s      2               0    7.011128e-07         134         125         112        18.324            0.008     18.346         18.348   18.345       18.345    0.050       0.038        11240307001871  338.8631980   16.4691870        3521      6   55382.431397200         481    18.308    21.480     27.707    2.150       2.408           0      131072            0            1    11240307 
   55382.386187200        18.347        0.034        35212060007766  338.8631860   16.4691800   22h35m27.16s   16d28m09.05s      2               0    7.011128e-07         134         125         112        18.324            0.008     18.346         18.348   18.345       18.345    0.050       0.038        11240321001799  338.8632050   16.4691540        3521      6   55382.388377200         481    18.358    21.362     27.695    2.250       2.502           0      131072            0            1    11240321 
   55387.460507200        18.369        0.127        35212060007766  338.8631860   16.4691800   22h35m27.16s   16d28m09.05s      2               0    7.011128e-07         134         125         112        18.324            0.008     18.346         18.348   18.345       18.345    0.050       0.038        11259398002117  338.8631690   16.4691870        3521      6   55387.463097200         486    18.163    21.423     27.465    2.250       2.391           0      131072            0            1    11259398 
   55387.412087200        18.346        0.126        35212060007766  338.8631860   16.4691800   22h35m27.16s   16d28m09.05s      2               0    7.011128e-07         134         125         112        18.324            0.008     18.346         18.348   18.345       18.345    0.050       0.038        11259482002314  338.8631710   16.4691620        3521      6   55387.414667200         486    18.240    21.894     27.561    1.850       2.025           0      131072            0            1    11259482 
   55349.467407200        18.313        0.064        35212060007766  338.8631860   16.4691800   22h35m27.16s   16d28m09.05s      2               0    7.011128e-07         134         125         112        18.324            0.008     18.346         18.348   18.345       18.345    0.050       0.038        11335202001543  338.8631960   16.4691830        3521      6   55349.466757200         449    18.340    20.878     27.716    2.450       2.532           0      131072            0            1    11335202 
   55419.358367200        18.211        0.280        35212060007766  338.8631860   16.4691800   22h35m27.16s   16d28m09.05s      2               0    7.011128e-07         134         125         112        18.324            0.008     18.346         18.348   18.345       18.345    0.050       0.038        11390000001452  338.8631820   16.4692010        3521      6   55419.362947200         518    18.137    21.085     26.717    2.250       2.566           0      131072            0            1    11390000 
   55419.401647200        18.387        0.280        35212060007766  338.8631860   16.4691800   22h35m27.16s   16d28m09.05s      2               0    7.011128e-07         134         125         112        18.324            0.008     18.346         18.348   18.345       18.345    0.050       0.038        11390163001376  338.8631810   16.4691860        3521      6   55419.406227200         518    18.362    21.056     26.745    2.450       2.503           0      131072            0            1    11390163 
   55364.433677200        18.370        0.035        35212060007766  338.8631860   16.4691800   22h35m27.16s   16d28m09.05s      2               0    7.011128e-07         134         125         112        18.324            0.008     18.346         18.348   18.345       18.345    0.050       0.038        11392766001929  338.8631700   16.4691920        3521      6   55364.434347200         463    18.362    21.534     27.699    2.450       2.593           0      131074            0            1    11392766 
   55364.386147200        18.322        0.035        35212060007766  338.8631860   16.4691800   22h35m27.16s   16d28m09.05s      2               0    7.011128e-07         134         125         112        18.324            0.008     18.346         18.348   18.345       18.345    0.050       0.038        11392768001808  338.8632000   16.4691870        3521      6   55364.386807200         463    18.311    21.397     27.668    2.550       2.744           0      131074            0            1    11392768 
   55369.460177200        18.302        0.032        35212060007766  338.8631860   16.4691800   22h35m27.16s   16d28m09.05s      2               0    7.011128e-07         134         125         112        18.324            0.008     18.346         18.348   18.345       18.345    0.050       0.038        11409159002092  338.8631950   16.4691680        3521      6   55369.461277200         468    18.302    21.751     27.710    2.050       2.232           0      131072            0            1    11409159 
   55372.400097200        18.354        0.040        35212060007766  338.8631860   16.4691800   22h35m27.16s   16d28m09.05s      2               0    7.011128e-07         134         125         112        18.324            0.008     18.346         18.348   18.345       18.345    0.050       0.038        11410845001455  338.8631920   16.4691530        3521      6   55372.401447200         471    18.352    20.944     27.713    2.150       2.280           0      131072            0            1    11410845 
   55372.356507200        18.335        0.045        35212060007766  338.8631860   16.4691800   22h35m27.16s   16d28m09.05s      2               0    7.011128e-07         134         125         112        18.324            0.008     18.346         18.348   18.345       18.345    0.050       0.038        11410908001245  338.8631540   16.4691900        3521      6   55372.357857200         471    18.337    20.554     27.682    2.650       2.843           0      131072            0            1    11410908 
   55371.453437200        18.342        0.031        35212060007766  338.8631860   16.4691800   22h35m27.16s   16d28m09.05s      2               0    7.011128e-07         134         125         112        18.324            0.008     18.346         18.348   18.345       18.345    0.050       0.038        11413178002070  338.8632070   16.4691680        3521      6   55371.454717200         470    18.345    21.570     27.734    2.050       2.343           0      131072            0            1    11413178 
   55370.457827200        18.356        0.030        35212060007766  338.8631860   16.4691800   22h35m27.16s   16d28m09.05s      2               0    7.011128e-07         134         125         112        18.324            0.008     18.346         18.348   18.345       18.345    0.050       0.038        11415556002143  338.8631860   16.4691780        3521      6   55370.459017200         469    18.370    21.830     27.735    2.050       2.158           0      131072            0            1    11415556 
   55377.357017200        18.279        0.045        35212060007766  338.8631860   16.4691800   22h35m27.16s   16d28m09.05s      2               0    7.011128e-07         134         125         112        18.324            0.008     18.346         18.348   18.345       18.345    0.050       0.038        11430484001251  338.8631670   16.4692060        3521      6   55377.358787200         476    18.276    20.642     27.667    2.450       2.498           0      131072            0            1    11430484 
   55377.401227200        18.376        0.044        35212060007766  338.8631860   16.4691800   22h35m27.16s   16d28m09.05s      2               0    7.011128e-07         134         125         112        18.324            0.008     18.346         18.348   18.345       18.345    0.050       0.038        11430516001319  338.8631650   16.4691960        3521      6   55377.403007200         476    18.375    20.716     27.687    2.450       2.735           0      131072            0            1    11430516 
   55137.187677200        18.317        0.051        35212060007766  338.8631860   16.4691800   22h35m27.16s   16d28m09.05s      2               0    7.011128e-07         134         125         112        18.324            0.008     18.346         18.348   18.345       18.345    0.050       0.038        11784938001162  338.8631110   16.4691540        3521      6   55137.191017200         244    18.299    20.525     27.741    2.350       2.549           0      131072            0            1    11784938 
   55138.179157200        18.372        0.057        35212060007766  338.8631860   16.4691800   22h35m27.16s   16d28m09.05s      2               0    7.011128e-07         134         125         112        18.324            0.008     18.346         18.348   18.345       18.345    0.050       0.038        11788423001215  338.8631200   16.4691580        3521      6   55138.182427200         245    18.363    20.468     27.743    2.650       2.864           0      131072            0            1    11788423 
   55142.163267200        18.332        0.036        35212060007766  338.8631860   16.4691800   22h35m27.16s   16d28m09.05s      2               0    7.011128e-07         134         125         112        18.324            0.008     18.346         18.348   18.345       18.345    0.050       0.038        11792873001919  338.8631780   16.4691620        3521      6   55142.166237200         282    18.318    21.477     27.736    2.250       2.499           0      131074            0            1    11792873 
   55142.118957200        18.436        0.037        35212060007766  338.8631860   16.4691800   22h35m27.16s   16d28m09.05s      2               0    7.011128e-07         134         125         112        18.324            0.008     18.346         18.348   18.345       18.345    0.050       0.038        11792976001899  338.8631770   16.4691830        3521      6   55142.121927200         282    18.419    21.326     27.726    2.450       2.493           0      131072            0            1    11792976 
   55123.223387200        18.379        0.034        35212060007766  338.8631860   16.4691800   22h35m27.16s   16d28m09.05s      2               0    7.011128e-07         134         125         112        18.324            0.008     18.346         18.348   18.345       18.345    0.050       0.038        11812972001671  338.8631610   16.4691840        3521      6   55123.227627200         232    18.386    21.530     27.769    2.250       2.365           0      131072            0            1    11812972 
   55045.207707200        18.304        0.051        35212060007766  338.8631860   16.4691800   22h35m27.16s   16d28m09.05s      2               0    7.011128e-07         134         125         112        18.324            0.008     18.346         18.348   18.345       18.345    0.050       0.038        11857617000991  338.8631250   16.4691590        3521      6   55045.211847200         159    18.305    20.100     27.158    3.150       3.596           0      131072            0            1    11857617 
   55045.289337200        18.314        0.036        35212060007766  338.8631860   16.4691800   22h35m27.16s   16d28m09.05s      2               0    7.011128e-07         134         125         112        18.324            0.008     18.346         18.348   18.345       18.345    0.050       0.038        11857630001444  338.8631480   16.4691490        3521      6   55045.293477200         159    18.319    20.967     27.262    2.050       2.095           0      131072            0            1    11857630 
   55049.426157200        18.317        0.053        35212060007766  338.8631860   16.4691800   22h35m27.16s   16d28m09.05s      2               0    7.011128e-07         134         125         112        18.324            0.008     18.346         18.348   18.345       18.345    0.050       0.038        11863980001009  338.8631590   16.4691300        3521      6   55049.430517200         163    18.315    20.192     27.280    2.150       2.123           0      131072            0            1    11863980 
   55054.221717200        18.391        0.075        35212060007766  338.8631860   16.4691800   22h35m27.16s   16d28m09.05s      2               0    7.011128e-07         134         125         112        18.324            0.008     18.346         18.348   18.345       18.345    0.050       0.038        11869211000885  338.8631290   16.4691530        3521      6   55054.226297200         168    18.364    19.934     27.075    3.350       4.528           0      131075            0            1    11869211 
   55066.328927200        18.318        0.034        35212060007766  338.8631860   16.4691800   22h35m27.16s   16d28m09.05s      2               0    7.011128e-07         134         125         112        18.324            0.008     18.346         18.348   18.345       18.345    0.050       0.038        11884713002029  338.8631250   16.4691220        3521      6   55066.333957200         180    18.292    21.672     27.187    1.850       1.829           0      131072            0            1    11884713 
   55066.284507200        18.355        0.034        35212060007766  338.8631860   16.4691800   22h35m27.16s   16d28m09.05s      2               0    7.011128e-07         134         125         112        18.324            0.008     18.346         18.348   18.345       18.345    0.050       0.038        11884730001957  338.8631340   16.4691310        3521      6   55066.289537200         180    18.354    21.748     27.168    1.650       1.774           0      131072            0            1    11884730 
   55061.271507200        18.340        0.032        35212060007766  338.8631860   16.4691800   22h35m27.16s   16d28m09.05s      2               0    7.011128e-07         134         125         112        18.324            0.008     18.346         18.348   18.345       18.345    0.050       0.038        11894894001969  338.8631530   16.4691350        3521      6   55061.276377200         175    18.336    21.556     27.265    2.050       2.081           0      131072            0            1    11894894 
   55061.369177200        18.353        0.031        35212060007766  338.8631860   16.4691800   22h35m27.16s   16d28m09.05s      2               0    7.011128e-07         134         125         112        18.324            0.008     18.346         18.348   18.345       18.345    0.050       0.038        11894918002054  338.8631410   16.4691330        3521      6   55061.374047200         175    18.353    21.640     27.264    2.150       2.142           0      131074            0            1    11894918 
   55056.350197200        18.323        0.033        35212060007766  338.8631860   16.4691800   22h35m27.16s   16d28m09.05s      2               0    7.011128e-07         134         125         112        18.324            0.008     18.346         18.348   18.345       18.345    0.050       0.038        11901129001635  338.8631550   16.4691590        3521      6   55056.354877200         170    18.324    21.140     27.254    2.250       2.257           0      131072            0            1    11901129 
   55056.268047200        18.385        0.035        35212060007766  338.8631860   16.4691800   22h35m27.16s   16d28m09.05s      2               0    7.011128e-07         134         125         112        18.324            0.008     18.346         18.348   18.345       18.345    0.050       0.038        11901140001650  338.8631540   16.4691500        3521      6   55056.272717200         170    18.384    21.242     27.230    2.150       2.289           0      131072            0            1    11901140 
   55019.451217200        18.316        0.056        35212060007766  338.8631860   16.4691800   22h35m27.16s   16d28m09.05s      2               0    7.011128e-07         134         125         112        18.324            0.008     18.346         18.348   18.345       18.345    0.050       0.038        11910204001210  338.8631450   16.4691510        3521      6   55019.453587200         133    18.256    20.369     27.138    2.350       2.755           0      131072            0            1    11910204 
   55019.390137200        18.344        0.057        35212060007766  338.8631860   16.4691800   22h35m27.16s   16d28m09.05s      2               0    7.011128e-07         134         125         112        18.324            0.008     18.346         18.348   18.345       18.345    0.050       0.038        11910250001183  338.8631330   16.4691540        3521      6   55019.392507200         133    18.287    20.292     27.121    2.350       2.632           0      131072            0            1    11910250 
   55087.280887200        18.342        0.030        35212060007766  338.8631860   16.4691800   22h35m27.16s   16d28m09.05s      2               0    7.011128e-07         134         125         112        18.324            0.008     18.346         18.348   18.345       18.345    0.050       0.038        11916868001901  338.8631660   16.4691720        3521      6   55087.286197200         199    18.337    21.661     27.268    1.950       1.928           0      131072            0            1    11916868 
   55087.325037200        18.318        0.030        35212060007766  338.8631860   16.4691800   22h35m27.16s   16d28m09.05s      2               0    7.011128e-07         134         125         112        18.324            0.008     18.346         18.348   18.345       18.345    0.050       0.038        11916882001825  338.8631680   16.4691900        3521      6   55087.330337200         199    18.317    21.543     27.264    2.150       2.212           0      131074            0            1    11916882 
   55032.282817200        18.494        0.106        35212060007766  338.8631860   16.4691800   22h35m27.16s   16d28m09.05s      2               0    7.011128e-07         134         125         112        18.324            0.008     18.346         18.348   18.345       18.345    0.050       0.038        11955700000723  338.8632240   16.4691720        3521      6   55032.286137200         146    20.067    20.958     27.107    2.250       2.259           0      131072            0            1    11955700 
   55031.383737200        18.365        0.033        35212060007766  338.8631860   16.4691800   22h35m27.16s   16d28m09.05s      2               0    7.011128e-07         134         125         112        18.324            0.008     18.346         18.348   18.345       18.345    0.050       0.038        11957715001894  338.8631580   16.4691320        3521      6   55031.387007200         145    18.365    21.620     27.195    1.950       2.011           0      131075            0            1    11957715 
   55039.420947200        18.359        0.035        35212060007766  338.8631860   16.4691800   22h35m27.16s   16d28m09.05s      2               0    7.011128e-07         134         125         112        18.324            0.008     18.346         18.348   18.345       18.345    0.050       0.038        11985720001896  338.8631430   16.4691290        3521      6   55039.424747200         153    18.325    21.536     27.191    2.150       2.088           0      131072            0            1    11985720 
   55039.376907200        18.347        0.035        35212060007766  338.8631860   16.4691800   22h35m27.16s   16d28m09.05s      2               0    7.011128e-07         134         125         112        18.324            0.008     18.346         18.348   18.345       18.345    0.050       0.038        11985816001884  338.8631490   16.4691320        3521      6   55039.380697200         153    18.309    21.548     27.168    2.050       2.053           0      131072            0            1    11985816 
   55498.219327200        18.375        0.194        35212060007766  338.8631860   16.4691800   22h35m27.16s   16d28m09.05s      2               0    7.011128e-07         134         125         112        18.324            0.008     18.346         18.348   18.345       18.345    0.050       0.038        12782467001455  338.8632070   16.4691950        3521      6   55498.222967200         593    18.628    21.125     27.613    2.150       2.225           0      131072            0            1    12782467 
   55498.274697200        18.329        0.193        35212060007766  338.8631860   16.4691800   22h35m27.16s   16d28m09.05s      2               0    7.011128e-07         134         125         112        18.324            0.008     18.346         18.348   18.345       18.345    0.050       0.038        12782853001772  338.8632210   16.4691940        3521      6   55498.278327200         593    18.247    21.221     27.593    2.050       2.328           0      131072            0            1    12782853 
   55458.418447200        18.348        0.039        35212060007766  338.8631860   16.4691800   22h35m27.16s   16d28m09.05s      2               0    7.011128e-07         134         125         112        18.324            0.008     18.346         18.348   18.345       18.345    0.050       0.038        12794528001528  338.8631920   16.4691930        3521      6   55458.423707200         553    18.343    20.977     27.653    2.250       2.399           0      131072            0            1    12794528 
   55458.351667200        18.324        0.043        35212060007766  338.8631860   16.4691800   22h35m27.16s   16d28m09.05s      2               0    7.011128e-07         134         125         112        18.324            0.008     18.346         18.348   18.345       18.345    0.050       0.038        12794684001384  338.8631890   16.4692010        3521      6   55458.356927200         553    18.324    20.888     27.681    2.150       2.313           0      131072            0            1    12794684 
   55480.170497200        18.321        0.033        35212060007766  338.8631860   16.4691800   22h35m27.16s   16d28m09.05s      2               0    7.011128e-07         134         125         112        18.324            0.008     18.346         18.348   18.345       18.345    0.050       0.038        12807417001872  338.8632000   16.4691870        3521      6   55480.175147200         574    18.326    21.385     27.674    2.150       2.403           0      131074            0            1    12807417 
   55480.128187200        18.298        0.032        35212060007766  338.8631860   16.4691800   22h35m27.16s   16d28m09.05s      2               0    7.011128e-07         134         125         112        18.324            0.008     18.346         18.348   18.345       18.345    0.050       0.038        12807432001870  338.8632150   16.4691920        3521      6   55480.132837200         574    18.310    21.438     27.656    2.150       2.543           0      131072            0            1    12807432 
   56202.157977200        18.414        0.049        35212060007766  338.8631860   16.4691800   22h35m27.16s   16d28m09.05s      2               0    7.011128e-07         134         125         112        18.324            0.008     18.346         18.348   18.345       18.345    0.050       0.038        14273037001203  338.8631810   16.4691940        3521      6   56202.162947200        1299    18.437    20.730     27.693    2.050       2.004           0      131072            0            1    14273037 
   56202.128807200        18.275        0.047        35212060007766  338.8631860   16.4691800   22h35m27.16s   16d28m09.05s      2               0    7.011128e-07         134         125         112        18.324            0.008     18.346         18.348   18.345       18.345    0.050       0.038        14273040001206  338.8631490   16.4691930        3521      6   56202.133787200        1299    18.291    20.648     27.678    2.250       2.357           0      131072            0            1    14273040 
   56202.187427200        18.383        0.050        35212060007766  338.8631860   16.4691800   22h35m27.16s   16d28m09.05s      2               0    7.011128e-07         134         125         112        18.324            0.008     18.346         18.348   18.345       18.345    0.050       0.038        14273073001192  338.8631900   16.4691880        3521      6   56202.192407200        1299    18.394    20.646     27.703    2.350       2.545           0      131072            0            1    14273073 
   56204.112797200        18.462        0.411        35212060007766  338.8631860   16.4691800   22h35m27.16s   16d28m09.05s      2               0    7.011128e-07         134         125         112        18.324            0.008     18.346         18.348   18.345       18.345    0.050       0.038        14315356000912  338.8631520   16.4691850        3521      6   56204.117707200        1301    19.074    20.548     27.466    2.650       3.095           0      131072            0            1    14315356 
   56204.143157200        18.296        0.408        35212060007766  338.8631860   16.4691800   22h35m27.16s   16d28m09.05s      2               0    7.011128e-07         134         125         112        18.324            0.008     18.346         18.348   18.345       18.345    0.050       0.038        14315379001180  338.8632400   16.4691790        3521      6   56204.148067200        1301    18.649    20.760     27.433    2.350       2.672           0      131072            0            1    14315379 
   56204.173637200        18.365        0.407        35212060007766  338.8631860   16.4691800   22h35m27.16s   16d28m09.05s      2               0    7.011128e-07         134         125         112        18.324            0.008     18.346         18.348   18.345       18.345    0.050       0.038        14315404001515  338.8632140   16.4691800        3521      6   56204.178537200        1301    18.049    20.709     27.374    2.450       2.745           0      131072            0            1    14315404 
   56206.113627200        18.351        0.106        35212060007766  338.8631860   16.4691800   22h35m27.16s   16d28m09.05s      2               0    7.011128e-07         134         125         112        18.324            0.008     18.346         18.348   18.345       18.345    0.050       0.038        14340592001709  338.8632050   16.4691970        3521      6   56206.118457200        1303    18.381    21.239     27.730    2.650       2.728           0      131074            0            1    14340592 
   56206.149307200        18.342        0.105        35212060007766  338.8631860   16.4691800   22h35m27.16s   16d28m09.05s      2               0    7.011128e-07         134         125         112        18.324            0.008     18.346         18.348   18.345       18.345    0.050       0.038        14340613001864  338.8632050   16.4691910        3521      6   56206.154137200        1303    18.383    21.548     27.747    2.250       2.315           0      131074            0            1    14340613 
   56206.179597200        18.329        0.105        35212060007766  338.8631860   16.4691800   22h35m27.16s   16d28m09.05s      2               0    7.011128e-07         134         125         112        18.324            0.008     18.346         18.348   18.345       18.345    0.050       0.038        14340643001909  338.8632010   16.4691960        3521      6   56206.184427200        1303    18.358    21.676     27.742    2.050       2.171           0      131074            0            1    14340643 
   56228.184547200        18.277        0.042        35212060007766  338.8631860   16.4691800   22h35m27.16s   16d28m09.05s      2               0    7.011128e-07         134         125         112        18.324            0.008     18.346         18.348   18.345       18.345    0.050       0.038        14450484001276  338.8631730   16.4692100        3521      6   56228.188217200        1315    18.270    20.665     27.732    2.250       2.509           0      131072            0            1    14450484 
   56228.215327200        18.381        0.049        35212060007766  338.8631860   16.4691800   22h35m27.16s   16d28m09.05s      2               0    7.011128e-07         134         125         112        18.324            0.008     18.346         18.348   18.345       18.345    0.050       0.038        14450500001125  338.8631540   16.4691710        3521      6   56228.218997200        1315    18.390    20.569     27.727    2.350       2.673           0      131072            0            1    14450500 
   56230.249197200        18.328        0.050        35212060007766  338.8631860   16.4691800   22h35m27.16s   16d28m09.05s      2               0    7.011128e-07         134         125         112        18.324            0.008     18.346         18.348   18.345       18.345    0.050       0.038        14486720001117  338.8631610   16.4691690        3521      6   56230.252737200        1317    18.339    20.573     27.725    2.050       2.168           0      131072            0            1    14486720 
   56234.212917200        18.369        0.055        35212060007766  338.8631860   16.4691800   22h35m27.16s   16d28m09.05s      2               0    7.011128e-07         134         125         112        18.324            0.008     18.346         18.348   18.345       18.345    0.050       0.038        14496638001508  338.8632210   16.4691970        3521      6   56234.216167200        1321    18.360    21.039     27.701    2.450       2.653           0      131072            0            1    14496638 
   56234.244177200        18.399        0.056        35212060007766  338.8631860   16.4691800   22h35m27.16s   16d28m09.05s      2               0    7.011128e-07         134         125         112        18.324            0.008     18.346         18.348   18.345       18.345    0.050       0.038        14496653001485  338.8632140   16.4691980        3521      6   56234.247427200        1321    18.382    20.913     27.685    2.550       2.575           0      131072            0            1    14496653 
   56236.145687200        18.372        0.034        35212060007766  338.8631860   16.4691800   22h35m27.16s   16d28m09.05s      2               0    7.011128e-07         134         125         112        18.324            0.008     18.346         18.348   18.345       18.345    0.050       0.038        14528341001699  338.8632020   16.4691940        3521      6   56236.148787200        1323    18.380    21.375     27.731    2.450       2.578           0      131072            0            1    14528341 
   56238.121187200        18.350        0.032        35212060007766  338.8631860   16.4691800   22h35m27.16s   16d28m09.05s      2               0    7.011128e-07         134         125         112        18.324            0.008     18.346         18.348   18.345       18.345    0.050       0.038        14568960001769  338.8631980   16.4691930        3521      6   56238.124147200        1325    18.358    21.458     27.729    2.150       2.453           0      131072            0            1    14568960 
   56232.228407200        18.405        0.083        35212060007766  338.8631860   16.4691800   22h35m27.16s   16d28m09.05s      2               0    7.011128e-07         134         125         112        18.324            0.008     18.346         18.348   18.345       18.345    0.050       0.038        14645543001427  338.8631830   16.4691900        3521      6   56232.231797200        1319    18.363    20.972     27.680    2.150       2.220           0      131072            0            1    14645543 
   56251.084597200        18.298        0.034        35212060007766  338.8631860   16.4691800   22h35m27.16s   16d28m09.05s      2               0    7.011128e-07         134         125         112        18.324            0.008     18.346         18.348   18.345       18.345    0.050       0.038        14655197001685  338.8632200   16.4691790        3521      6   56251.086477200        1338    18.312    21.257     27.743    2.050       2.266           0      131072            0            1    14655197 
   56251.114167200        18.352        0.036        35212060007766  338.8631860   16.4691800   22h35m27.16s   16d28m09.05s      2               0    7.011128e-07         134         125         112        18.324            0.008     18.346         18.348   18.345       18.345    0.050       0.038        14655207001554  338.8632040   16.4691900        3521      6   56251.116047200        1338    18.365    20.839     27.743    3.050       2.845           0      131075            0            1    14655207 
   56255.081677200        18.379        0.044        35212060007766  338.8631860   16.4691800   22h35m27.16s   16d28m09.05s      2               0    7.011128e-07         134         125         112        18.324            0.008     18.346         18.348   18.345       18.345    0.050       0.038        14693965001259  338.8631800   16.4691780        3521      6   56255.083207200        1342    18.368    20.568     27.725    2.750       2.731           0      131072            0            1    14693965 
   56255.112127200        18.379        0.047        35212060007766  338.8631860   16.4691800   22h35m27.16s   16d28m09.05s      2               0    7.011128e-07         134         125         112        18.324            0.008     18.346         18.348   18.345       18.345    0.050       0.038        14693993001141  338.8631680   16.4691730        3521      6   56255.113657200        1342    18.390    20.444     27.730    3.250       3.815           0      131072            0            1    14693993 
   56267.144527200        18.351        0.246        35212060007766  338.8631860   16.4691800   22h35m27.16s   16d28m09.05s      2               0    7.011128e-07         134         125         112        18.324            0.008     18.346         18.348   18.345       18.345    0.050       0.038        14757332001534  338.8632090   16.4691900        3521      6   56267.144947200        1354    18.358    20.960     27.569    2.550       2.499           0      131072            0            1    14757332 
   56267.186597200        18.332        0.246        35212060007766  338.8631860   16.4691800   22h35m27.16s   16d28m09.05s      2               0    7.011128e-07         134         125         112        18.324            0.008     18.346         18.348   18.345       18.345    0.050       0.038        14757355001468  338.8632180   16.4691790        3521      6   56267.187007200        1354    18.333    21.021     27.484    2.050       2.434           0      131072            0            1    14757355 
   56265.173377200        18.357        0.237        35212060007766  338.8631860   16.4691800   22h35m27.16s   16d28m09.05s      2               0    7.011128e-07         134         125         112        18.324            0.008     18.346         18.348   18.345       18.345    0.050       0.038        14766155001272  338.8632160   16.4691880        3521      6   56265.173987200        1352    18.569    21.033     27.484    2.250       2.517           0      131072            0            1    14766155 
   56265.143887200        18.411        0.236        35212060007766  338.8631860   16.4691800   22h35m27.16s   16d28m09.05s      2               0    7.011128e-07         134         125         112        18.324            0.008     18.346         18.348   18.345       18.345    0.050       0.038        14766165001664  338.8632150   16.4691700        3521      6   56265.144497200        1352    18.382    21.480     27.660    2.250       2.466           0      131072            0            1    14766165 
   56271.223777200        18.369        0.056        35212060007766  338.8631860   16.4691800   22h35m27.16s   16d28m09.05s      2               0    7.011128e-07         134         125         112        18.324            0.008     18.346         18.348   18.345       18.345    0.050       0.038        14805819001134  338.8632160   16.4691960        3521      6   56271.223807200        1358    18.363    20.542     27.595    3.550       3.995           0      131075            0            1    14805819 
   56257.088927200        18.362        0.044        35212060007766  338.8631860   16.4691800   22h35m27.16s   16d28m09.05s      2               0    7.011128e-07         134         125         112        18.324            0.008     18.346         18.348   18.345       18.345    0.050       0.038        15701302001277  338.8631670   16.4692090        3521      6   56257.090267200        1344    18.367    20.550     27.719    2.850       3.061           0      131072            0            1    15701302 
   56257.119777200        18.436        0.047        35212060007766  338.8631860   16.4691800   22h35m27.16s   16d28m09.05s      2               0    7.011128e-07         134         125         112        18.324            0.008     18.346         18.348   18.345       18.345    0.050       0.038        15701321001269  338.8631760   16.4691860        3521      6   56257.121127200        1344    18.440    20.737     27.724    2.350       2.392           0      131072            0            1    15701321 
   56911.286797200        18.380        0.052        35212060007766  338.8631860   16.4691800   22h35m27.16s   16d28m09.05s      2               0    7.011128e-07         134         125         112        18.324            0.008     18.346         18.348   18.345       18.345    0.050       0.038        21287473001138  338.8631700   16.4691700        3521      6   56911.292097200        1975    18.368    20.587     27.649    2.250       2.545           0      131072            0            1    21287473 
