   55783.493537200        17.920        0.036        35212010008988  339.6064500   17.8696440   22h38m25.55s   17d52m10.72s      2               0    4.501073e-07         134         133         121        17.960            0.006     17.993         17.993   17.995       17.994    0.055       0.042        10358266000688  339.6064190   17.8696330        3521      1   55783.498077200         881    17.918    21.462     27.715    2.350       2.440           0      131072            0            1    10358266 
   55783.450517200        17.982        0.035        35212010008988  339.6064500   17.8696440   22h38m25.55s   17d52m10.72s      2               0    4.501073e-07         134         133         121        17.960            0.006     17.993         17.993   17.995       17.994    0.055       0.042        10358322000755  339.6064280   17.8696380        3521      1   55783.455047200         881    17.974    21.660     27.729    2.250       2.196           0      131072            0            1    10358322 
   55794.374747200        18.090        0.216        35212010008988  339.6064500   17.8696440   22h38m25.55s   17d52m10.72s      2               0    4.501073e-07         134         133         121        17.960            0.006     17.993         17.993   17.995       17.994    0.055       0.042        10380859000200  339.6062630   17.8695780        3521      1   55794.379707200         892    19.945    20.633     27.623    1.950       3.060           0          16            0            1    10380859 
   55821.364667200        17.978        0.041        35212010008988  339.6064500   17.8696440   22h38m25.55s   17d52m10.72s      2               0    4.501073e-07         134         133         121        17.960            0.006     17.993         17.993   17.995       17.994    0.055       0.042        10511298000514  339.6064500   17.8696330        3521      1   55821.369947200         919    17.988    20.981     27.699    1.950       2.237           0      131072            0            1    10511298 
   55821.319317200        17.959        0.040        35212010008988  339.6064500   17.8696440   22h38m25.55s   17d52m10.72s      2               0    4.501073e-07         134         133         121        17.960            0.006     17.993         17.993   17.995       17.994    0.055       0.042        10511326000515  339.6064520   17.8696390        3521      1   55821.324607200         919    17.965    20.962     27.709    2.150       2.432           0      131072            0            1    10511326 
   55471.200687200        18.015        0.118        35212010008988  339.6064500   17.8696440   22h38m25.55s   17d52m10.72s      2               0    4.501073e-07         134         133         121        17.960            0.006     17.993         17.993   17.995       17.994    0.055       0.042        10799056000736  339.6064140   17.8696360        3521      1   55471.205667200         562    18.075    21.646     27.896    2.150       2.132           0      131072            0            1    10799056 
   55471.244407200        18.019        0.118        35212010008988  339.6064500   17.8696440   22h38m25.55s   17d52m10.72s      2               0    4.501073e-07         134         133         121        17.960            0.006     17.993         17.993   17.995       17.994    0.055       0.042        10799148000742  339.6064160   17.8696470        3521      1   55471.249397200         562    18.006    21.684     27.824    1.950       2.305           0      131072            0            1    10799148 
   55483.166527200        18.007        0.035        35212010008988  339.6064500   17.8696440   22h38m25.55s   17d52m10.72s      2               0    4.501073e-07         134         133         121        17.960            0.006     17.993         17.993   17.995       17.994    0.055       0.042        10856278000710  339.6064230   17.8696360        3521      1   55483.171037200         577    18.006    21.472     27.804    2.050       2.199           0      131072            0            1    10856278 
   55483.122857200        17.940        0.036        35212010008988  339.6064500   17.8696440   22h38m25.55s   17d52m10.72s      2               0    4.501073e-07         134         133         121        17.960            0.006     17.993         17.993   17.995       17.994    0.055       0.042        10856333000680  339.6064370   17.8696390        3521      1   55483.127367200         577    17.931    21.361     27.786    2.150       2.272           0      131072            0            1    10856333 
   55443.230767200        18.003        0.035        35212010008988  339.6064500   17.8696440   22h38m25.55s   17d52m10.72s      2               0    4.501073e-07         134         133         121        17.960            0.006     17.993         17.993   17.995       17.994    0.055       0.042        10906546000782  339.6064290   17.8696370        3521      1   55443.236027200         538    18.001    21.593     27.815    2.150       2.084           0      131072            0            1    10906546 
   55443.185917200        17.965        0.037        35212010008988  339.6064500   17.8696440   22h38m25.55s   17d52m10.72s      2               0    4.501073e-07         134         133         121        17.960            0.006     17.993         17.993   17.995       17.994    0.055       0.042        10906554000636  339.6064340   17.8696490        3521      1   55443.191177200         538    17.964    21.292     27.785    2.450       2.675           0      131072            0            1    10906554 
   55446.312747200        17.999        0.042        35212010008988  339.6064500   17.8696440   22h38m25.55s   17d52m10.72s      2               0    4.501073e-07         134         133         121        17.960            0.006     17.993         17.993   17.995       17.994    0.055       0.042        10912220000775  339.6064240   17.8696220        3521      1   55446.318037200         541    17.992    21.874     27.812    1.850       2.114           0      131072            0            1    10912220 
   55446.269397200        17.956        0.042        35212010008988  339.6064500   17.8696440   22h38m25.55s   17d52m10.72s      2               0    4.501073e-07         134         133         121        17.960            0.006     17.993         17.993   17.995       17.994    0.055       0.042        10912266000800  339.6064430   17.8696430        3521      1   55446.274687200         541    17.945    21.793     27.811    1.950       2.157           0      131072            0            1    10912266 
   55452.163847200        17.941        0.033        35212010008988  339.6064500   17.8696440   22h38m25.55s   17d52m10.72s      2               0    4.501073e-07         134         133         121        17.960            0.006     17.993         17.993   17.995       17.994    0.055       0.042        10932338000697  339.6064290   17.8696320        3521      1   55452.169147200         547    17.938    21.398     27.804    2.050       2.209           0      131072            0            1    10932338 
   55452.206587200        18.007        0.032        35212010008988  339.6064500   17.8696440   22h38m25.55s   17d52m10.72s      2               0    4.501073e-07         134         133         121        17.960            0.006     17.993         17.993   17.995       17.994    0.055       0.042        10932452000761  339.6064260   17.8696430        3521      1   55452.211887200         547    18.009    21.478     27.820    2.250       2.222           0      131072            0            1    10932452 
   55467.310857200        17.950        0.075        35212010008988  339.6064500   17.8696440   22h38m25.55s   17d52m10.72s      2               0    4.501073e-07         134         133         121        17.960            0.006     17.993         17.993   17.995       17.994    0.055       0.042        11077173000613  339.6064200   17.8696260        3521      1   55467.315957200         560    17.961    21.126     27.806    2.150       2.094           0      131072            0            1    11077173 
   55468.221587200        17.933        0.251        35212010008988  339.6064500   17.8696440   22h38m25.55s   17d52m10.72s      2               0    4.501073e-07         134         133         121        17.960            0.006     17.993         17.993   17.995       17.994    0.055       0.042        11078099000749  339.6064180   17.8696270        3521      1   55468.226657200         558    17.955    21.447     27.787    2.250       2.387           0      131072            0            1    11078099 
   55416.200397200        17.962        0.191        35212010008988  339.6064500   17.8696440   22h38m25.55s   17d52m10.72s      2               0    4.501073e-07         134         133         121        17.960            0.006     17.993         17.993   17.995       17.994    0.055       0.042        11122123000464  339.6064090   17.8696580        3521      1   55416.204827200         515    18.022    20.301     26.637    3.350       4.097           0      131072            0            1    11122123 
   55416.243347200        18.015        0.189        35212010008988  339.6064500   17.8696440   22h38m25.55s   17d52m10.72s      2               0    4.501073e-07         134         133         121        17.960            0.006     17.993         17.993   17.995       17.994    0.055       0.042        11122261000533  339.6064920   17.8696450        3521      1   55416.247777200         515    18.164    20.735     26.860    3.050       3.248           0      131072            0            1    11122261 
   55422.369597200        17.994        0.035        35212010008988  339.6064500   17.8696440   22h38m25.55s   17d52m10.72s      2               0    4.501073e-07         134         133         121        17.960            0.006     17.993         17.993   17.995       17.994    0.055       0.042        11147816000744  339.6064140   17.8696450        3521      1   55422.374307200         521    17.997    21.780     27.809    2.150       2.231           0      131072            0            1    11147816 
   55422.414337200        17.984        0.035        35212010008988  339.6064500   17.8696440   22h38m25.55s   17d52m10.72s      2               0    4.501073e-07         134         133         121        17.960            0.006     17.993         17.993   17.995       17.994    0.055       0.042        11147968000724  339.6064210   17.8696330        3521      1   55422.419057200         521    17.990    21.759     27.808    2.150       2.348           0      131072            0            1    11147968 
   55429.226357200        18.052        0.039        35212010008988  339.6064500   17.8696440   22h38m25.55s   17d52m10.72s      2               0    4.501073e-07         134         133         121        17.960            0.006     17.993         17.993   17.995       17.994    0.055       0.042        11192005000560  339.6064270   17.8696290        3521      1   55429.231317200         528    18.050    20.845     27.787    2.150       2.028           0      131072            0            1    11192005 
   55429.183207200        18.015        0.043        35212010008988  339.6064500   17.8696440   22h38m25.55s   17d52m10.72s      2               0    4.501073e-07         134         133         121        17.960            0.006     17.993         17.993   17.995       17.994    0.055       0.042        11192202000538  339.6064350   17.8696480        3521      1   55429.188167200         528    18.009    20.598     27.738    2.250       2.426           0      131072            0            1    11192202 
   55426.169847200        17.959        0.083        35212010008988  339.6064500   17.8696440   22h38m25.55s   17d52m10.72s      2               0    4.501073e-07         134         133         121        17.960            0.006     17.993         17.993   17.995       17.994    0.055       0.042        11197114000496  339.6064350   17.8696400        3521      1   55426.174707200         525    17.875    20.178     27.513    3.450       3.888           0      131072            0            1    11197114 
   55436.224917200        18.090        0.050        35212010008988  339.6064500   17.8696440   22h38m25.55s   17d52m10.72s      2               0    4.501073e-07         134         133         121        17.960            0.006     17.993         17.993   17.995       17.994    0.055       0.042        11208660000511  339.6064230   17.8696380        3521      1   55436.230067200         609    18.087    20.460     27.757    2.450       2.541           0      131072            0            1    11208660 
   55436.176617200        17.990        0.052        35212010008988  339.6064500   17.8696440   22h38m25.55s   17d52m10.72s      2               0    4.501073e-07         134         133         121        17.960            0.006     17.993         17.993   17.995       17.994    0.055       0.042        11208880000472  339.6064470   17.8696200        3521      1   55436.181767200         609    17.983    20.253     27.716    2.850       3.183           0      131072            0            1    11208880 
   55439.224367200        18.005        0.037        35212010008988  339.6064500   17.8696440   22h38m25.55s   17d52m10.72s      2               0    4.501073e-07         134         133         121        17.960            0.006     17.993         17.993   17.995       17.994    0.055       0.042        11225032000694  339.6064200   17.8696430        3521      1   55439.229567200         534    18.002    21.365     27.752    2.150       2.125           0      131072            0            1    11225032 
   55439.179857200        17.991        0.037        35212010008988  339.6064500   17.8696440   22h38m25.55s   17d52m10.72s      2               0    4.501073e-07         134         133         121        17.960            0.006     17.993         17.993   17.995       17.994    0.055       0.042        11225074000684  339.6064360   17.8696320        3521      1   55439.185067200         534    17.987    21.185     27.712    2.550       2.459           0      131072            0            1    11225074 
   55382.429197200        17.974        0.034        35212010008988  339.6064500   17.8696440   22h38m25.55s   17d52m10.72s      2               0    4.501073e-07         134         133         121        17.960            0.006     17.993         17.993   17.995       17.994    0.055       0.042        11241403000664  339.6064080   17.8696370        3521      1   55382.431397200         481    17.976    21.348     27.841    2.350       2.447           0      131072            0            1    11241403 
   55382.386187200        17.996        0.035        35212010008988  339.6064500   17.8696440   22h38m25.55s   17d52m10.72s      2               0    4.501073e-07         134         133         121        17.960            0.006     17.993         17.993   17.995       17.994    0.055       0.042        11241417000649  339.6064380   17.8696510        3521      1   55382.388377200         481    18.000    21.276     27.828    2.350       2.501           0      131072            0            1    11241417 
   55387.460507200        17.995        0.127        35212010008988  339.6064500   17.8696440   22h38m25.55s   17d52m10.72s      2               0    4.501073e-07         134         133         121        17.960            0.006     17.993         17.993   17.995       17.994    0.055       0.042        11260633000797  339.6063820   17.8696700        3521      1   55387.463097200         486    17.857    21.532     27.647    2.250       2.489           0      131072            0            1    11260633 
   55387.412087200        17.998        0.127        35212010008988  339.6064500   17.8696440   22h38m25.55s   17d52m10.72s      2               0    4.501073e-07         134         133         121        17.960            0.006     17.993         17.993   17.995       17.994    0.055       0.042        11260799000834  339.6064150   17.8696390        3521      1   55387.414667200         486    17.905    21.786     27.687    1.950       1.970           0      131072            0            1    11260799 
   55349.467407200        17.979        0.063        35212010008988  339.6064500   17.8696440   22h38m25.55s   17d52m10.72s      2               0    4.501073e-07         134         133         121        17.960            0.006     17.993         17.993   17.995       17.994    0.055       0.042        11335566000618  339.6064290   17.8696420        3521      1   55349.466757200         449    17.991    20.830     27.831    2.450       2.606           0      131072            0            1    11335566 
   55419.358367200        18.029        0.208        35212010008988  339.6064500   17.8696440   22h38m25.55s   17d52m10.72s      2               0    4.501073e-07         134         133         121        17.960            0.006     17.993         17.993   17.995       17.994    0.055       0.042        11390524000591  339.6064420   17.8696690        3521      1   55419.362947200         518    17.902    20.961     26.829    2.450       2.443           0      131072            0            1    11390524 
   55419.401647200        17.985        0.209        35212010008988  339.6064500   17.8696440   22h38m25.55s   17d52m10.72s      2               0    4.501073e-07         134         133         121        17.960            0.006     17.993         17.993   17.995       17.994    0.055       0.042        11390685000553  339.6064450   17.8696600        3521      1   55419.406227200         518    17.956    20.948     26.843    2.650       3.470           0      131072            0            1    11390685 
   55364.433677200        17.951        0.036        35212010008988  339.6064500   17.8696440   22h38m25.55s   17d52m10.72s      2               0    4.501073e-07         134         133         121        17.960            0.006     17.993         17.993   17.995       17.994    0.055       0.042        11392975000721  339.6064360   17.8696670        3521      1   55364.434347200         463    17.951    21.417     27.801    2.550       2.728           0      131072            0            1    11392975 
   55364.386147200        18.015        0.037        35212010008988  339.6064500   17.8696440   22h38m25.55s   17d52m10.72s      2               0    4.501073e-07         134         133         121        17.960            0.006     17.993         17.993   17.995       17.994    0.055       0.042        11392977000698  339.6064360   17.8696320        3521      1   55364.386807200         463    18.009    21.278     27.767    2.650       2.791           0      131072            0            1    11392977 
   55369.460177200        17.996        0.033        35212010008988  339.6064500   17.8696440   22h38m25.55s   17d52m10.72s      2               0    4.501073e-07         134         133         121        17.960            0.006     17.993         17.993   17.995       17.994    0.055       0.042        11408518000776  339.6064150   17.8696430        3521      1   55369.461277200         468    17.993    21.678     27.841    2.150       2.196           0      131072            0            1    11408518 
   55372.400097200        18.011        0.042        35212010008988  339.6064500   17.8696440   22h38m25.55s   17d52m10.72s      2               0    4.501073e-07         134         133         121        17.960            0.006     17.993         17.993   17.995       17.994    0.055       0.042        11411059000539  339.6064220   17.8696340        3521      1   55372.401447200         471    18.008    20.834     27.833    2.250       2.328           0      131072            0            1    11411059 
   55372.356507200        18.018        0.047        35212010008988  339.6064500   17.8696440   22h38m25.55s   17d52m10.72s      2               0    4.501073e-07         134         133         121        17.960            0.006     17.993         17.993   17.995       17.994    0.055       0.042        11411122000498  339.6064540   17.8696210        3521      1   55372.357857200         471    18.017    20.454     27.802    2.750       3.215           0      131072            0            1    11411122 
   55371.453437200        17.987        0.032        35212010008988  339.6064500   17.8696440   22h38m25.55s   17d52m10.72s      2               0    4.501073e-07         134         133         121        17.960            0.006     17.993         17.993   17.995       17.994    0.055       0.042        11413396000741  339.6063960   17.8696560        3521      1   55371.454717200         470    17.986    21.479     27.856    2.150       2.270           0      131072            0            1    11413396 
   55370.457827200        17.997        0.032        35212010008988  339.6064500   17.8696440   22h38m25.55s   17d52m10.72s      2               0    4.501073e-07         134         133         121        17.960            0.006     17.993         17.993   17.995       17.994    0.055       0.042        11415784000761  339.6064290   17.8696420        3521      1   55370.459017200         469    18.003    21.749     27.868    2.150       2.208           0      131072            0            1    11415784 
   55377.357017200        17.994        0.045        35212010008988  339.6064500   17.8696440   22h38m25.55s   17d52m10.72s      2               0    4.501073e-07         134         133         121        17.960            0.006     17.993         17.993   17.995       17.994    0.055       0.042        11430952000496  339.6064360   17.8696280        3521      1   55377.358787200         476    17.996    20.528     27.772    2.550       2.635           0      131072            0            1    11430952 
   55377.401227200        18.041        0.045        35212010008988  339.6064500   17.8696440   22h38m25.55s   17d52m10.72s      2               0    4.501073e-07         134         133         121        17.960            0.006     17.993         17.993   17.995       17.994    0.055       0.042        11430984000527  339.6064230   17.8696630        3521      1   55377.403007200         476    18.047    20.607     27.796    2.550       2.749           0      131072            0            1    11430984 
   55137.187677200        18.008        0.049        35212010008988  339.6064500   17.8696440   22h38m25.55s   17d52m10.72s      2               0    4.501073e-07         134         133         121        17.960            0.006     17.993         17.993   17.995       17.994    0.055       0.042        11785647000474  339.6064230   17.8696630        3521      1   55137.191017200         244    18.012    20.532     27.907    2.250       3.030           0      131072            0            1    11785647 
   55138.179157200        17.986        0.054        35212010008988  339.6064500   17.8696440   22h38m25.55s   17d52m10.72s      2               0    4.501073e-07         134         133         121        17.960            0.006     17.993         17.993   17.995       17.994    0.055       0.042        11788716000519  339.6064260   17.8696190        3521      1   55138.182427200         245    17.978    20.407     27.886    2.650       3.225           0      131072            0            1    11788716 
   55142.163267200        18.009        0.033        35212010008988  339.6064500   17.8696440   22h38m25.55s   17d52m10.72s      2               0    4.501073e-07         134         133         121        17.960            0.006     17.993         17.993   17.995       17.994    0.055       0.042        11794001000749  339.6064160   17.8696450        3521      1   55142.166237200         282    18.018    21.440     27.902    2.250       2.488           0      131072            0            1    11794001 
   55142.118957200        18.002        0.034        35212010008988  339.6064500   17.8696440   22h38m25.55s   17d52m10.72s      2               0    4.501073e-07         134         133         121        17.960            0.006     17.993         17.993   17.995       17.994    0.055       0.042        11794104000687  339.6064420   17.8696340        3521      1   55142.121927200         282    18.014    21.256     27.900    2.550       2.637           0      131072            0            1    11794104 
   55123.223387200        17.942        0.033        35212010008988  339.6064500   17.8696440   22h38m25.55s   17d52m10.72s      2               0    4.501073e-07         134         133         121        17.960            0.006     17.993         17.993   17.995       17.994    0.055       0.042        11812126000514  339.6064040   17.8696510        3521      1   55123.227627200         232    17.954    21.573     27.919    2.150       2.385           0      131072            0            1    11812126 
   55045.207707200        18.005        0.045        35212010008988  339.6064500   17.8696440   22h38m25.55s   17d52m10.72s      2               0    4.501073e-07         134         133         121        17.960            0.006     17.993         17.993   17.995       17.994    0.055       0.042        11860485000353  339.6064220   17.8696870        3521      1   55045.211847200         159    17.998    20.084     27.383    3.150       3.006           0     2228224            0            1    11860485 
   55045.289337200        17.955        0.036        35212010008988  339.6064500   17.8696440   22h38m25.55s   17d52m10.72s      2               0    4.501073e-07         134         133         121        17.960            0.006     17.993         17.993   17.995       17.994    0.055       0.042        11860493000494  339.6064340   17.8696700        3521      1   55045.293477200         159    17.960    20.903     27.490    2.150       2.178           0      131072            0            1    11860493 
   55049.426157200        17.949        0.048        35212010008988  339.6064500   17.8696440   22h38m25.55s   17d52m10.72s      2               0    4.501073e-07         134         133         121        17.960            0.006     17.993         17.993   17.995       17.994    0.055       0.042        11862929000356  339.6064210   17.8696800        3521      1   55049.430517200         163    17.956    20.099     27.499    2.250       2.231           0      131072            0            1    11862929 
   55054.221717200        17.939        0.073        35212010008988  339.6064500   17.8696440   22h38m25.55s   17d52m10.72s      2               0    4.501073e-07         134         133         121        17.960            0.006     17.993         17.993   17.995       17.994    0.055       0.042        11869567000311  339.6063810   17.8696320        3521      1   55054.226297200         168    17.931    19.814     27.313    3.550       3.878           0      131072            0            1    11869567 
   55066.284507200        17.965        0.037        35212010008988  339.6064500   17.8696440   22h38m25.55s   17d52m10.72s      2               0    4.501073e-07         134         133         121        17.960            0.006     17.993         17.993   17.995       17.994    0.055       0.042        11883394000667  339.6064370   17.8696610        3521      1   55066.289537200         180    17.993    21.538     27.360    1.750       1.789           0      131072            0            1    11883394 
   55061.271507200        17.995        0.032        35212010008988  339.6064500   17.8696440   22h38m25.55s   17d52m10.72s      2               0    4.501073e-07         134         133         121        17.960            0.006     17.993         17.993   17.995       17.994    0.055       0.042        11892875000688  339.6064210   17.8696630        3521      1   55061.276377200         175    18.008    21.421     27.472    2.150       2.073           0      131072            0            1    11892875 
   55061.369177200        17.940        0.032        35212010008988  339.6064500   17.8696440   22h38m25.55s   17d52m10.72s      2               0    4.501073e-07         134         133         121        17.960            0.006     17.993         17.993   17.995       17.994    0.055       0.042        11892899000721  339.6064070   17.8696680        3521      1   55061.374047200         175    17.955    21.563     27.478    2.150       2.354           0      131072            0            1    11892899 
   55056.350197200        17.954        0.033        35212010008988  339.6064500   17.8696440   22h38m25.55s   17d52m10.72s      2               0    4.501073e-07         134         133         121        17.960            0.006     17.993         17.993   17.995       17.994    0.055       0.042        11898883000559  339.6064320   17.8696520        3521      1   55056.354877200         170    17.963    21.064     27.473    2.250       2.371           0     2228224            0            1    11898883 
   55056.268047200        17.956        0.034        35212010008988  339.6064500   17.8696440   22h38m25.55s   17d52m10.72s      2               0    4.501073e-07         134         133         121        17.960            0.006     17.993         17.993   17.995       17.994    0.055       0.042        11898894000519  339.6064310   17.8696360        3521      1   55056.272717200         170    17.963    21.070     27.449    2.350       2.162           0      131072            0            1    11898894 
   55019.451217200        18.102        0.052        35212010008988  339.6064500   17.8696440   22h38m25.55s   17d52m10.72s      2               0    4.501073e-07         134         133         121        17.960            0.006     17.993         17.993   17.995       17.994    0.055       0.042        11910381000552  339.6064360   17.8696660        3521      1   55019.453587200         133    18.120    20.197     27.412    2.550       2.788           0      131072            0            1    11910381 
   55019.390137200        18.091        0.052        35212010008988  339.6064500   17.8696440   22h38m25.55s   17d52m10.72s      2               0    4.501073e-07         134         133         121        17.960            0.006     17.993         17.993   17.995       17.994    0.055       0.042        11910426000525  339.6064460   17.8696580        3521      1   55019.392507200         133    18.105    20.113     27.395    2.550       2.886           0      131072            0            1    11910426 
   55087.280887200        17.947        0.030        35212010008988  339.6064500   17.8696440   22h38m25.55s   17d52m10.72s      2               0    4.501073e-07         134         133         121        17.960            0.006     17.993         17.993   17.995       17.994    0.055       0.042        11917194000603  339.6064560   17.8696440        3521      1   55087.286197200         199    17.945    21.601     27.487    2.050       1.928           0      131072            0            1    11917194 
   55087.325037200        17.961        0.030        35212010008988  339.6064500   17.8696440   22h38m25.55s   17d52m10.72s      2               0    4.501073e-07         134         133         121        17.960            0.006     17.993         17.993   17.995       17.994    0.055       0.042        11917208000547  339.6064570   17.8696500        3521      1   55087.330337200         199    17.961    21.481     27.486    2.250       2.106           0      131072            0            1    11917208 
   55032.282817200        17.920        0.075        35212010008988  339.6064500   17.8696440   22h38m25.55s   17d52m10.72s      2               0    4.501073e-07         134         133         121        17.960            0.006     17.993         17.993   17.995       17.994    0.055       0.042        11954921000312  339.6064310   17.8696340        3521      1   55032.286137200         146    19.273    20.980     27.345    2.250       2.669           0     2228224            0            1    11954921 
   55031.383737200        17.937        0.035        35212010008988  339.6064500   17.8696440   22h38m25.55s   17d52m10.72s      2               0    4.501073e-07         134         133         121        17.960            0.006     17.993         17.993   17.995       17.994    0.055       0.042        11956536000708  339.6064270   17.8696580        3521      1   55031.387007200         145    17.938    21.600     27.444    2.050       2.210           0      131072            0            1    11956536 
   55039.420947200        17.961        0.034        35212010008988  339.6064500   17.8696440   22h38m25.55s   17d52m10.72s      2               0    4.501073e-07         134         133         121        17.960            0.006     17.993         17.993   17.995       17.994    0.055       0.042        11983407000714  339.6064190   17.8696460        3521      1   55039.424747200         153    17.960    21.545     27.462    2.150       2.208           0      131072            0            1    11983407 
   55039.376907200        17.979        0.034        35212010008988  339.6064500   17.8696440   22h38m25.55s   17d52m10.72s      2               0    4.501073e-07         134         133         121        17.960            0.006     17.993         17.993   17.995       17.994    0.055       0.042        11983503000668  339.6064070   17.8696670        3521      1   55039.380697200         153    17.979    21.504     27.444    2.150       2.134           0      131072            0            1    11983503 
   55498.219327200        18.011        0.198        35212010008988  339.6064500   17.8696440   22h38m25.55s   17d52m10.72s      2               0    4.501073e-07         134         133         121        17.960            0.006     17.993         17.993   17.995       17.994    0.055       0.042        12781517000595  339.6064520   17.8696400        3521      1   55498.222967200         593    18.242    21.108     27.741    2.150       2.386           0      131072            0            1    12781517 
   55498.274697200        17.969        0.197        35212010008988  339.6064500   17.8696440   22h38m25.55s   17d52m10.72s      2               0    4.501073e-07         134         133         121        17.960            0.006     17.993         17.993   17.995       17.994    0.055       0.042        12781770000660  339.6064560   17.8696450        3521      1   55498.278327200         593    17.799    21.129     27.649    2.050       2.156           0      131072            0            1    12781770 
   55458.418447200        18.027        0.040        35212010008988  339.6064500   17.8696440   22h38m25.55s   17d52m10.72s      2               0    4.501073e-07         134         133         121        17.960            0.006     17.993         17.993   17.995       17.994    0.055       0.042        12794281000599  339.6064490   17.8696640        3521      1   55458.423707200         553    18.023    20.919     27.793    2.350       2.703           0      131072            0            1    12794281 
   55458.351667200        17.906        0.041        35212010008988  339.6064500   17.8696440   22h38m25.55s   17d52m10.72s      2               0    4.501073e-07         134         133         121        17.960            0.006     17.993         17.993   17.995       17.994    0.055       0.042        12794437000550  339.6064560   17.8696490        3521      1   55458.356927200         553    17.907    20.824     27.820    2.250       2.465           0      131072            0            1    12794437 
   55480.170497200        17.984        0.036        35212010008988  339.6064500   17.8696440   22h38m25.55s   17d52m10.72s      2               0    4.501073e-07         134         133         121        17.960            0.006     17.993         17.993   17.995       17.994    0.055       0.042        12805116000704  339.6064560   17.8696420        3521      1   55480.175147200         574    17.985    21.375     27.801    2.250       2.260           0      131072            0            1    12805116 
   55480.128187200        18.015        0.035        35212010008988  339.6064500   17.8696440   22h38m25.55s   17d52m10.72s      2               0    4.501073e-07         134         133         121        17.960            0.006     17.993         17.993   17.995       17.994    0.055       0.042        12805131000704  339.6064580   17.8696550        3521      1   55480.132837200         574    18.018    21.312     27.779    2.350       2.183           0      131072            0            1    12805131 
   56202.157977200        17.976        0.046        35212010008988  339.6064500   17.8696440   22h38m25.55s   17d52m10.72s      2               0    4.501073e-07         134         133         121        17.960            0.006     17.993         17.993   17.995       17.994    0.055       0.042        14273573000452  339.6064670   17.8696360        3521      1   56202.162947200        1299    17.993    20.632     27.835    2.150       2.378           0      131072            0            1    14273573 
   56202.128807200        18.046        0.047        35212010008988  339.6064500   17.8696440   22h38m25.55s   17d52m10.72s      2               0    4.501073e-07         134         133         121        17.960            0.006     17.993         17.993   17.995       17.994    0.055       0.042        14273576000471  339.6064460   17.8696260        3521      1   56202.133787200        1299    18.058    20.554     27.822    2.350       2.447           0      131072            0            1    14273576 
   56202.187427200        18.025        0.045        35212010008988  339.6064500   17.8696440   22h38m25.55s   17d52m10.72s      2               0    4.501073e-07         134         133         121        17.960            0.006     17.993         17.993   17.995       17.994    0.055       0.042        14273609000471  339.6064690   17.8696270        3521      1   56202.192407200        1299    18.028    20.600     27.844    2.350       2.612           0      131072            0            1    14273609 
   56204.112797200        17.916        0.380        35212010008988  339.6064500   17.8696440   22h38m25.55s   17d52m10.72s      2               0    4.501073e-07         134         133         121        17.960            0.006     17.993         17.993   17.995       17.994    0.055       0.042        14314176000340  339.6064920   17.8695920        3521      1   56204.117707200        1301    18.427    20.324     27.440    2.850       3.535           0      131072            0            1    14314176 
   56204.143157200        17.965        0.375        35212010008988  339.6064500   17.8696440   22h38m25.55s   17d52m10.72s      2               0    4.501073e-07         134         133         121        17.960            0.006     17.993         17.993   17.995       17.994    0.055       0.042        14314199000457  339.6064730   17.8696170        3521      1   56204.148067200        1301    18.188    20.719     27.514    2.450       2.842           0      131072            0            1    14314199 
   56204.173637200        17.960        0.374        35212010008988  339.6064500   17.8696440   22h38m25.55s   17d52m10.72s      2               0    4.501073e-07         134         133         121        17.960            0.006     17.993         17.993   17.995       17.994    0.055       0.042        14314224000554  339.6064550   17.8696140        3521      1   56204.178537200        1301    17.670    20.716     27.519    2.550       2.712           0      131072            0            1    14314224 
   56206.113627200        17.987        0.110        35212010008988  339.6064500   17.8696440   22h38m25.55s   17d52m10.72s      2               0    4.501073e-07         134         133         121        17.960            0.006     17.993         17.993   17.995       17.994    0.055       0.042        14340308000579  339.6064460   17.8696340        3521      1   56206.118457200        1303    18.018    21.239     27.879    2.650       2.799           0      131072            0            1    14340308 
   56206.149307200        17.989        0.110        35212010008988  339.6064500   17.8696440   22h38m25.55s   17d52m10.72s      2               0    4.501073e-07         134         133         121        17.960            0.006     17.993         17.993   17.995       17.994    0.055       0.042        14340329000687  339.6064560   17.8696300        3521      1   56206.154137200        1303    18.017    21.490     27.881    2.350       2.423           0      131072            0            1    14340329 
   56206.179597200        17.997        0.110        35212010008988  339.6064500   17.8696440   22h38m25.55s   17d52m10.72s      2               0    4.501073e-07         134         133         121        17.960            0.006     17.993         17.993   17.995       17.994    0.055       0.042        14340359000674  339.6064640   17.8696340        3521      1   56206.184427200        1303    18.004    21.606     27.869    2.150       2.297           0      131072            0            1    14340359 
   56228.184547200        17.978        0.042        35212010008988  339.6064500   17.8696440   22h38m25.55s   17d52m10.72s      2               0    4.501073e-07         134         133         121        17.960            0.006     17.993         17.993   17.995       17.994    0.055       0.042        14450215000467  339.6064550   17.8696260        3521      1   56228.188217200        1315    17.972    20.579     27.869    2.350       2.387           0      131072            0            1    14450215 
   56230.249197200        17.952        0.046        35212010008988  339.6064500   17.8696440   22h38m25.55s   17d52m10.72s      2               0    4.501073e-07         134         133         121        17.960            0.006     17.993         17.993   17.995       17.994    0.055       0.042        14487301000437  339.6064580   17.8696310        3521      1   56230.252737200        1317    17.959    20.471     27.848    2.150       2.846           0      131072            0            1    14487301 
   56234.212917200        18.045        0.055        35212010008988  339.6064500   17.8696440   22h38m25.55s   17d52m10.72s      2               0    4.501073e-07         134         133         121        17.960            0.006     17.993         17.993   17.995       17.994    0.055       0.042        14497523000526  339.6064370   17.8696370        3521      1   56234.216167200        1321    18.028    20.978     27.838    2.550       2.748           0      131072            0            1    14497523 
   56234.244177200        17.993        0.056        35212010008988  339.6064500   17.8696440   22h38m25.55s   17d52m10.72s      2               0    4.501073e-07         134         133         121        17.960            0.006     17.993         17.993   17.995       17.994    0.055       0.042        14497538000519  339.6064520   17.8696400        3521      1   56234.247427200        1321    17.970    20.855     27.822    2.650       2.704           0      131072            0            1    14497538 
   56236.145687200        17.950        0.035        35212010008988  339.6064500   17.8696440   22h38m25.55s   17d52m10.72s      2               0    4.501073e-07         134         133         121        17.960            0.006     17.993         17.993   17.995       17.994    0.055       0.042        14529701000575  339.6064450   17.8696350        3521      1   56236.148787200        1323    17.962    21.327     27.883    2.550       2.703           0      131072            0            1    14529701 
   56238.121187200        17.959        0.032        35212010008988  339.6064500   17.8696440   22h38m25.55s   17d52m10.72s      2               0    4.501073e-07         134         133         121        17.960            0.006     17.993         17.993   17.995       17.994    0.055       0.042        14571459000599  339.6064520   17.8696310        3521      1   56238.124147200        1325    17.967    21.452     27.872    2.150       2.146           0      131072            0            1    14571459 
   56238.091697200        17.997        0.034        35212010008988  339.6064500   17.8696440   22h38m25.55s   17d52m10.72s      2               0    4.501073e-07         134         133         121        17.960            0.006     17.993         17.993   17.995       17.994    0.055       0.042        14571481000549  339.6064530   17.8696300        3521      1   56238.094657200        1325    18.002    21.351     27.868    2.250       2.503           0      131072            0            1    14571481 
   56232.228407200        17.937        0.074        35212010008988  339.6064500   17.8696440   22h38m25.55s   17d52m10.72s      2               0    4.501073e-07         134         133         121        17.960            0.006     17.993         17.993   17.995       17.994    0.055       0.042        14646437000474  339.6064490   17.8696380        3521      1   56232.231797200        1319    17.895    20.945     27.820    2.150       2.318           0      131072            0            1    14646437 
   56251.084597200        17.994        0.034        35212010008988  339.6064500   17.8696440   22h38m25.55s   17d52m10.72s      2               0    4.501073e-07         134         133         121        17.960            0.006     17.993         17.993   17.995       17.994    0.055       0.042        14656421000554  339.6064490   17.8696250        3521      1   56251.086477200        1338    18.000    21.188     27.877    2.150       2.357           0      131072            0            1    14656421 
   56251.114167200        17.955        0.035        35212010008988  339.6064500   17.8696440   22h38m25.55s   17d52m10.72s      2               0    4.501073e-07         134         133         121        17.960            0.006     17.993         17.993   17.995       17.994    0.055       0.042        14656431000522  339.6064430   17.8696190        3521      1   56251.116047200        1338    17.960    20.894     27.878    2.850       2.977           0      131072            0            1    14656431 
   56255.081677200        17.964        0.041        35212010008988  339.6064500   17.8696440   22h38m25.55s   17d52m10.72s      2               0    4.501073e-07         134         133         121        17.960            0.006     17.993         17.993   17.995       17.994    0.055       0.042        14696885000441  339.6064410   17.8696320        3521      1   56255.083207200        1342    17.961    20.578     27.875    2.650       2.908           0      131072            0            1    14696885 
   56255.112127200        18.033        0.043        35212010008988  339.6064500   17.8696440   22h38m25.55s   17d52m10.72s      2               0    4.501073e-07         134         133         121        17.960            0.006     17.993         17.993   17.995       17.994    0.055       0.042        14696913000389  339.6064120   17.8696230        3521      1   56255.113657200        1342    18.046    20.354     27.878    3.450       3.787           0      131072            0            1    14696913 
   56267.144527200        17.980        0.235        35212010008988  339.6064500   17.8696440   22h38m25.55s   17d52m10.72s      2               0    4.501073e-07         134         133         121        17.960            0.006     17.993         17.993   17.995       17.994    0.055       0.042        14756100000573  339.6064110   17.8696470        3521      1   56267.144947200        1354    17.984    20.986     27.711    2.450       2.544           0      131072            0            1    14756100 
   56267.186597200        17.993        0.236        35212010008988  339.6064500   17.8696440   22h38m25.55s   17d52m10.72s      2               0    4.501073e-07         134         133         121        17.960            0.006     17.993         17.993   17.995       17.994    0.055       0.042        14756123000540  339.6064360   17.8696370        3521      1   56267.187007200        1354    17.980    20.949     27.620    2.150       2.225           0      131072            0            1    14756123 
   56265.173377200        18.008        0.239        35212010008988  339.6064500   17.8696440   22h38m25.55s   17d52m10.72s      2               0    4.501073e-07         134         133         121        17.960            0.006     17.993         17.993   17.995       17.994    0.055       0.042        14765409000454  339.6064420   17.8696290        3521      1   56265.173987200        1352    18.251    20.980     27.670    2.350       2.412           0      131072            0            1    14765409 
   56265.143887200        18.027        0.238        35212010008988  339.6064500   17.8696440   22h38m25.55s   17d52m10.72s      2               0    4.501073e-07         134         133         121        17.960            0.006     17.993         17.993   17.995       17.994    0.055       0.042        14765419000598  339.6064280   17.8696400        3521      1   56265.144497200        1352    18.021    21.422     27.834    2.350       2.475           0      131072            0            1    14765419 
   56271.223777200        17.994        0.050        35212010008988  339.6064500   17.8696440   22h38m25.55s   17d52m10.72s      2               0    4.501073e-07         134         133         121        17.960            0.006     17.993         17.993   17.995       17.994    0.055       0.042        14806131000408  339.6063880   17.8696700        3521      1   56271.223807200        1358    17.981    20.514     27.748    3.650       4.484           0      131072            0            1    14806131 
   56257.088927200        18.016        0.043        35212010008988  339.6064500   17.8696440   22h38m25.55s   17d52m10.72s      2               0    4.501073e-07         134         133         121        17.960            0.006     17.993         17.993   17.995       17.994    0.055       0.042        15702199000472  339.6064220   17.8696340        3521      1   56257.090267200        1344    18.013    20.547     27.856    2.750       3.041           0      131072            0            1    15702199 
   56257.119777200        18.008        0.042        35212010008988  339.6064500   17.8696440   22h38m25.55s   17d52m10.72s      2               0    4.501073e-07         134         133         121        17.960            0.006     17.993         17.993   17.995       17.994    0.055       0.042        15702237000446  339.6064480   17.8696290        3521      1   56257.121127200        1344    18.007    20.763     27.861    2.250       2.622           0      131072            0            1    15702237 
   56911.286797200        18.119        0.050        35212010008988  339.6064500   17.8696440   22h38m25.55s   17d52m10.72s      2               0    4.501073e-07         134         133         121        17.960            0.006     17.993         17.993   17.995       17.994    0.055       0.042        21287618000440  339.6064380   17.8696050        3521      1   56911.292097200        1975    18.083    20.473     27.760    2.350       2.971           0      131072            0            1    21287618 
