   55783.493537200        18.067        0.032        35212020004134  339.8594080   17.2460000   22h39m26.26s   17d14m45.60s      2               0    4.212450e-07         134         134         126        18.058            0.006     18.082         18.082   18.089       18.089    0.051       0.047        10358709004178  339.8594060   17.2460290        3521      2   55783.498077200         881    18.065    21.493     27.598    2.250       2.474           0      131072            0            1    10358709 
   55783.450517200        18.072        0.031        35212020004134  339.8594080   17.2460000   22h39m26.26s   17d14m45.60s      2               0    4.212450e-07         134         134         126        18.058            0.006     18.082         18.082   18.089       18.089    0.051       0.047        10358765004646  339.8594270   17.2460230        3521      2   55783.455047200         881    18.067    21.750     27.615    2.050       2.211           0      131072            0            1    10358765 
   55794.417557200        18.046        0.102        35212020004134  339.8594080   17.2460000   22h39m26.26s   17d14m45.60s      2               0    4.212450e-07         134         134         126        18.058            0.006     18.082         18.082   18.089       18.089    0.051       0.047        10379909002299  339.8594090   17.2459990        3521      2   55794.422517200         892    18.508    20.961     27.528    1.950       2.207           0      131072            0            1    10379909 
   55794.374747200        18.154        0.181        35212020004134  339.8594080   17.2460000   22h39m26.26s   17d14m45.60s      2               0    4.212450e-07         134         134         126        18.058            0.006     18.082         18.082   18.089       18.089    0.051       0.047        10379952000944  339.8593930   17.2459950        3521      2   55794.379707200         892    20.241    20.598     27.551    1.950       2.268           0           0            0            1    10379952 
   55821.364667200        18.061        0.038        35212020004134  339.8594080   17.2460000   22h39m26.26s   17d14m45.60s      2               0    4.212450e-07         134         134         126        18.058            0.006     18.082         18.082   18.089       18.089    0.051       0.047        10509839003000  339.8594020   17.2460000        3521      2   55821.369947200         919    18.065    21.017     27.583    1.850       2.146           0      131072            0            1    10509839 
   55821.319317200        18.132        0.039        35212020004134  339.8594080   17.2460000   22h39m26.26s   17d14m45.60s      2               0    4.212450e-07         134         134         126        18.058            0.006     18.082         18.082   18.089       18.089    0.051       0.047        10509867003027  339.8594160   17.2459980        3521      2   55821.324607200         919    18.135    20.941     27.593    2.150       2.158           0      131072            0            1    10509867 
   55471.200687200        18.081        0.137        35212020004134  339.8594080   17.2460000   22h39m26.26s   17d14m45.60s      2               0    4.212450e-07         134         134         126        18.058            0.006     18.082         18.082   18.089       18.089    0.051       0.047        10797470004369  339.8594110   17.2459940        3521      2   55471.205667200         562    18.147    21.702     27.778    2.050       2.175           0      131072            0            1    10797470 
   55471.244407200        18.095        0.137        35212020004134  339.8594080   17.2460000   22h39m26.26s   17d14m45.60s      2               0    4.212450e-07         134         134         126        18.058            0.006     18.082         18.082   18.089       18.089    0.051       0.047        10797561004413  339.8594010   17.2459940        3521      2   55471.249397200         562    18.104    21.708     27.724    1.950       2.058           0      131072            0            1    10797561 
   55483.166527200        18.038        0.033        35212020004134  339.8594080   17.2460000   22h39m26.26s   17d14m45.60s      2               0    4.212450e-07         134         134         126        18.058            0.006     18.082         18.082   18.089       18.089    0.051       0.047        10854963003994  339.8594060   17.2459940        3521      2   55483.171037200         577    18.044    21.574     27.715    1.850       1.993           0      131072            0            1    10854963 
   55483.122857200        18.063        0.033        35212020004134  339.8594080   17.2460000   22h39m26.26s   17d14m45.60s      2               0    4.212450e-07         134         134         126        18.058            0.006     18.082         18.082   18.089       18.089    0.051       0.047        10855003003868  339.8594040   17.2459940        3521      2   55483.127367200         577    18.063    21.401     27.698    2.050       2.158           0      131072            0            1    10855003 
   55443.230767200        18.079        0.031        35212020004134  339.8594080   17.2460000   22h39m26.26s   17d14m45.60s      2               0    4.212450e-07         134         134         126        18.058            0.006     18.082         18.082   18.089       18.089    0.051       0.047        10906821004452  339.8594120   17.2460160        3521      2   55443.236027200         538    18.083    21.673     27.696    1.950       2.192           0      131072            0            1    10906821 
   55443.185917200        18.075        0.033        35212020004134  339.8594080   17.2460000   22h39m26.26s   17d14m45.60s      2               0    4.212450e-07         134         134         126        18.058            0.006     18.082         18.082   18.089       18.089    0.051       0.047        10906829003820  339.8594280   17.2459780        3521      2   55443.191177200         538    18.084    21.315     27.668    2.350       2.569           0      131072            0            1    10906829 
   55446.312747200        18.061        0.035        35212020004134  339.8594080   17.2460000   22h39m26.26s   17d14m45.60s      2               0    4.212450e-07         134         134         126        18.058            0.006     18.082         18.082   18.089       18.089    0.051       0.047        10912721004816  339.8594100   17.2460300        3521      2   55446.318037200         541    18.064    21.913     27.703    1.750       1.895           0      131072            0            1    10912721 
   55446.269397200        18.076        0.035        35212020004134  339.8594080   17.2460000   22h39m26.26s   17d14m45.60s      2               0    4.212450e-07         134         134         126        18.058            0.006     18.082         18.082   18.089       18.089    0.051       0.047        10912767004791  339.8594150   17.2460000        3521      2   55446.274687200         541    18.081    21.832     27.702    1.850       1.974           0      131072            0            1    10912767 
   55452.163847200        18.054        0.030        35212020004134  339.8594080   17.2460000   22h39m26.26s   17d14m45.60s      2               0    4.212450e-07         134         134         126        18.058            0.006     18.082         18.082   18.089       18.089    0.051       0.047        10932880003953  339.8594010   17.2460030        3521      2   55452.169147200         547    18.062    21.434     27.709    1.950       2.219           0      131072            0            1    10932880 
   55452.206587200        18.083        0.029        35212020004134  339.8594080   17.2460000   22h39m26.26s   17d14m45.60s      2               0    4.212450e-07         134         134         126        18.058            0.006     18.082         18.082   18.089       18.089    0.051       0.047        10932994004288  339.8594140   17.2460010        3521      2   55452.211887200         547    18.091    21.570     27.725    2.050       2.211           0      131072            0            1    10932994 
   55467.310857200        18.096        0.074        35212020004134  339.8594080   17.2460000   22h39m26.26s   17d14m45.60s      2               0    4.212450e-07         134         134         126        18.058            0.006     18.082         18.082   18.089       18.089    0.051       0.047        11076928003449  339.8594250   17.2459920        3521      2   55467.315957200         560    18.105    21.220     27.715    1.950       1.972           0      131072            0            1    11076928 
   55468.221587200        18.024        0.416        35212020004134  339.8594080   17.2460000   22h39m26.26s   17d14m45.60s      2               0    4.212450e-07         134         134         126        18.058            0.006     18.082         18.082   18.089       18.089    0.051       0.047        11077553004078  339.8594160   17.2460090        3521      2   55468.226657200         558    18.034    21.460     27.657    2.050       2.177           0      131072            0            1    11077553 
   55416.200397200        18.212        0.187        35212020004134  339.8594080   17.2460000   22h39m26.26s   17d14m45.60s      2               0    4.212450e-07         134         134         126        18.058            0.006     18.082         18.082   18.089       18.089    0.051       0.047        11122400002381  339.8594230   17.2460220        3521      2   55416.204827200         515    18.311    20.322     26.560    3.350       4.072           0      131072            0            1    11122400 
   55416.243347200        18.086        0.184        35212020004134  339.8594080   17.2460000   22h39m26.26s   17d14m45.60s      2               0    4.212450e-07         134         134         126        18.058            0.006     18.082         18.082   18.089       18.089    0.051       0.047        11122538002832  339.8594280   17.2460150        3521      2   55416.247777200         515    18.247    20.673     26.757    3.250       3.254           0      131072            0            1    11122538 
   55422.369597200        18.083        0.033        35212020004134  339.8594080   17.2460000   22h39m26.26s   17d14m45.60s      2               0    4.212450e-07         134         134         126        18.058            0.006     18.082         18.082   18.089       18.089    0.051       0.047        11148589004682  339.8593960   17.2459950        3521      2   55422.374307200         521    18.078    21.795     27.676    2.050       2.074           0      131072            0            1    11148589 
   55422.414337200        18.059        0.033        35212020004134  339.8594080   17.2460000   22h39m26.26s   17d14m45.60s      2               0    4.212450e-07         134         134         126        18.058            0.006     18.082         18.082   18.089       18.089    0.051       0.047        11148740004518  339.8593990   17.2459960        3521      2   55422.419057200         521    18.057    21.776     27.673    2.050       2.223           0      131072            0            1    11148740 
   55429.226357200        18.065        0.037        35212020004134  339.8594080   17.2460000   22h39m26.26s   17d14m45.60s      2               0    4.212450e-07         134         134         126        18.058            0.006     18.082         18.082   18.089       18.089    0.051       0.047        11190900003045  339.8594090   17.2459840        3521      2   55429.231317200         528    18.063    20.937     27.678    1.950       2.126           0      131072            0            1    11190900 
   55429.183207200        18.064        0.041        35212020004134  339.8594080   17.2460000   22h39m26.26s   17d14m45.60s      2               0    4.212450e-07         134         134         126        18.058            0.006     18.082         18.082   18.089       18.089    0.051       0.047        11191097002699  339.8594000   17.2459860        3521      2   55429.188167200         528    18.060    20.632     27.631    2.150       2.482           0      131072            0            1    11191097 
   55426.169847200        18.121        0.080        35212020004134  339.8594080   17.2460000   22h39m26.26s   17d14m45.60s      2               0    4.212450e-07         134         134         126        18.058            0.006     18.082         18.082   18.089       18.089    0.051       0.047        11196938002514  339.8594260   17.2460080        3521      2   55426.174707200         525    18.086    20.153     27.440    3.550       3.534           0      131072            0            1    11196938 
   55436.224917200        18.038        0.047        35212020004134  339.8594080   17.2460000   22h39m26.26s   17d14m45.60s      2               0    4.212450e-07         134         134         126        18.058            0.006     18.082         18.082   18.089       18.089    0.051       0.047        11209482002492  339.8594340   17.2459890        3521      2   55436.230067200         609    18.034    20.423     27.648    2.450       2.697           0      131072            0            1    11209482 
   55436.176617200        17.983        0.053        35212020004134  339.8594080   17.2460000   22h39m26.26s   17d14m45.60s      2               0    4.212450e-07         134         134         126        18.058            0.006     18.082         18.082   18.089       18.089    0.051       0.047        11209702002303  339.8594140   17.2460070        3521      2   55436.181767200         609    17.978    20.177     27.605    2.950       3.364           0      131072            0            1    11209702 
   55439.224367200        18.117        0.033        35212020004134  339.8594080   17.2460000   22h39m26.26s   17d14m45.60s      2               0    4.212450e-07         134         134         126        18.058            0.006     18.082         18.082   18.089       18.089    0.051       0.047        11224536003912  339.8594170   17.2459910        3521      2   55439.229567200         534    18.115    21.383     27.650    2.050       2.091           0      131072            0            1    11224536 
   55439.179857200        18.057        0.034        35212020004134  339.8594080   17.2460000   22h39m26.26s   17d14m45.60s      2               0    4.212450e-07         134         134         126        18.058            0.006     18.082         18.082   18.089       18.089    0.051       0.047        11224578003828  339.8594030   17.2459990        3521      2   55439.185067200         534    18.056    21.197     27.613    2.450       2.573           0      131072            0            1    11224578 
   55382.429197200        18.092        0.030        35212020004134  339.8594080   17.2460000   22h39m26.26s   17d14m45.60s      2               0    4.212450e-07         134         134         126        18.058            0.006     18.082         18.082   18.089       18.089    0.051       0.047        11241639003957  339.8594130   17.2459770        3521      2   55382.431397200         481    18.094    21.420     27.719    2.150       2.239           0      131072            0            1    11241639 
   55382.386187200        18.038        0.031        35212020004134  339.8594080   17.2460000   22h39m26.26s   17d14m45.60s      2               0    4.212450e-07         134         134         126        18.058            0.006     18.082         18.082   18.089       18.089    0.051       0.047        11241653003809  339.8594140   17.2459970        3521      2   55382.388377200         481    18.045    21.297     27.706    2.250       2.403           0      131072            0            1    11241653 
   55387.460507200        18.074        0.128        35212020004134  339.8594080   17.2460000   22h39m26.26s   17d14m45.60s      2               0    4.212450e-07         134         134         126        18.058            0.006     18.082         18.082   18.089       18.089    0.051       0.047        11260078004576  339.8594080   17.2460410        3521      2   55387.463097200         486    17.888    21.494     27.455    2.150       2.301           0      131072            0            1    11260078 
   55387.412087200        18.107        0.128        35212020004134  339.8594080   17.2460000   22h39m26.26s   17d14m45.60s      2               0    4.212450e-07         134         134         126        18.058            0.006     18.082         18.082   18.089       18.089    0.051       0.047        11260241004915  339.8594160   17.2460030        3521      2   55387.414667200         486    17.981    21.787     27.510    1.850       1.980           0      131072            0            1    11260241 
   55349.467407200        18.091        0.058        35212020004134  339.8594080   17.2460000   22h39m26.26s   17d14m45.60s      2               0    4.212450e-07         134         134         126        18.058            0.006     18.082         18.082   18.089       18.089    0.051       0.047        11335748003096  339.8594110   17.2459940        3521      2   55349.466757200         449    18.107    20.796     27.694    2.450       2.597           0      131072            0            1    11335748 
   55419.358367200        18.093        0.196        35212020004134  339.8594080   17.2460000   22h39m26.26s   17d14m45.60s      2               0    4.212450e-07         134         134         126        18.058            0.006     18.082         18.082   18.089       18.089    0.051       0.047        11390784003502  339.8594070   17.2460070        3521      2   55419.362947200         518    17.983    21.049     26.763    2.250       2.337           0      131072            0            1    11390784 
   55419.401647200        18.101        0.196        35212020004134  339.8594080   17.2460000   22h39m26.26s   17d14m45.60s      2               0    4.212450e-07         134         134         126        18.058            0.006     18.082         18.082   18.089       18.089    0.051       0.047        11390947003181  339.8594170   17.2459900        3521      2   55419.406227200         518    18.109    21.036     26.782    2.450       2.744           0      131072            0            1    11390947 
   55364.433677200        18.134        0.034        35212020004134  339.8594080   17.2460000   22h39m26.26s   17d14m45.60s      2               0    4.212450e-07         134         134         126        18.058            0.006     18.082         18.082   18.089       18.089    0.051       0.047        11393184004000  339.8594220   17.2459970        3521      2   55364.434347200         463    18.128    21.368     27.620    2.550       2.679           0      131072            0            1    11393184 
   55364.386147200        18.133        0.035        35212020004134  339.8594080   17.2460000   22h39m26.26s   17d14m45.60s      2               0    4.212450e-07         134         134         126        18.058            0.006     18.082         18.082   18.089       18.089    0.051       0.047        11393186003880  339.8594500   17.2460130        3521      2   55364.386807200         463    18.125    21.316     27.588    2.450       2.559           0      131072            0            1    11393186 
   55369.460177200        18.042        0.030        35212020004134  339.8594080   17.2460000   22h39m26.26s   17d14m45.60s      2               0    4.212450e-07         134         134         126        18.058            0.006     18.082         18.082   18.089       18.089    0.051       0.047        11409377004715  339.8594340   17.2460120        3521      2   55369.461277200         468    18.039    21.715     27.718    2.050       2.268           0      131072            0            1    11409377 
   55372.400097200        18.086        0.039        35212020004134  339.8594080   17.2460000   22h39m26.26s   17d14m45.60s      2               0    4.212450e-07         134         134         126        18.058            0.006     18.082         18.082   18.089       18.089    0.051       0.047        11411694003006  339.8593960   17.2459760        3521      2   55372.401447200         471    18.084    20.907     27.696    2.050       2.304           0      131072            0            1    11411694 
   55372.356507200        18.044        0.041        35212020004134  339.8594080   17.2460000   22h39m26.26s   17d14m45.60s      2               0    4.212450e-07         134         134         126        18.058            0.006     18.082         18.082   18.089       18.089    0.051       0.047        11411758002589  339.8594450   17.2459960        3521      2   55372.357857200         471    18.046    20.505     27.665    2.550       2.768           0      131072            0            1    11411758 
   55371.453437200        18.069        0.028        35212020004134  339.8594080   17.2460000   22h39m26.26s   17d14m45.60s      2               0    4.212450e-07         134         134         126        18.058            0.006     18.082         18.082   18.089       18.089    0.051       0.047        11414271004250  339.8594270   17.2459970        3521      2   55371.454717200         470    18.069    21.512     27.729    2.050       2.177           0      131072            0            1    11414271 
   55370.457827200        18.077        0.028        35212020004134  339.8594080   17.2460000   22h39m26.26s   17d14m45.60s      2               0    4.212450e-07         134         134         126        18.058            0.006     18.082         18.082   18.089       18.089    0.051       0.047        11416670004697  339.8594180   17.2459860        3521      2   55370.459017200         469    18.091    21.792     27.740    2.050       2.085           0      131072            0            1    11416670 
   55377.357017200        18.086        0.043        35212020004134  339.8594080   17.2460000   22h39m26.26s   17d14m45.60s      2               0    4.212450e-07         134         134         126        18.058            0.006     18.082         18.082   18.089       18.089    0.051       0.047        11431186002585  339.8594380   17.2460020        3521      2   55377.358787200         476    18.085    20.583     27.624    2.350       2.477           0      131072            0            1    11431186 
   55377.401227200        18.122        0.043        35212020004134  339.8594080   17.2460000   22h39m26.26s   17d14m45.60s      2               0    4.212450e-07         134         134         126        18.058            0.006     18.082         18.082   18.089       18.089    0.051       0.047        11431218002703  339.8594360   17.2460160        3521      2   55377.403007200         476    18.123    20.662     27.647    2.350       2.533           0      131072            0            1    11431218 
   55137.187677200        18.249        0.047        35212020004134  339.8594080   17.2460000   22h39m26.26s   17d14m45.60s      2               0    4.212450e-07         134         134         126        18.058            0.006     18.082         18.082   18.089       18.089    0.051       0.047        11784655002405  339.8593770   17.2459700        3521      2   55137.191017200         244    18.252    20.505     27.779    2.250       2.418           0      131072            0            1    11784655 
   55138.179157200        17.984        0.049        35212020004134  339.8594080   17.2460000   22h39m26.26s   17d14m45.60s      2               0    4.212450e-07         134         134         126        18.058            0.006     18.082         18.082   18.089       18.089    0.051       0.047        11787865002514  339.8594100   17.2459830        3521      2   55138.182427200         245    17.981    20.424     27.764    2.550       2.892           0      131072            0            1    11787865 
   55142.163267200        18.062        0.031        35212020004134  339.8594080   17.2460000   22h39m26.26s   17d14m45.60s      2               0    4.212450e-07         134         134         126        18.058            0.006     18.082         18.082   18.089       18.089    0.051       0.047        11793112004016  339.8593920   17.2459810        3521      2   55142.166237200         282    18.068    21.413     27.772    2.250       2.334           0      131072            0            1    11793112 
   55142.118957200        18.127        0.032        35212020004134  339.8594080   17.2460000   22h39m26.26s   17d14m45.60s      2               0    4.212450e-07         134         134         126        18.058            0.006     18.082         18.082   18.089       18.089    0.051       0.047        11793215003794  339.8593960   17.2459990        3521      2   55142.121927200         282    18.137    21.271     27.768    2.450       2.581           0      131072            0            1    11793215 
   55123.223387200        18.085        0.030        35212020004134  339.8594080   17.2460000   22h39m26.26s   17d14m45.60s      2               0    4.212450e-07         134         134         126        18.058            0.006     18.082         18.082   18.089       18.089    0.051       0.047        11811844003936  339.8593930   17.2460330        3521      2   55123.227627200         232    18.094    21.609     27.809    2.050       1.993           0      131072            0            1    11811844 
   55045.207707200        18.058        0.045        35212020004134  339.8594080   17.2460000   22h39m26.26s   17d14m45.60s      2               0    4.212450e-07         134         134         126        18.058            0.006     18.082         18.082   18.089       18.089    0.051       0.047        11857766002367  339.8593800   17.2460100        3521      2   55045.211847200         159    18.050    20.042     27.222    3.150       3.631           0      131072            0            1    11857766 
   55045.289337200        18.061        0.034        35212020004134  339.8594080   17.2460000   22h39m26.26s   17d14m45.60s      2               0    4.212450e-07         134         134         126        18.058            0.006     18.082         18.082   18.089       18.089    0.051       0.047        11857774003336  339.8594240   17.2459970        3521      2   55045.293477200         159    18.070    20.978     27.338    1.950       2.186           0      131072            0            1    11857774 
   55049.426157200        18.058        0.051        35212020004134  339.8594080   17.2460000   22h39m26.26s   17d14m45.60s      2               0    4.212450e-07         134         134         126        18.058            0.006     18.082         18.082   18.089       18.089    0.051       0.047        11863804002218  339.8594470   17.2460170        3521      2   55049.430517200         163    18.060    20.159     27.281    2.050       2.313           0      131072            0            1    11863804 
   55054.221717200        18.219        0.076        35212020004134  339.8594080   17.2460000   22h39m26.26s   17d14m45.60s      2               0    4.212450e-07         134         134         126        18.058            0.006     18.082         18.082   18.089       18.089    0.051       0.047        11868856001959  339.8594170   17.2459870        3521      2   55054.226297200         168    18.215    19.779     27.082    3.450       4.178           0      131072            0            1    11868856 
   55066.328927200        18.080        0.038        35212020004134  339.8594080   17.2460000   22h39m26.26s   17d14m45.60s      2               0    4.212450e-07         134         134         126        18.058            0.006     18.082         18.082   18.089       18.089    0.051       0.047        11884937004181  339.8594010   17.2459840        3521      2   55066.333957200         180    18.069    21.491     27.050    1.750       1.915           0      131072            0            1    11884937 
   55066.284507200        18.100        0.038        35212020004134  339.8594080   17.2460000   22h39m26.26s   17d14m45.60s      2               0    4.212450e-07         134         134         126        18.058            0.006     18.082         18.082   18.089       18.089    0.051       0.047        11884954004162  339.8593870   17.2460370        3521      2   55066.289537200         180    18.112    21.507     27.033    1.650       1.730           0      131072            0            1    11884954 
   55061.271507200        18.041        0.033        35212020004134  339.8594080   17.2460000   22h39m26.26s   17d14m45.60s      2               0    4.212450e-07         134         134         126        18.058            0.006     18.082         18.082   18.089       18.089    0.051       0.047        11894306004361  339.8593860   17.2460480        3521      2   55061.276377200         175    18.037    21.496     27.179    1.850       2.034           0      131072            0            1    11894306 
   55061.369177200        18.072        0.033        35212020004134  339.8594080   17.2460000   22h39m26.26s   17d14m45.60s      2               0    4.212450e-07         134         134         126        18.058            0.006     18.082         18.082   18.089       18.089    0.051       0.047        11894330004486  339.8594180   17.2460300        3521      2   55061.374047200         175    18.067    21.528     27.182    2.050       2.109           0      131072            0            1    11894330 
   55056.350197200        18.069        0.034        35212020004134  339.8594080   17.2460000   22h39m26.26s   17d14m45.60s      2               0    4.212450e-07         134         134         126        18.058            0.006     18.082         18.082   18.089       18.089    0.051       0.047        11900394003635  339.8594040   17.2460060        3521      2   55056.354877200         170    18.071    21.049     27.217    2.150       2.232           0      131072            0            1    11900394 
   55056.268047200        18.120        0.034        35212020004134  339.8594080   17.2460000   22h39m26.26s   17d14m45.60s      2               0    4.212450e-07         134         134         126        18.058            0.006     18.082         18.082   18.089       18.089    0.051       0.047        11900405003710  339.8594380   17.2459830        3521      2   55056.272717200         170    18.121    21.143     27.194    2.050       2.188           0      131072            0            1    11900405 
   55019.451217200        18.121        0.046        35212020004134  339.8594080   17.2460000   22h39m26.26s   17d14m45.60s      2               0    4.212450e-07         134         134         126        18.058            0.006     18.082         18.082   18.089       18.089    0.051       0.047        11910557002475  339.8593740   17.2460120        3521      2   55019.453587200         133    18.112    20.230     27.149    2.350       2.533           0      131072            0            1    11910557 
   55019.390137200        18.141        0.051        35212020004134  339.8594080   17.2460000   22h39m26.26s   17d14m45.60s      2               0    4.212450e-07         134         134         126        18.058            0.006     18.082         18.082   18.089       18.089    0.051       0.047        11910602002351  339.8594130   17.2459990        3521      2   55019.392507200         133    18.130    20.099     27.131    2.450       2.246           0      131072            0            1    11910602 
   55087.280887200        18.097        0.032        35212020004134  339.8594080   17.2460000   22h39m26.26s   17d14m45.60s      2               0    4.212450e-07         134         134         126        18.058            0.006     18.082         18.082   18.089       18.089    0.051       0.047        11916705004393  339.8594150   17.2460400        3521      2   55087.286197200         199    18.090    21.565     27.244    1.950       1.792           0      131072            0            1    11916705 
   55087.325037200        18.069        0.032        35212020004134  339.8594080   17.2460000   22h39m26.26s   17d14m45.60s      2               0    4.212450e-07         134         134         126        18.058            0.006     18.082         18.082   18.089       18.089    0.051       0.047        11916719004262  339.8594310   17.2460250        3521      2   55087.330337200         199    18.063    21.500     27.241    2.050       2.193           0      131072            0            1    11916719 
   55032.282817200        18.234        0.094        35212020004134  339.8594080   17.2460000   22h39m26.26s   17d14m45.60s      2               0    4.212450e-07         134         134         126        18.058            0.006     18.082         18.082   18.089       18.089    0.051       0.047        11956327001793  339.8594020   17.2460320        3521      2   55032.286137200         146    19.553    21.001     27.210    2.150       2.753           0      131072            0            1    11956327 
   55031.383737200        18.060        0.032        35212020004134  339.8594080   17.2460000   22h39m26.26s   17d14m45.60s      2               0    4.212450e-07         134         134         126        18.058            0.006     18.082         18.082   18.089       18.089    0.051       0.047        11957187004756  339.8594210   17.2460550        3521      2   55031.387007200         145    18.070    21.704     27.330    1.850       1.883           0      131072            0            1    11957187 
   55039.420947200        18.030        0.031        35212020004134  339.8594080   17.2460000   22h39m26.26s   17d14m45.60s      2               0    4.212450e-07         134         134         126        18.058            0.006     18.082         18.082   18.089       18.089    0.051       0.047        11985332004626  339.8594360   17.2459950        3521      2   55039.424747200         153    18.027    21.637     27.298    1.950       2.086           0      131072            0            1    11985332 
   55039.376907200        18.071        0.031        35212020004134  339.8594080   17.2460000   22h39m26.26s   17d14m45.60s      2               0    4.212450e-07         134         134         126        18.058            0.006     18.082         18.082   18.089       18.089    0.051       0.047        11985427004474  339.8594230   17.2460350        3521      2   55039.380697200         153    18.066    21.594     27.276    1.950       2.035           0      131072            0            1    11985427 
   55498.219327200        18.069        0.190        35212020004134  339.8594080   17.2460000   22h39m26.26s   17d14m45.60s      2               0    4.212450e-07         134         134         126        18.058            0.006     18.082         18.082   18.089       18.089    0.051       0.047        12782245003095  339.8594050   17.2459910        3521      2   55498.222967200         593    18.293    21.162     27.631    2.050       2.249           0      131072            0            1    12782245 
   55498.274697200        18.078        0.189        35212020004134  339.8594080   17.2460000   22h39m26.26s   17d14m45.60s      2               0    4.212450e-07         134         134         126        18.058            0.006     18.082         18.082   18.089       18.089    0.051       0.047        12782586003723  339.8594100   17.2460190        3521      2   55498.278327200         593    17.909    21.169     27.533    1.950       1.992           0      131072            0            1    12782586 
   55458.418447200        18.099        0.038        35212020004134  339.8594080   17.2460000   22h39m26.26s   17d14m45.60s      2               0    4.212450e-07         134         134         126        18.058            0.006     18.082         18.082   18.089       18.089    0.051       0.047        12794034003160  339.8594100   17.2459940        3521      2   55458.423707200         553    18.094    20.964     27.693    2.250       2.291           0      131072            0            1    12794034 
   55458.351667200        18.176        0.040        35212020004134  339.8594080   17.2460000   22h39m26.26s   17d14m45.60s      2               0    4.212450e-07         134         134         126        18.058            0.006     18.082         18.082   18.089       18.089    0.051       0.047        12794190002919  339.8594200   17.2459970        3521      2   55458.356927200         553    18.173    20.868     27.715    2.150       2.187           0      131072            0            1    12794190 
   55480.170497200        18.068        0.031        35212020004134  339.8594080   17.2460000   22h39m26.26s   17d14m45.60s      2               0    4.212450e-07         134         134         126        18.058            0.006     18.082         18.082   18.089       18.089    0.051       0.047        12805692004007  339.8594070   17.2460050        3521      2   55480.175147200         574    18.073    21.402     27.710    2.150       2.303           0      131072            0            1    12805692 
   55480.128187200        18.105        0.031        35212020004134  339.8594080   17.2460000   22h39m26.26s   17d14m45.60s      2               0    4.212450e-07         134         134         126        18.058            0.006     18.082         18.082   18.089       18.089    0.051       0.047        12805707003999  339.8594050   17.2459990        3521      2   55480.132837200         574    18.115    21.447     27.687    2.050       2.137           0      131072            0            1    12805707 
   56202.157977200        18.090        0.041        35212020004134  339.8594080   17.2460000   22h39m26.26s   17d14m45.60s      2               0    4.212450e-07         134         134         126        18.058            0.006     18.082         18.082   18.089       18.089    0.051       0.047        14272501002556  339.8594160   17.2459930        3521      2   56202.162947200        1299    18.108    20.711     27.723    1.950       2.160           0      131072            0            1    14272501 
   56202.128807200        18.062        0.041        35212020004134  339.8594080   17.2460000   22h39m26.26s   17d14m45.60s      2               0    4.212450e-07         134         134         126        18.058            0.006     18.082         18.082   18.089       18.089    0.051       0.047        14272504002575  339.8594070   17.2460090        3521      2   56202.133787200        1299    18.077    20.574     27.709    2.250       2.659           0      131072            0            1    14272504 
   56202.187427200        18.071        0.040        35212020004134  339.8594080   17.2460000   22h39m26.26s   17d14m45.60s      2               0    4.212450e-07         134         134         126        18.058            0.006     18.082         18.082   18.089       18.089    0.051       0.047        14272537002617  339.8594300   17.2460020        3521      2   56202.192407200        1299    18.077    20.624     27.733    2.250       2.427           0      131072            0            1    14272537 
   56204.112797200        17.920        0.277        35212020004134  339.8594080   17.2460000   22h39m26.26s   17d14m45.60s      2               0    4.212450e-07         134         134         126        18.058            0.006     18.082         18.082   18.089       18.089    0.051       0.047        14313586001825  339.8594230   17.2460070        3521      2   56204.117707200        1301    18.656    20.554     27.523    2.650       3.516           0      131072            0            1    14313586 
   56204.143157200        18.101        0.272        35212020004134  339.8594080   17.2460000   22h39m26.26s   17d14m45.60s      2               0    4.212450e-07         134         134         126        18.058            0.006     18.082         18.082   18.089       18.089    0.051       0.047        14313609002608  339.8594310   17.2460020        3521      2   56204.148067200        1301    18.398    20.900     27.515    2.250       2.376           0      131072            0            1    14313609 
   56204.173637200        18.040        0.270        35212020004134  339.8594080   17.2460000   22h39m26.26s   17d14m45.60s      2               0    4.212450e-07         134         134         126        18.058            0.006     18.082         18.082   18.089       18.089    0.051       0.047        14313634003338  339.8594100   17.2460130        3521      2   56204.178537200        1301    17.778    20.760     27.442    2.450       2.661           0      131072            0            1    14313634 
   56206.113627200        18.075        0.072        35212020004134  339.8594080   17.2460000   22h39m26.26s   17d14m45.60s      2               0    4.212450e-07         134         134         126        18.058            0.006     18.082         18.082   18.089       18.089    0.051       0.047        14339740003776  339.8594160   17.2459980        3521      2   56206.118457200        1303    18.016    21.162     27.670    2.550       2.636           0      131072            0            1    14339740 
   56206.149307200        18.072        0.071        35212020004134  339.8594080   17.2460000   22h39m26.26s   17d14m45.60s      2               0    4.212450e-07         134         134         126        18.058            0.006     18.082         18.082   18.089       18.089    0.051       0.047        14339761004058  339.8594100   17.2460130        3521      2   56206.154137200        1303    18.087    21.497     27.754    2.250       2.261           0      131072            0            1    14339761 
   56206.179597200        18.108        0.071        35212020004134  339.8594080   17.2460000   22h39m26.26s   17d14m45.60s      2               0    4.212450e-07         134         134         126        18.058            0.006     18.082         18.082   18.089       18.089    0.051       0.047        14339791004251  339.8594030   17.2460020        3521      2   56206.184427200        1303    18.145    21.660     27.783    2.050       2.064           0      131072            0            1    14339791 
   56228.184547200        18.071        0.041        35212020004134  339.8594080   17.2460000   22h39m26.26s   17d14m45.60s      2               0    4.212450e-07         134         134         126        18.058            0.006     18.082         18.082   18.089       18.089    0.051       0.047        14451022002629  339.8593970   17.2460400        3521      2   56228.188217200        1315    18.059    20.592     27.731    2.250       2.324           0      131072            0            1    14451022 
   56228.215327200        18.081        0.045        35212020004134  339.8594080   17.2460000   22h39m26.26s   17d14m45.60s      2               0    4.212450e-07         134         134         126        18.058            0.006     18.082         18.082   18.089       18.089    0.051       0.047        14451038002383  339.8594210   17.2459790        3521      2   56228.218997200        1315    18.084    20.496     27.725    2.350       2.562           0      131072            0            1    14451038 
   56230.249197200        18.106        0.045        35212020004134  339.8594080   17.2460000   22h39m26.26s   17d14m45.60s      2               0    4.212450e-07         134         134         126        18.058            0.006     18.082         18.082   18.089       18.089    0.051       0.047        14486886002397  339.8594090   17.2460100        3521      2   56230.252737200        1317    18.118    20.503     27.708    2.050       2.128           0      131072            0            1    14486886 
   56234.212917200        18.065        0.050        35212020004134  339.8594080   17.2460000   22h39m26.26s   17d14m45.60s      2               0    4.212450e-07         134         134         126        18.058            0.006     18.082         18.082   18.089       18.089    0.051       0.047        14496048003183  339.8594050   17.2459930        3521      2   56234.216167200        1321    18.043    20.989     27.699    2.450       2.680           0      131072            0            1    14496048 
   56234.244177200        18.083        0.051        35212020004134  339.8594080   17.2460000   22h39m26.26s   17d14m45.60s      2               0    4.212450e-07         134         134         126        18.058            0.006     18.082         18.082   18.089       18.089    0.051       0.047        14496063003069  339.8594040   17.2460100        3521      2   56234.247427200        1321    18.053    20.865     27.683    2.550       2.659           0      131072            0            1    14496063 
   56236.145687200        18.051        0.032        35212020004134  339.8594080   17.2460000   22h39m26.26s   17d14m45.60s      2               0    4.212450e-07         134         134         126        18.058            0.006     18.082         18.082   18.089       18.089    0.051       0.047        14529361003786  339.8594160   17.2460090        3521      2   56236.148787200        1323    18.053    21.382     27.739    2.350       2.415           0      131072            0            1    14529361 
   56238.121187200        18.073        0.030        35212020004134  339.8594080   17.2460000   22h39m26.26s   17d14m45.60s      2               0    4.212450e-07         134         134         126        18.058            0.006     18.082         18.082   18.089       18.089    0.051       0.047        14571102003884  339.8594090   17.2460090        3521      2   56238.124147200        1325    18.081    21.470     27.743    2.050       2.189           0      131072            0            1    14571102 
   56238.091697200        18.098        0.031        35212020004134  339.8594080   17.2460000   22h39m26.26s   17d14m45.60s      2               0    4.212450e-07         134         134         126        18.058            0.006     18.082         18.082   18.089       18.089    0.051       0.047        14571124003774  339.8594170   17.2460190        3521      2   56238.094657200        1325    18.102    21.367     27.737    2.150       2.148           0      131072            0            1    14571124 
   56232.228407200        18.086        0.072        35212020004134  339.8594080   17.2460000   22h39m26.26s   17d14m45.60s      2               0    4.212450e-07         134         134         126        18.058            0.006     18.082         18.082   18.089       18.089    0.051       0.047        14645841003030  339.8594070   17.2460190        3521      2   56232.231797200        1319    18.031    20.967     27.678    2.050       2.381           0      131072            0            1    14645841 
   56251.084597200        18.089        0.031        35212020004134  339.8594080   17.2460000   22h39m26.26s   17d14m45.60s      2               0    4.212450e-07         134         134         126        18.058            0.006     18.082         18.082   18.089       18.089    0.051       0.047        14654891003465  339.8594230   17.2459940        3521      2   56251.086477200        1338    18.099    21.218     27.748    2.050       2.117           0      131072            0            1    14654891 
   56251.114167200        18.092        0.033        35212020004134  339.8594080   17.2460000   22h39m26.26s   17d14m45.60s      2               0    4.212450e-07         134         134         126        18.058            0.006     18.082         18.082   18.089       18.089    0.051       0.047        14654901003281  339.8594130   17.2460000        3521      2   56251.116047200        1338    18.101    20.878     27.750    2.850       2.827           0      131072            0            1    14654901 
   56255.112127200        18.145        0.042        35212020004134  339.8594080   17.2460000   22h39m26.26s   17d14m45.60s      2               0    4.212450e-07         134         134         126        18.058            0.006     18.082         18.082   18.089       18.089    0.051       0.047        14696621002367  339.8594220   17.2460180        3521      2   56255.113657200        1342    18.158    20.356     27.751    3.350       3.647           0      131072            0            1    14696621 
   56267.144527200        18.070        0.220        35212020004134  339.8594080   17.2460000   22h39m26.26s   17d14m45.60s      2               0    4.212450e-07         134         134         126        18.058            0.006     18.082         18.082   18.089       18.089    0.051       0.047        14758872003305  339.8594060   17.2460140        3521      2   56267.144947200        1354    18.099    21.042     27.582    2.350       2.540           0      131072            0            1    14758872 
   56267.186597200        18.089        0.220        35212020004134  339.8594080   17.2460000   22h39m26.26s   17d14m45.60s      2               0    4.212450e-07         134         134         126        18.058            0.006     18.082         18.082   18.089       18.089    0.051       0.047        14758895003151  339.8594040   17.2459910        3521      2   56267.187007200        1354    18.130    21.037     27.521    2.050       2.248           0      131072            0            1    14758895 
   56265.173377200        18.051        0.237        35212020004134  339.8594080   17.2460000   22h39m26.26s   17d14m45.60s      2               0    4.212450e-07         134         134         126        18.058            0.006     18.082         18.082   18.089       18.089    0.051       0.047        14767655002714  339.8594130   17.2459990        3521      2   56265.173987200        1352    18.245    21.003     27.490    2.250       2.435           0      131072            0            1    14767655 
   56265.143887200        18.141        0.236        35212020004134  339.8594080   17.2460000   22h39m26.26s   17d14m45.60s      2               0    4.212450e-07         134         134         126        18.058            0.006     18.082         18.082   18.089       18.089    0.051       0.047        14767665003869  339.8594080   17.2460020        3521      2   56265.144497200        1352    18.083    21.441     27.648    2.250       2.280           0      131072            0            1    14767665 
   56271.223777200        18.124        0.049        35212020004134  339.8594080   17.2460000   22h39m26.26s   17d14m45.60s      2               0    4.212450e-07         134         134         126        18.058            0.006     18.082         18.082   18.089       18.089    0.051       0.047        14805507002508  339.8594190   17.2460190        3521      2   56271.223807200        1358    18.110    20.530     27.614    3.550       3.894           0      131072            0            1    14805507 
   56257.088927200        18.136        0.040        35212020004134  339.8594080   17.2460000   22h39m26.26s   17d14m45.60s      2               0    4.212450e-07         134         134         126        18.058            0.006     18.082         18.082   18.089       18.089    0.051       0.047        15702442002597  339.8593920   17.2460160        3521      2   56257.090267200        1344    18.129    20.562     27.729    2.650       2.596           0      131072            0            1    15702442 
   56257.119777200        18.111        0.039        35212020004134  339.8594080   17.2460000   22h39m26.26s   17d14m45.60s      2               0    4.212450e-07         134         134         126        18.058            0.006     18.082         18.082   18.089       18.089    0.051       0.047        15702461002716  339.8594020   17.2459960        3521      2   56257.121127200        1344    18.104    20.735     27.732    2.250       2.349           0      131072            0            1    15702461 
   56911.286797200        18.214        0.049        35212020004134  339.8594080   17.2460000   22h39m26.26s   17d14m45.60s      2               0    4.212450e-07         134         134         126        18.058            0.006     18.082         18.082   18.089       18.089    0.051       0.047        21288198002423  339.8594050   17.2459540        3521      2   56911.292097200        1975    18.184    20.447     27.635    2.350       2.390           0      131072            0            1    21288198 
