   55783.450517200        17.688        0.029        35212060002918  339.0054160   15.9879520   22h36m01.30s   15d59m16.63s      2               0    6.489103e-07         132          48          40        17.675            0.006     17.706         17.706   17.720       17.713    0.066       0.050        10358099005859  339.0053910   15.9879600        3521      6   55783.455047200         881    17.691    21.778     27.574    2.050       2.383           0      131075            0            1    10358099 
   55794.417557200        17.708        0.070        35212060002918  339.0054160   15.9879520   22h36m01.30s   15d59m16.63s      2               0    6.489103e-07         132          48          40        17.675            0.006     17.706         17.706   17.720       17.713    0.066       0.050        10379479003062  339.0054100   15.9879600        3521      6   55794.422517200         892    18.382    20.905     27.531    2.150       2.558           0      131072            0            1    10379479 
   55794.374747200        17.799        0.096        35212060002918  339.0054160   15.9879520   22h36m01.30s   15d59m16.63s      2               0    6.489103e-07         132          48          40        17.675            0.006     17.706         17.706   17.720       17.713    0.066       0.050        10379521001897  339.0053890   15.9879820        3521      6   55794.379707200         892    19.224    20.767     27.528    2.050       2.015           0      131072            0            1    10379521 
   55821.364667200        17.699        0.031        35212060002918  339.0054160   15.9879520   22h36m01.30s   15d59m16.63s      2               0    6.489103e-07         132          48          40        17.675            0.006     17.706         17.706   17.720       17.713    0.066       0.050        10510076004113  339.0054270   15.9879810        3521      6   55821.369947200         919    17.705    20.954     27.534    2.050       2.199           0      131075            0            1    10510076 
   55821.319317200        17.708        0.030        35212060002918  339.0054160   15.9879520   22h36m01.30s   15d59m16.63s      2               0    6.489103e-07         132          48          40        17.675            0.006     17.706         17.706   17.720       17.713    0.066       0.050        10510105004510  339.0054260   15.9879820        3521      6   55821.324607200         919    17.709    20.941     27.543    2.250       2.469           0      131072            0            1    10510105 
   55471.200687200        17.709        0.029        35212060002918  339.0054160   15.9879520   22h36m01.30s   15d59m16.63s      2               0    6.489103e-07         132          48          40        17.675            0.006     17.706         17.706   17.720       17.713    0.066       0.050        10797714005813  339.0053910   15.9879500        3521      6   55471.205667200         562    17.715    21.661     27.662    2.050       2.358           0      131075            0            1    10797714 
   55471.244407200        17.684        0.030        35212060002918  339.0054160   15.9879520   22h36m01.30s   15d59m16.63s      2               0    6.489103e-07         132          48          40        17.675            0.006     17.706         17.706   17.720       17.713    0.066       0.050        10797892005814  339.0053860   15.9879320        3521      6   55471.249397200         562    17.686    21.657     27.658    2.050       2.078           0      131075            0            1    10797892 
   55483.166527200        17.669        0.028        35212060002918  339.0054160   15.9879520   22h36m01.30s   15d59m16.63s      2               0    6.489103e-07         132          48          40        17.675            0.006     17.706         17.706   17.720       17.713    0.066       0.050        10855226005489  339.0054010   15.9879510        3521      6   55483.171037200         577    17.683    21.549     27.659    1.950       2.196           0      131075            0            1    10855226 
   55483.122857200        17.699        0.029        35212060002918  339.0054160   15.9879520   22h36m01.30s   15d59m16.63s      2               0    6.489103e-07         132          48          40        17.675            0.006     17.706         17.706   17.720       17.713    0.066       0.050        10855267005323  339.0054150   15.9879700        3521      6   55483.127367200         577    17.707    21.434     27.644    2.050       2.246           0      131075            0            1    10855267 
   55443.230767200        17.721        0.029        35212060002918  339.0054160   15.9879520   22h36m01.30s   15d59m16.63s      2               0    6.489103e-07         132          48          40        17.675            0.006     17.706         17.706   17.720       17.713    0.066       0.050        10907901005507  339.0054080   15.9879570        3521      6   55443.236027200         538    17.722    21.610     27.652    2.150       2.337           0      131075            0            1    10907901 
   55443.185917200        17.727        0.030        35212060002918  339.0054160   15.9879520   22h36m01.30s   15d59m16.63s      2               0    6.489103e-07         132          48          40        17.675            0.006     17.706         17.706   17.720       17.713    0.066       0.050        10907909004786  339.0054220   15.9879700        3521      6   55443.191177200         538    17.734    21.313     27.623    2.450       2.656           0      131075            0            1    10907909 
   55446.312747200        17.722        0.032        35212060002918  339.0054160   15.9879520   22h36m01.30s   15d59m16.63s      2               0    6.489103e-07         132          48          40        17.675            0.006     17.706         17.706   17.720       17.713    0.066       0.050        10913961006260  339.0053960   15.9879660        3521      6   55446.318037200         541    17.726    21.885     27.657    1.850       1.992           0      131074            0            1    10913961 
   55446.269397200        17.694        0.032        35212060002918  339.0054160   15.9879520   22h36m01.30s   15d59m16.63s      2               0    6.489103e-07         132          48          40        17.675            0.006     17.706         17.706   17.720       17.713    0.066       0.050        10914006006180  339.0053760   15.9879660        3521      6   55446.274687200         541    17.699    21.807     27.656    1.950       2.103           0      131075            0            1    10914006 
   55452.163847200        17.740        0.028        35212060002918  339.0054160   15.9879520   22h36m01.30s   15d59m16.63s      2               0    6.489103e-07         132          48          40        17.675            0.006     17.706         17.706   17.720       17.713    0.066       0.050        10934490005443  339.0054100   15.9879670        3521      6   55452.169147200         547    17.746    21.321     27.656    2.150       2.330           0      131075            0            1    10934490 
   55452.206587200        17.684        0.027        35212060002918  339.0054160   15.9879520   22h36m01.30s   15d59m16.63s      2               0    6.489103e-07         132          48          40        17.675            0.006     17.706         17.706   17.720       17.713    0.066       0.050        10934602005726  339.0054130   15.9879780        3521      6   55452.211887200         547    17.695    21.548     27.672    2.150       2.353           0      131075            0            1    10934602 
   55467.310857200        17.712        0.042        35212060002918  339.0054160   15.9879520   22h36m01.30s   15d59m16.63s      2               0    6.489103e-07         132          48          40        17.675            0.006     17.706         17.706   17.720       17.713    0.066       0.050        11077051005012  339.0053860   15.9879280        3521      6   55467.315957200         560    17.697    21.232     27.626    1.950       2.246           0      131073            0            1    11077051 
   55468.221587200        17.725        0.262        35212060002918  339.0054160   15.9879520   22h36m01.30s   15d59m16.63s      2               0    6.489103e-07         132          48          40        17.675            0.006     17.706         17.706   17.720       17.713    0.066       0.050        11077897005473  339.0054200   15.9879560        3521      6   55468.226657200         558    17.718    21.509     27.659    2.050       2.362           0      131075            0            1    11077897 
   55416.243347200        17.687        0.176        35212060002918  339.0054160   15.9879520   22h36m01.30s   15d59m16.63s      2               0    6.489103e-07         132          48          40        17.675            0.006     17.706         17.706   17.720       17.713    0.066       0.050        11121435003070  339.0054040   15.9879810        3521      6   55416.247777200         515    17.819    20.706     26.564    2.950       3.267           0      131075            0            1    11121435 
   55422.369597200        17.667        0.028        35212060002918  339.0054160   15.9879520   22h36m01.30s   15d59m16.63s      2               0    6.489103e-07         132          48          40        17.675            0.006     17.706         17.706   17.720       17.713    0.066       0.050        11149883006192  339.0053760   15.9879600        3521      6   55422.374307200         521    17.663    21.891     27.682    2.050       2.358           0      131075            0            1    11149883 
   55422.414337200        17.695        0.028        35212060002918  339.0054160   15.9879520   22h36m01.30s   15d59m16.63s      2               0    6.489103e-07         132          48          40        17.675            0.006     17.706         17.706   17.720       17.713    0.066       0.050        11150030005705  339.0053670   15.9879610        3521      6   55422.419057200         521    17.692    21.814     27.677    2.150       2.354           0      131075            0            1    11150030 
   55429.226357200        17.711        0.030        35212060002918  339.0054160   15.9879520   22h36m01.30s   15d59m16.63s      2               0    6.489103e-07         132          48          40        17.675            0.006     17.706         17.706   17.720       17.713    0.066       0.050        11192864004344  339.0053780   15.9879650        3521      6   55429.231317200         528    17.708    20.938     27.635    2.050       2.186           0      131074            0            1    11192864 
   55429.183207200        17.705        0.034        35212060002918  339.0054160   15.9879520   22h36m01.30s   15d59m16.63s      2               0    6.489103e-07         132          48          40        17.675            0.006     17.706         17.706   17.720       17.713    0.066       0.050        11193056003748  339.0054060   15.9879450        3521      6   55429.188167200         528    17.696    20.641     27.586    2.250       2.315           0      131072            0            1    11193056 
   55426.169847200        17.660        0.072        35212060002918  339.0054160   15.9879520   22h36m01.30s   15d59m16.63s      2               0    6.489103e-07         132          48          40        17.675            0.006     17.706         17.706   17.720       17.713    0.066       0.050        11198477003522  339.0054120   15.9879560        3521      6   55426.174707200         525    17.512    20.232     27.320    3.350       3.628           0      131075            0            1    11198477 
   55436.224917200        17.707        0.036        35212060002918  339.0054160   15.9879520   22h36m01.30s   15d59m16.63s      2               0    6.489103e-07         132          48          40        17.675            0.006     17.706         17.706   17.720       17.713    0.066       0.050        11208936003735  339.0053950   15.9879720        3521      6   55436.230067200         609    17.689    20.534     27.639    2.450       2.413           0      131072            0            1    11208936 
   55436.176617200        17.723        0.040        35212060002918  339.0054160   15.9879520   22h36m01.30s   15d59m16.63s      2               0    6.489103e-07         132          48          40        17.675            0.006     17.706         17.706   17.720       17.713    0.066       0.050        11209154003032  339.0054250   15.9879380        3521      6   55436.181767200         609    17.709    20.329     27.600    2.850       3.095           0      131075            0            1    11209154 
   55439.224367200        17.725        0.029        35212060002918  339.0054160   15.9879520   22h36m01.30s   15d59m16.63s      2               0    6.489103e-07         132          48          40        17.675            0.006     17.706         17.706   17.720       17.713    0.066       0.050        11224411005408  339.0054250   15.9879810        3521      6   55439.229567200         534    17.724    21.482     27.642    2.050       2.299           0      131075            0            1    11224411 
   55439.179857200        17.676        0.030        35212060002918  339.0054160   15.9879520   22h36m01.30s   15d59m16.63s      2               0    6.489103e-07         132          48          40        17.675            0.006     17.706         17.706   17.720       17.713    0.066       0.050        11224453005220  339.0054230   15.9879870        3521      6   55439.185067200         534    17.673    21.289     27.602    2.450       2.753           0      131075            0            1    11224453 
   55382.429197200        17.719        0.029        35212060002918  339.0054160   15.9879520   22h36m01.30s   15d59m16.63s      2               0    6.489103e-07         132          48          40        17.675            0.006     17.706         17.706   17.720       17.713    0.066       0.050        11240307005533  339.0053840   15.9879360        3521      6   55382.431397200         481    17.724    21.480     27.700    2.150       2.328           0      131075            0            1    11240307 
   55382.386187200        17.678        0.029        35212060002918  339.0054160   15.9879520   22h36m01.30s   15d59m16.63s      2               0    6.489103e-07         132          48          40        17.675            0.006     17.706         17.706   17.720       17.713    0.066       0.050        11240321004889  339.0054180   15.9879510        3521      6   55382.388377200         481    17.688    21.362     27.688    2.250       2.440           0      131075            0            1    11240321 
   55387.460507200        17.644        0.126        35212060002918  339.0054160   15.9879520   22h36m01.30s   15d59m16.63s      2               0    6.489103e-07         132          48          40        17.675            0.006     17.706         17.706   17.720       17.713    0.066       0.050        11259398006059  339.0053860   15.9879640        3521      6   55387.463097200         486    17.437    21.423     27.441    2.250       2.453           0      131075            0            1    11259398 
   55387.412087200        17.704        0.125        35212060002918  339.0054160   15.9879520   22h36m01.30s   15d59m16.63s      2               0    6.489103e-07         132          48          40        17.675            0.006     17.706         17.706   17.720       17.713    0.066       0.050        11259482006435  339.0053950   15.9879520        3521      6   55387.414667200         486    17.598    21.894     27.537    1.850       2.020           0      131075            0            1    11259482 
   55349.467407200        17.674        0.059        35212060002918  339.0054160   15.9879520   22h36m01.30s   15d59m16.63s      2               0    6.489103e-07         132          48          40        17.675            0.006     17.706         17.706   17.720       17.713    0.066       0.050        11335202004193  339.0054180   15.9879890        3521      6   55349.466757200         449    17.701    20.878     27.716    2.450       2.582           0      131074            0            1    11335202 
   55419.358367200        17.627        0.279        35212060002918  339.0054160   15.9879520   22h36m01.30s   15d59m16.63s      2               0    6.489103e-07         132          48          40        17.675            0.006     17.706         17.706   17.720       17.713    0.066       0.050        11390000003964  339.0054270   15.9879660        3521      6   55419.362947200         518    17.552    21.085     26.691    2.250       2.420           0      131075            0            1    11390000 
   55419.401647200        17.690        0.279        35212060002918  339.0054160   15.9879520   22h36m01.30s   15d59m16.63s      2               0    6.489103e-07         132          48          40        17.675            0.006     17.706         17.706   17.720       17.713    0.066       0.050        11390163003698  339.0054090   15.9879550        3521      6   55419.406227200         518    17.665    21.056     26.720    2.450       2.651           0      131075            0            1    11390163 
   55364.433677200        17.702        0.030        35212060002918  339.0054160   15.9879520   22h36m01.30s   15d59m16.63s      2               0    6.489103e-07         132          48          40        17.675            0.006     17.706         17.706   17.720       17.713    0.066       0.050        11392766005587  339.0054110   15.9879800        3521      6   55364.434347200         463    17.694    21.534     27.692    2.450       2.726           0      131075            0            1    11392766 
   55364.386147200        17.686        0.030        35212060002918  339.0054160   15.9879520   22h36m01.30s   15d59m16.63s      2               0    6.489103e-07         132          48          40        17.675            0.006     17.706         17.706   17.720       17.713    0.066       0.050        11392768005343  339.0054220   15.9879660        3521      6   55364.386807200         463    17.675    21.397     27.661    2.550       2.857           0      131075            0            1    11392768 
   55369.460177200        17.684        0.028        35212060002918  339.0054160   15.9879520   22h36m01.30s   15d59m16.63s      2               0    6.489103e-07         132          48          40        17.675            0.006     17.706         17.706   17.720       17.713    0.066       0.050        11409159006005  339.0054050   15.9879850        3521      6   55369.461277200         468    17.684    21.751     27.707    2.050       2.250           0      131075            0            1    11409159 
   55372.400097200        17.680        0.031        35212060002918  339.0054160   15.9879520   22h36m01.30s   15d59m16.63s      2               0    6.489103e-07         132          48          40        17.675            0.006     17.706         17.706   17.720       17.713    0.066       0.050        11410845004157  339.0053700   15.9879610        3521      6   55372.401447200         471    17.679    20.944     27.705    2.150       2.335           0      131075            0            1    11410845 
   55372.356507200        17.644        0.033        35212060002918  339.0054160   15.9879520   22h36m01.30s   15d59m16.63s      2               0    6.489103e-07         132          48          40        17.675            0.006     17.706         17.706   17.720       17.713    0.066       0.050        11410908003452  339.0053860   15.9879600        3521      6   55372.357857200         471    17.646    20.554     27.675    2.650       2.938           0      131075            0            1    11410908 
   55371.453437200        17.681        0.026        35212060002918  339.0054160   15.9879520   22h36m01.30s   15d59m16.63s      2               0    6.489103e-07         132          48          40        17.675            0.006     17.706         17.706   17.720       17.713    0.066       0.050        11413178005864  339.0054060   15.9879720        3521      6   55371.454717200         470    17.685    21.570     27.730    2.050       2.424           0      131075            0            1    11413178 
   55370.457827200        17.707        0.026        35212060002918  339.0054160   15.9879520   22h36m01.30s   15d59m16.63s      2               0    6.489103e-07         132          48          40        17.675            0.006     17.706         17.706   17.720       17.713    0.066       0.050        11415556006191  339.0054040   15.9879590        3521      6   55370.459017200         469    17.722    21.830     27.726    2.050       2.280           0      131075            0            1    11415556 
   55377.357017200        17.644        0.033        35212060002918  339.0054160   15.9879520   22h36m01.30s   15d59m16.63s      2               0    6.489103e-07         132          48          40        17.675            0.006     17.706         17.706   17.720       17.713    0.066       0.050        11430484003784  339.0053850   15.9879740        3521      6   55377.358787200         476    17.640    20.642     27.655    2.450       2.708           0      131072            0            1    11430484 
   55377.401227200        17.689        0.033        35212060002918  339.0054160   15.9879520   22h36m01.30s   15d59m16.63s      2               0    6.489103e-07         132          48          40        17.675            0.006     17.706         17.706   17.720       17.713    0.066       0.050        11430516003318  339.0054070   15.9879770        3521      6   55377.403007200         476    17.688    20.716     27.675    2.450       2.723           0      131075            0            1    11430516 
   55137.187677200        17.708        0.038        35212060002918  339.0054160   15.9879520   22h36m01.30s   15d59m16.63s      2               0    6.489103e-07         132          48          40        17.675            0.006     17.706         17.706   17.720       17.713    0.066       0.050        11784938003506  339.0053360   15.9879550        3521      6   55137.191017200         244    17.690    20.525     27.724    2.350       2.433           0      131072            0            1    11784938 
   55138.179157200        17.756        0.046        35212060002918  339.0054160   15.9879520   22h36m01.30s   15d59m16.63s      2               0    6.489103e-07         132          48          40        17.675            0.006     17.706         17.706   17.720       17.713    0.066       0.050        11788423003268  339.0053840   15.9879770        3521      6   55138.182427200         245    17.747    20.468     27.728    2.650       2.829           0      131072            0            1    11788423 
   55142.163267200        17.739        0.031        35212060002918  339.0054160   15.9879520   22h36m01.30s   15d59m16.63s      2               0    6.489103e-07         132          48          40        17.675            0.006     17.706         17.706   17.720       17.713    0.066       0.050        11792873005534  339.0053690   15.9879470        3521      6   55142.166237200         282    17.725    21.477     27.717    2.250       2.454           0      131075            0            1    11792873 
   55142.118957200        17.701        0.031        35212060002918  339.0054160   15.9879520   22h36m01.30s   15d59m16.63s      2               0    6.489103e-07         132          48          40        17.675            0.006     17.706         17.706   17.720       17.713    0.066       0.050        11792976005425  339.0053730   15.9880010        3521      6   55142.121927200         282    17.684    21.326     27.707    2.450       2.658           0      131075            0            1    11792976 
   55123.223387200        17.673        0.029        35212060002918  339.0054160   15.9879520   22h36m01.30s   15d59m16.63s      2               0    6.489103e-07         132          48          40        17.675            0.006     17.706         17.706   17.720       17.713    0.066       0.050        11812972004366  339.0053700   15.9879240        3521      6   55123.227627200         232    17.681    21.530     27.751    2.250       2.331           0      131075            0            1    11812972 
   55045.207707200        17.702        0.036        35212060002918  339.0054160   15.9879520   22h36m01.30s   15d59m16.63s      2               0    6.489103e-07         132          48          40        17.675            0.006     17.706         17.706   17.720       17.713    0.066       0.050        11857617002669  339.0053560   15.9879800        3521      6   55045.211847200         159    17.702    20.100     27.147    3.150       3.300           0      131075            0            1    11857617 
   55045.289337200        17.714        0.028        35212060002918  339.0054160   15.9879520   22h36m01.30s   15d59m16.63s      2               0    6.489103e-07         132          48          40        17.675            0.006     17.706         17.706   17.720       17.713    0.066       0.050        11857630004616  339.0053640   15.9879580        3521      6   55045.293477200         159    17.719    20.967     27.250    2.050       2.013           0      131072            0            1    11857630 
   55049.426157200        17.723        0.038        35212060002918  339.0054160   15.9879520   22h36m01.30s   15d59m16.63s      2               0    6.489103e-07         132          48          40        17.675            0.006     17.706         17.706   17.720       17.713    0.066       0.050        11863980003170  339.0053930   15.9879470        3521      6   55049.430517200         163    17.720    20.192     27.275    2.150       2.221           0      131072            0            1    11863980 
   55066.328927200        17.719        0.030        35212060002918  339.0054160   15.9879520   22h36m01.30s   15d59m16.63s      2               0    6.489103e-07         132          48          40        17.675            0.006     17.706         17.706   17.720       17.713    0.066       0.050        11884713006101  339.0053140   15.9879190        3521      6   55066.333957200         180    17.693    21.672     27.178    1.850       1.805           0      131075            0            1    11884713 
   55066.284507200        17.686        0.031        35212060002918  339.0054160   15.9879520   22h36m01.30s   15d59m16.63s      2               0    6.489103e-07         132          48          40        17.675            0.006     17.706         17.706   17.720       17.713    0.066       0.050        11884730006019  339.0053360   15.9879340        3521      6   55066.289537200         180    17.685    21.748     27.158    1.650       1.971           0      131074            0            1    11884730 
   55061.271507200        17.692        0.028        35212060002918  339.0054160   15.9879520   22h36m01.30s   15d59m16.63s      2               0    6.489103e-07         132          48          40        17.675            0.006     17.706         17.706   17.720       17.713    0.066       0.050        11894894004921  339.0053590   15.9879510        3521      6   55061.276377200         175    17.688    21.556     27.258    2.050       2.109           0      131075            0            1    11894894 
   55061.369177200        17.701        0.028        35212060002918  339.0054160   15.9879520   22h36m01.30s   15d59m16.63s      2               0    6.489103e-07         132          48          40        17.675            0.006     17.706         17.706   17.720       17.713    0.066       0.050        11894918006527  339.0053350   15.9879340        3521      6   55061.374047200         175    17.702    21.640     27.258    2.150       2.247           0      131075            0            1    11894918 
   55056.350197200        17.691        0.027        35212060002918  339.0054160   15.9879520   22h36m01.30s   15d59m16.63s      2               0    6.489103e-07         132          48          40        17.675            0.006     17.706         17.706   17.720       17.713    0.066       0.050        11901129005263  339.0053780   15.9879450        3521      6   55056.354877200         170    17.692    21.140     27.249    2.250       2.418           0      131074            0            1    11901129 
   55056.268047200        17.700        0.027        35212060002918  339.0054160   15.9879520   22h36m01.30s   15d59m16.63s      2               0    6.489103e-07         132          48          40        17.675            0.006     17.706         17.706   17.720       17.713    0.066       0.050        11901140005223  339.0053450   15.9879460        3521      6   55056.272717200         170    17.698    21.242     27.224    2.150       2.263           0      131075            0            1    11901140 
   55019.451217200        17.765        0.046        35212060002918  339.0054160   15.9879520   22h36m01.30s   15d59m16.63s      2               0    6.489103e-07         132          48          40        17.675            0.006     17.706         17.706   17.720       17.713    0.066       0.050        11910204003362  339.0053460   15.9879370        3521      6   55019.453587200         133    17.705    20.369     27.109    2.350       2.667           0      131075            0            1    11910204 
   55019.390137200        17.770        0.048        35212060002918  339.0054160   15.9879520   22h36m01.30s   15d59m16.63s      2               0    6.489103e-07         132          48          40        17.675            0.006     17.706         17.706   17.720       17.713    0.066       0.050        11910250003419  339.0053700   15.9879580        3521      6   55019.392507200         133    17.714    20.292     27.090    2.350       2.427           0      131073            0            1    11910250 
   55087.280887200        17.687        0.025        35212060002918  339.0054160   15.9879520   22h36m01.30s   15d59m16.63s      2               0    6.489103e-07         132          48          40        17.675            0.006     17.706         17.706   17.720       17.713    0.066       0.050        11916868005851  339.0053980   15.9879620        3521      6   55087.286197200         199    17.682    21.661     27.257    1.950       2.037           0      131075            0            1    11916868 
   55087.325037200        17.752        0.026        35212060002918  339.0054160   15.9879520   22h36m01.30s   15d59m16.63s      2               0    6.489103e-07         132          48          40        17.675            0.006     17.706         17.706   17.720       17.713    0.066       0.050        11916882004745  339.0053950   15.9879590        3521      6   55087.330337200         199    17.751    21.543     27.252    2.150       2.242           0      131075            0            1    11916882 
   55032.282817200        18.018        0.098        35212060002918  339.0054160   15.9879520   22h36m01.30s   15d59m16.63s      2               0    6.489103e-07         132          48          40        17.675            0.006     17.706         17.706   17.720       17.713    0.066       0.050        11955700002298  339.0053370   15.9879730        3521      6   55032.286137200         146    19.591    20.958     27.097    2.250       2.573           0      131072            0            1    11955700 
   55031.383737200        17.708        0.029        35212060002918  339.0054160   15.9879520   22h36m01.30s   15d59m16.63s      2               0    6.489103e-07         132          48          40        17.675            0.006     17.706         17.706   17.720       17.713    0.066       0.050        11957715005720  339.0053580   15.9879440        3521      6   55031.387007200         145    17.708    21.620     27.195    1.950       2.135           0      131075            0            1    11957715 
   55039.420947200        17.702        0.031        35212060002918  339.0054160   15.9879520   22h36m01.30s   15d59m16.63s      2               0    6.489103e-07         132          48          40        17.675            0.006     17.706         17.706   17.720       17.713    0.066       0.050        11985720004971  339.0053330   15.9879240        3521      6   55039.424747200         153    17.668    21.536     27.174    2.150       2.292           0      131075            0            1    11985720 
   55039.376907200        17.715        0.031        35212060002918  339.0054160   15.9879520   22h36m01.30s   15d59m16.63s      2               0    6.489103e-07         132          48          40        17.675            0.006     17.706         17.706   17.720       17.713    0.066       0.050        11985816004925  339.0053500   15.9879360        3521      6   55039.380697200         153    17.677    21.548     27.149    2.050       2.137           0      131075            0            1    11985816 
   55498.219327200        17.713        0.192        35212060002918  339.0054160   15.9879520   22h36m01.30s   15d59m16.63s      2               0    6.489103e-07         132          48          40        17.675            0.006     17.706         17.706   17.720       17.713    0.066       0.050        12782467004159  339.0054510   15.9879910        3521      6   55498.222967200         593    17.966    21.125     27.594    2.150       2.316           0      131072            0            1    12782467 
   55498.274697200        17.692        0.192        35212060002918  339.0054160   15.9879520   22h36m01.30s   15d59m16.63s      2               0    6.489103e-07         132          48          40        17.675            0.006     17.706         17.706   17.720       17.713    0.066       0.050        12782853004874  339.0054250   15.9879730        3521      6   55498.278327200         593    17.611    21.221     27.574    2.050       2.192           0      131074            0            1    12782853 
   55458.418447200        17.730        0.033        35212060002918  339.0054160   15.9879520   22h36m01.30s   15d59m16.63s      2               0    6.489103e-07         132          48          40        17.675            0.006     17.706         17.706   17.720       17.713    0.066       0.050        12794528004535  339.0054370   15.9879770        3521      6   55458.423707200         553    17.725    20.977     27.638    2.250       2.326           0      131075            0            1    12794528 
   55458.351667200        17.657        0.035        35212060002918  339.0054160   15.9879520   22h36m01.30s   15d59m16.63s      2               0    6.489103e-07         132          48          40        17.675            0.006     17.706         17.706   17.720       17.713    0.066       0.050        12794684003894  339.0054160   15.9879730        3521      6   55458.356927200         553    17.657    20.888     27.666    2.150       2.283           0      131075            0            1    12794684 
   55480.170497200        17.681        0.027        35212060002918  339.0054160   15.9879520   22h36m01.30s   15d59m16.63s      2               0    6.489103e-07         132          48          40        17.675            0.006     17.706         17.706   17.720       17.713    0.066       0.050        12807417004908  339.0054400   15.9879610        3521      6   55480.175147200         574    17.686    21.385     27.651    2.150       2.430           0      131074            0            1    12807417 
   55480.128187200        17.697        0.027        35212060002918  339.0054160   15.9879520   22h36m01.30s   15d59m16.63s      2               0    6.489103e-07         132          48          40        17.675            0.006     17.706         17.706   17.720       17.713    0.066       0.050        12807432005476  339.0054380   15.9879730        3521      6   55480.132837200         574    17.709    21.438     27.633    2.150       2.321           0      131075            0            1    12807432 
   56202.157977200        17.672        0.035        35212060002918  339.0054160   15.9879520   22h36m01.30s   15d59m16.63s      2               0    6.489103e-07         132          48          40        17.675            0.006     17.706         17.706   17.720       17.713    0.066       0.050        14273037003754  339.0053760   15.9879810        3521      6   56202.162947200        1299    17.695    20.730     27.679    2.050       2.175           0      131072            0            1    14273037 
   56202.128807200        17.748        0.036        35212060002918  339.0054160   15.9879520   22h36m01.30s   15d59m16.63s      2               0    6.489103e-07         132          48          40        17.675            0.006     17.706         17.706   17.720       17.713    0.066       0.050        14273040003173  339.0053970   15.9879740        3521      6   56202.133787200        1299    17.764    20.648     27.664    2.250       2.470           0      131072            0            1    14273040 
   56202.187427200        17.692        0.035        35212060002918  339.0054160   15.9879520   22h36m01.30s   15d59m16.63s      2               0    6.489103e-07         132          48          40        17.675            0.006     17.706         17.706   17.720       17.713    0.066       0.050        14273073003675  339.0053880   15.9879690        3521      6   56202.192407200        1299    17.703    20.646     27.689    2.350       2.350           0      131074            0            1    14273073 
   56204.112797200        17.669        0.408        35212060002918  339.0054160   15.9879520   22h36m01.30s   15d59m16.63s      2               0    6.489103e-07         132          48          40        17.675            0.006     17.706         17.706   17.720       17.713    0.066       0.050        14315356002884  339.0054330   15.9879620        3521      6   56204.117707200        1301    18.282    20.548     27.448    2.650       3.133           0      131072            0            1    14315356 
   56204.143157200        17.672        0.407        35212060002918  339.0054160   15.9879520   22h36m01.30s   15d59m16.63s      2               0    6.489103e-07         132          48          40        17.675            0.006     17.706         17.706   17.720       17.713    0.066       0.050        14315379003601  339.0054510   15.9879760        3521      6   56204.148067200        1301    18.026    20.760     27.415    2.350       2.536           0      131072            0            1    14315379 
   56204.173637200        17.672        0.406        35212060002918  339.0054160   15.9879520   22h36m01.30s   15d59m16.63s      2               0    6.489103e-07         132          48          40        17.675            0.006     17.706         17.706   17.720       17.713    0.066       0.050        14315404004642  339.0054300   15.9879710        3521      6   56204.178537200        1301    17.356    20.709     27.355    2.450       2.577           0      131075            0            1    14315404 
   56206.113627200        17.714        0.104        35212060002918  339.0054160   15.9879520   22h36m01.30s   15d59m16.63s      2               0    6.489103e-07         132          48          40        17.675            0.006     17.706         17.706   17.720       17.713    0.066       0.050        14340592005164  339.0054320   15.9879890        3521      6   56206.118457200        1303    17.744    21.239     27.710    2.650       2.869           0      131075            0            1    14340592 
   56206.149307200        17.657        0.104        35212060002918  339.0054160   15.9879520   22h36m01.30s   15d59m16.63s      2               0    6.489103e-07         132          48          40        17.675            0.006     17.706         17.706   17.720       17.713    0.066       0.050        14340613005584  339.0054390   15.9879760        3521      6   56206.154137200        1303    17.698    21.548     27.727    2.250       2.464           0      131075            0            1    14340613 
   56206.179597200        17.666        0.104        35212060002918  339.0054160   15.9879520   22h36m01.30s   15d59m16.63s      2               0    6.489103e-07         132          48          40        17.675            0.006     17.706         17.706   17.720       17.713    0.066       0.050        14340643005749  339.0054300   15.9879810        3521      6   56206.184427200        1303    17.695    21.676     27.722    2.050       2.219           0      131075            0            1    14340643 
   56228.184547200        17.785        0.034        35212060002918  339.0054160   15.9879520   22h36m01.30s   15d59m16.63s      2               0    6.489103e-07         132          48          40        17.675            0.006     17.706         17.706   17.720       17.713    0.066       0.050        14450484003235  339.0053880   15.9879740        3521      6   56228.188217200        1315    17.778    20.665     27.713    2.250       2.394           0      131072            0            1    14450484 
   56228.215327200        17.690        0.036        35212060002918  339.0054160   15.9879520   22h36m01.30s   15d59m16.63s      2               0    6.489103e-07         132          48          40        17.675            0.006     17.706         17.706   17.720       17.713    0.066       0.050        14450500003120  339.0053870   15.9879880        3521      6   56228.218997200        1315    17.699    20.569     27.708    2.350       2.524           0      131072            0            1    14450500 
   56230.249197200        17.702        0.037        35212060002918  339.0054160   15.9879520   22h36m01.30s   15d59m16.63s      2               0    6.489103e-07         132          48          40        17.675            0.006     17.706         17.706   17.720       17.713    0.066       0.050        14486720003346  339.0053790   15.9879720        3521      6   56230.252737200        1317    17.713    20.573     27.699    2.050       2.170           0      131072            0            1    14486720 
   56234.212917200        17.704        0.050        35212060002918  339.0054160   15.9879520   22h36m01.30s   15d59m16.63s      2               0    6.489103e-07         132          48          40        17.675            0.006     17.706         17.706   17.720       17.713    0.066       0.050        14496638004363  339.0054360   15.9879860        3521      6   56234.216167200        1321    17.694    21.039     27.680    2.450       2.593           0      131075            0            1    14496638 
   56234.244177200        17.710        0.051        35212060002918  339.0054160   15.9879520   22h36m01.30s   15d59m16.63s      2               0    6.489103e-07         132          48          40        17.675            0.006     17.706         17.706   17.720       17.713    0.066       0.050        14496653004165  339.0054260   15.9879860        3521      6   56234.247427200        1321    17.693    20.913     27.663    2.550       2.734           0      131075            0            1    14496653 
   56236.145687200        17.721        0.028        35212060002918  339.0054160   15.9879520   22h36m01.30s   15d59m16.63s      2               0    6.489103e-07         132          48          40        17.675            0.006     17.706         17.706   17.720       17.713    0.066       0.050        14528341005051  339.0054330   15.9879810        3521      6   56236.148787200        1323    17.728    21.375     27.708    2.450       2.589           0      131075            0            1    14528341 
   56238.121187200        17.695        0.027        35212060002918  339.0054160   15.9879520   22h36m01.30s   15d59m16.63s      2               0    6.489103e-07         132          48          40        17.675            0.006     17.706         17.706   17.720       17.713    0.066       0.050        14568960005463  339.0054350   15.9879790        3521      6   56238.124147200        1325    17.703    21.458     27.704    2.150       2.298           0      131075            0            1    14568960 
   56238.091697200        17.748        0.027        35212060002918  339.0054160   15.9879520   22h36m01.30s   15d59m16.63s      2               0    6.489103e-07         132          48          40        17.675            0.006     17.706         17.706   17.720       17.713    0.066       0.050        14568982005095  339.0054150   15.9879850        3521      6   56238.094657200        1325    17.752    21.354     27.698    2.250       2.366           0      131075            0            1    14568982 
   56232.228407200        17.651        0.079        35212060002918  339.0054160   15.9879520   22h36m01.30s   15d59m16.63s      2               0    6.489103e-07         132          48          40        17.675            0.006     17.706         17.706   17.720       17.713    0.066       0.050        14645543004290  339.0054110   15.9879840        3521      6   56232.231797200        1319    17.609    20.972     27.660    2.150       2.529           0      131075            0            1    14645543 
   56251.084597200        17.711        0.028        35212060002918  339.0054160   15.9879520   22h36m01.30s   15d59m16.63s      2               0    6.489103e-07         132          48          40        17.675            0.006     17.706         17.706   17.720       17.713    0.066       0.050        14655197005118  339.0054200   15.9879720        3521      6   56251.086477200        1338    17.724    21.257     27.719    2.050       2.025           0      131072            0            1    14655197 
   56251.114167200        17.679        0.029        35212060002918  339.0054160   15.9879520   22h36m01.30s   15d59m16.63s      2               0    6.489103e-07         132          48          40        17.675            0.006     17.706         17.706   17.720       17.713    0.066       0.050        14655207004574  339.0054250   15.9879640        3521      6   56251.116047200        1338    17.692    20.839     27.719    3.050       2.954           0      131074            0            1    14655207 
   56255.081677200        17.701        0.033        35212060002918  339.0054160   15.9879520   22h36m01.30s   15d59m16.63s      2               0    6.489103e-07         132          48          40        17.675            0.006     17.706         17.706   17.720       17.713    0.066       0.050        14693965003659  339.0053950   15.9879770        3521      6   56255.083207200        1342    17.690    20.568     27.708    2.750       2.493           0      131074            0            1    14693965 
   56255.112127200        17.660        0.034        35212060002918  339.0054160   15.9879520   22h36m01.30s   15d59m16.63s      2               0    6.489103e-07         132          48          40        17.675            0.006     17.706         17.706   17.720       17.713    0.066       0.050        14693993003371  339.0054020   15.9879590        3521      6   56255.113657200        1342    17.671    20.444     27.712    3.250       3.645           0      131075            0            1    14693993 
   56267.144527200        17.675        0.245        35212060002918  339.0054160   15.9879520   22h36m01.30s   15d59m16.63s      2               0    6.489103e-07         132          48          40        17.675            0.006     17.706         17.706   17.720       17.713    0.066       0.050        14757332004452  339.0054270   15.9879810        3521      6   56267.144947200        1354    17.682    20.960     27.545    2.550       2.570           0      131075            0            1    14757332 
   56267.186597200        17.723        0.245        35212060002918  339.0054160   15.9879520   22h36m01.30s   15d59m16.63s      2               0    6.489103e-07         132          48          40        17.675            0.006     17.706         17.706   17.720       17.713    0.066       0.050        14757355004137  339.0054280   15.9879670        3521      6   56267.187007200        1354    17.724    21.021     27.460    2.050       2.179           0      131075            0            1    14757355 
   56265.173377200        17.700        0.235        35212060002918  339.0054160   15.9879520   22h36m01.30s   15d59m16.63s      2               0    6.489103e-07         132          48          40        17.675            0.006     17.706         17.706   17.720       17.713    0.066       0.050        14766155003752  339.0054420   15.9879650        3521      6   56265.173987200        1352    17.912    21.033     27.453    2.250       2.700           0      131073            0            1    14766155 
   56265.143887200        17.630        0.235        35212060002918  339.0054160   15.9879520   22h36m01.30s   15d59m16.63s      2               0    6.489103e-07         132          48          40        17.675            0.006     17.706         17.706   17.720       17.713    0.066       0.050        14766165004845  339.0054310   15.9879750        3521      6   56265.144497200        1352    17.601    21.480     27.628    2.250       2.664           0      131075            0            1    14766165 
   56271.223777200        17.710        0.046        35212060002918  339.0054160   15.9879520   22h36m01.30s   15d59m16.63s      2               0    6.489103e-07         132          48          40        17.675            0.006     17.706         17.706   17.720       17.713    0.066       0.050        14805819003354  339.0053970   15.9879690        3521      6   56271.223807200        1358    17.704    20.542     27.573    3.550       4.517           0      131075            0            1    14805819 
   56257.088927200        17.776        0.036        35212060002918  339.0054160   15.9879520   22h36m01.30s   15d59m16.63s      2               0    6.489103e-07         132          48          40        17.675            0.006     17.706         17.706   17.720       17.713    0.066       0.050        15701302003620  339.0053810   15.9879540        3521      6   56257.090267200        1344    17.781    20.550     27.708    2.850       2.709           0      131075            0            1    15701302 
   56257.119777200        17.685        0.034        35212060002918  339.0054160   15.9879520   22h36m01.30s   15d59m16.63s      2               0    6.489103e-07         132          48          40        17.675            0.006     17.706         17.706   17.720       17.713    0.066       0.050        15701321003716  339.0054010   15.9879820        3521      6   56257.121127200        1344    17.689    20.737     27.713    2.350       2.585           0      131072            0            1    15701321 
   56911.286797200        17.706        0.040        35212060002918  339.0054160   15.9879520   22h36m01.30s   15d59m16.63s      2               0    6.489103e-07         132          48          40        17.675            0.006     17.706         17.706   17.720       17.713    0.066       0.050        21287473003410  339.0053730   15.9879490        3521      6   56911.292097200        1975    17.694    20.587     27.638    2.250       2.406           0      131072            0            1    21287473 
