   55783.493537200        17.463        0.033        35212070000854  339.5987260   15.7692800   22h38m23.69s   15d46m09.41s      2               0    8.578300e-07         134         134         120        17.359            0.004     17.460         17.457   17.464       17.459    0.050       0.042        10359589003906  339.5987200   15.7692940        3521      7   55783.498077200         881    17.466    21.478     27.622    2.350       3.412           0      131072            0            1    10359589 
   55783.450517200        17.430        0.032        35212070000854  339.5987260   15.7692800   22h38m23.69s   15d46m09.41s      2               0    8.578300e-07         134         134         120        17.359            0.004     17.460         17.457   17.464       17.459    0.050       0.042        10359646004304  339.5987030   15.7692830        3521      7   55783.455047200         881    17.428    21.682     27.639    2.250       3.180           0      131072            0            1    10359646 
   55794.417557200        17.581        0.078        35212070000854  339.5987260   15.7692800   22h38m23.69s   15d46m09.41s      2               0    8.578300e-07         134         134         120        17.359            0.004     17.460         17.457   17.464       17.459    0.050       0.042        10381386002289  339.5986770   15.7693100        3521      7   55794.422517200         892    18.217    20.961     27.605    2.050       4.113           0      131072            0            1    10381386 
   55794.374747200        17.515        0.129        35212070000854  339.5987260   15.7692800   22h38m23.69s   15d46m09.41s      2               0    8.578300e-07         134         134         120        17.359            0.004     17.460         17.457   17.464       17.459    0.050       0.042        10381447001339  339.5986720   15.7692630        3521      7   55794.379707200         892    19.128    20.773     27.606    1.950       4.415           0      131072            0            1    10381447 
   55821.364667200        17.537        0.035        35212070000854  339.5987260   15.7692800   22h38m23.69s   15d46m09.41s      2               0    8.578300e-07         134         134         120        17.359            0.004     17.460         17.457   17.464       17.459    0.050       0.042        10511761003218  339.5987490   15.7693250        3521      7   55821.369947200         919    17.553    21.002     27.613    1.950       3.896           0      131072            0            1    10511761 
   55821.319317200        17.482        0.034        35212070000854  339.5987260   15.7692800   22h38m23.69s   15d46m09.41s      2               0    8.578300e-07         134         134         120        17.359            0.004     17.460         17.457   17.464       17.459    0.050       0.042        10511789003315  339.5987620   15.7693070        3521      7   55821.324607200         919    17.491    20.933     27.621    2.250       3.732           0      131072            0            1    10511789 
   55471.200687200        17.373        0.036        35212070000854  339.5987260   15.7692800   22h38m23.69s   15d46m09.41s      2               0    8.578300e-07         134         134         120        17.359            0.004     17.460         17.457   17.464       17.459    0.050       0.042        10798728004162  339.5986970   15.7692710        3521      7   55471.205667200         562    17.375    21.603     27.723    2.150       3.158           0      131072            0            1    10798728 
   55471.244407200        17.414        0.036        35212070000854  339.5987260   15.7692800   22h38m23.69s   15d46m09.41s      2               0    8.578300e-07         134         134         120        17.359            0.004     17.460         17.457   17.464       17.459    0.050       0.042        10798908004246  339.5986770   15.7692640        3521      7   55471.249397200         562    17.411    21.710     27.719    1.950       3.159           0      131072            0            1    10798908 
   55483.166527200        17.463        0.031        35212070000854  339.5987260   15.7692800   22h38m23.69s   15d46m09.41s      2               0    8.578300e-07         134         134         120        17.359            0.004     17.460         17.457   17.464       17.459    0.050       0.042        10856541003933  339.5987190   15.7692620        3521      7   55483.171037200         577    17.473    21.493     27.721    2.050       2.988           0      131072            0            1    10856541 
   55483.122857200        17.469        0.031        35212070000854  339.5987260   15.7692800   22h38m23.69s   15d46m09.41s      2               0    8.578300e-07         134         134         120        17.359            0.004     17.460         17.457   17.464       17.459    0.050       0.042        10856579003692  339.5987150   15.7692900        3521      7   55483.127367200         577    17.472    21.381     27.705    2.150       3.607           0      131072            0            1    10856579 
   55443.230767200        17.463        0.031        35212070000854  339.5987260   15.7692800   22h38m23.69s   15d46m09.41s      2               0    8.578300e-07         134         134         120        17.359            0.004     17.460         17.457   17.464       17.459    0.050       0.042        10903744004158  339.5987180   15.7692870        3521      7   55443.236027200         538    17.462    21.558     27.728    2.250       3.273           0      131074            0            1    10903744 
   55443.185917200        17.435        0.032        35212070000854  339.5987260   15.7692800   22h38m23.69s   15d46m09.41s      2               0    8.578300e-07         134         134         120        17.359            0.004     17.460         17.457   17.464       17.459    0.050       0.042        10903752003615  339.5986940   15.7692810        3521      7   55443.191177200         538    17.436    21.224     27.698    2.650       3.769           0      131072            0            1    10903752 
   55446.312747200        17.428        0.033        35212070000854  339.5987260   15.7692800   22h38m23.69s   15d46m09.41s      2               0    8.578300e-07         134         134         120        17.359            0.004     17.460         17.457   17.464       17.459    0.050       0.042        10913218004585  339.5986810   15.7692760        3521      7   55446.318037200         541    17.427    21.894     27.733    1.850       3.030           0      131072            0            1    10913218 
   55446.269397200        17.428        0.034        35212070000854  339.5987260   15.7692800   22h38m23.69s   15d46m09.41s      2               0    8.578300e-07         134         134         120        17.359            0.004     17.460         17.457   17.464       17.459    0.050       0.042        10913263004497  339.5986910   15.7692640        3521      7   55446.274687200         541    17.429    21.763     27.731    2.050       3.320           0      131072            0            1    10913263 
   55452.163847200        17.437        0.030        35212070000854  339.5987260   15.7692800   22h38m23.69s   15d46m09.41s      2               0    8.578300e-07         134         134         120        17.359            0.004     17.460         17.457   17.464       17.459    0.050       0.042        10933419003821  339.5987150   15.7692980        3521      7   55452.169147200         547    17.432    21.315     27.710    2.250       3.219           0      131072            0            1    10933419 
   55467.310857200        17.488        0.051        35212070000854  339.5987260   15.7692800   22h38m23.69s   15d46m09.41s      2               0    8.578300e-07         134         134         120        17.359            0.004     17.460         17.457   17.464       17.459    0.050       0.042        11078735003397  339.5986890   15.7692820        3521      7   55467.315957200         560    17.462    21.118     27.686    2.150       3.468           0      131072            0            1    11078735 
   55468.221587200        17.479        0.142        35212070000854  339.5987260   15.7692800   22h38m23.69s   15d46m09.41s      2               0    8.578300e-07         134         134         120        17.359            0.004     17.460         17.457   17.464       17.459    0.050       0.042        11079201003837  339.5987070   15.7692840        3521      7   55468.226657200         558    17.468    21.415     27.716    2.250       3.262           0      131072            0            1    11079201 
   55416.200397200        17.502        0.179        35212070000854  339.5987260   15.7692800   22h38m23.69s   15d46m09.41s      2               0    8.578300e-07         134         134         120        17.359            0.004     17.460         17.457   17.464       17.459    0.050       0.042        11122677002170  339.5986930   15.7692640        3521      7   55416.204827200         515    17.774    20.373     26.602    3.550       4.492           0      131072            0            1    11122677 
   55416.243347200        17.501        0.178        35212070000854  339.5987260   15.7692800   22h38m23.69s   15d46m09.41s      2               0    8.578300e-07         134         134         120        17.359            0.004     17.460         17.457   17.464       17.459    0.050       0.042        11122812002546  339.5987170   15.7692960        3521      7   55416.247777200         515    17.638    20.584     26.645    3.350       4.406           0      131072            0            1    11122812 
   55422.369597200        17.446        0.031        35212070000854  339.5987260   15.7692800   22h38m23.69s   15d46m09.41s      2               0    8.578300e-07         134         134         120        17.359            0.004     17.460         17.457   17.464       17.459    0.050       0.042        11150393004452  339.5987150   15.7692990        3521      7   55422.374307200         521    17.443    21.800     27.719    2.150       3.153           0      131072            0            1    11150393 
   55422.414337200        17.438        0.031        35212070000854  339.5987260   15.7692800   22h38m23.69s   15d46m09.41s      2               0    8.578300e-07         134         134         120        17.359            0.004     17.460         17.457   17.464       17.459    0.050       0.042        11150540004299  339.5986970   15.7692990        3521      7   55422.419057200         521    17.436    21.778     27.716    2.150       3.187           0      131072            0            1    11150540 
   55429.226357200        17.450        0.034        35212070000854  339.5987260   15.7692800   22h38m23.69s   15d46m09.41s      2               0    8.578300e-07         134         134         120        17.359            0.004     17.460         17.457   17.464       17.459    0.050       0.042        11197471003047  339.5986790   15.7692890        3521      7   55429.231317200         528    17.450    20.820     27.682    2.250       3.505           0      131072            0            1    11197471 
   55429.183207200        17.344        0.038        35212070000854  339.5987260   15.7692800   22h38m23.69s   15d46m09.41s      2               0    8.578300e-07         134         134         120        17.359            0.004     17.460         17.457   17.464       17.459    0.050       0.042        11197663002712  339.5987310   15.7693240        3521      7   55429.188167200         528    17.342    20.487     27.635    2.550       4.004           0      131072            0            1    11197663 
   55426.169847200        17.482        0.087        35212070000854  339.5987260   15.7692800   22h38m23.69s   15d46m09.41s      2               0    8.578300e-07         134         134         120        17.359            0.004     17.460         17.457   17.464       17.459    0.050       0.042        11200435002684  339.5986920   15.7692930        3521      7   55426.174707200         525    17.324    20.091     27.340    3.550       4.930           0      131072            0            1    11200435 
   55436.224917200        17.470        0.044        35212070000854  339.5987260   15.7692800   22h38m23.69s   15d46m09.41s      2               0    8.578300e-07         134         134         120        17.359            0.004     17.460         17.457   17.464       17.459    0.050       0.042        11210302002592  339.5987200   15.7692910        3521      7   55436.230067200         609    17.456    20.401     27.647    2.650       4.051           0      131072            0            1    11210302 
   55436.176617200        17.463        0.047        35212070000854  339.5987260   15.7692800   22h38m23.69s   15d46m09.41s      2               0    8.578300e-07         134         134         120        17.359            0.004     17.460         17.457   17.464       17.459    0.050       0.042        11210520002353  339.5987000   15.7693170        3521      7   55436.181767200         609    17.452    20.171     27.609    3.150       5.288           0      131072            0            1    11210520 
   55439.224367200        17.441        0.033        35212070000854  339.5987260   15.7692800   22h38m23.69s   15d46m09.41s      2               0    8.578300e-07         134         134         120        17.359            0.004     17.460         17.457   17.464       17.459    0.050       0.042        11225534003720  339.5987010   15.7692820        3521      7   55439.229567200         534    17.442    21.384     27.640    2.150       3.380           0      131072            0            1    11225534 
   55439.179857200        17.439        0.034        35212070000854  339.5987260   15.7692800   22h38m23.69s   15d46m09.41s      2               0    8.578300e-07         134         134         120        17.359            0.004     17.460         17.457   17.464       17.459    0.050       0.042        11225576003503  339.5987160   15.7692700        3521      7   55439.185067200         534    17.445    21.205     27.604    2.550       3.485           0      131072            0            1    11225576 
   55382.429197200        17.416        0.030        35212070000854  339.5987260   15.7692800   22h38m23.69s   15d46m09.41s      2               0    8.578300e-07         134         134         120        17.359            0.004     17.460         17.457   17.464       17.459    0.050       0.042        11243185003909  339.5987000   15.7692470        3521      7   55382.431397200         481    17.414    21.418     27.743    2.250       3.431           0      131072            0            1    11243185 
   55382.386187200        17.396        0.030        35212070000854  339.5987260   15.7692800   22h38m23.69s   15d46m09.41s      2               0    8.578300e-07         134         134         120        17.359            0.004     17.460         17.457   17.464       17.459    0.050       0.042        11243199003740  339.5986940   15.7692560        3521      7   55382.388377200         481    17.399    21.301     27.731    2.350       3.359           0      131072            0            1    11243199 
   55387.460507200        17.457        0.174        35212070000854  339.5987260   15.7692800   22h38m23.69s   15d46m09.41s      2               0    8.578300e-07         134         134         120        17.359            0.004     17.460         17.457   17.464       17.459    0.050       0.042        11260571004446  339.5986920   15.7692740        3521      7   55387.463097200         486    17.253    21.518     27.491    2.250       3.440           0      131072            0            1    11260571 
   55349.467407200        17.468        0.060        35212070000854  339.5987260   15.7692800   22h38m23.69s   15d46m09.41s      2               0    8.578300e-07         134         134         120        17.359            0.004     17.460         17.457   17.464       17.459    0.050       0.042        11336820002983  339.5987130   15.7692630        3521      7   55349.466757200         449    17.484    20.767     27.745    2.650       3.606           0      131072            0            1    11336820 
   55419.358367200        17.464        0.241        35212070000854  339.5987260   15.7692800   22h38m23.69s   15d46m09.41s      2               0    8.578300e-07         134         134         120        17.359            0.004     17.460         17.457   17.464       17.459    0.050       0.042        11392094003182  339.5987240   15.7693150        3521      7   55419.362947200         518    17.389    20.961     26.764    2.550       3.384           0      131072            0            1    11392094 
   55419.401647200        17.440        0.241        35212070000854  339.5987260   15.7692800   22h38m23.69s   15d46m09.41s      2               0    8.578300e-07         134         134         120        17.359            0.004     17.460         17.457   17.464       17.459    0.050       0.042        11392257002964  339.5987210   15.7692980        3521      7   55419.406227200         518    17.444    20.994     26.797    2.650       3.538           0      131072            0            1    11392257 
   55364.433677200        17.460        0.031        35212070000854  339.5987260   15.7692800   22h38m23.69s   15d46m09.41s      2               0    8.578300e-07         134         134         120        17.359            0.004     17.460         17.457   17.464       17.459    0.050       0.042        11393814003815  339.5986910   15.7692630        3521      7   55364.434347200         463    17.455    21.400     27.710    2.650       3.933           0      131072            0            1    11393814 
   55364.386147200        17.385        0.031        35212070000854  339.5987260   15.7692800   22h38m23.69s   15d46m09.41s      2               0    8.578300e-07         134         134         120        17.359            0.004     17.460         17.457   17.464       17.459    0.050       0.042        11393816003712  339.5987260   15.7692690        3521      7   55364.386807200         463    17.377    21.266     27.680    2.750       3.658           0      131072            0            1    11393816 
   55369.460177200        17.427        0.029        35212070000854  339.5987260   15.7692800   22h38m23.69s   15d46m09.41s      2               0    8.578300e-07         134         134         120        17.359            0.004     17.460         17.457   17.464       17.459    0.050       0.042        11410435004199  339.5987110   15.7693010        3521      7   55369.461277200         468    17.423    21.695     27.752    2.150       3.204           0      131072            0            1    11410435 
   55372.400097200        17.538        0.034        35212070000854  339.5987260   15.7692800   22h38m23.69s   15d46m09.41s      2               0    8.578300e-07         134         134         120        17.359            0.004     17.460         17.457   17.464       17.459    0.050       0.042        11412759003048  339.5986870   15.7692810        3521      7   55372.401447200         471    17.535    20.816     27.746    2.350       3.332           0      131072            0            1    11412759 
   55372.356507200        17.478        0.036        35212070000854  339.5987260   15.7692800   22h38m23.69s   15d46m09.41s      2               0    8.578300e-07         134         134         120        17.359            0.004     17.460         17.457   17.464       17.459    0.050       0.042        11412822002615  339.5987280   15.7692790        3521      7   55372.357857200         471    17.475    20.479     27.714    2.750       4.074           0      131072            0            1    11412822 
   55371.453437200        17.450        0.028        35212070000854  339.5987260   15.7692800   22h38m23.69s   15d46m09.41s      2               0    8.578300e-07         134         134         120        17.359            0.004     17.460         17.457   17.464       17.459    0.050       0.042        11414929004053  339.5986920   15.7692710        3521      7   55371.454717200         470    17.450    21.454     27.769    2.250       3.054           0      131072            0            1    11414929 
   55370.457827200        17.425        0.027        35212070000854  339.5987260   15.7692800   22h38m23.69s   15d46m09.41s      2               0    8.578300e-07         134         134         120        17.359            0.004     17.460         17.457   17.464       17.459    0.050       0.042        11417588004477  339.5986930   15.7692830        3521      7   55370.459017200         469    17.426    21.771     27.767    2.150       3.252           0      131072            0            1    11417588 
   55377.357017200        17.477        0.040        35212070000854  339.5987260   15.7692800   22h38m23.69s   15d46m09.41s      2               0    8.578300e-07         134         134         120        17.359            0.004     17.460         17.457   17.464       17.459    0.050       0.042        11431649002683  339.5987180   15.7692900        3521      7   55377.358787200         476    17.475    20.549     27.682    2.550       3.569           0      131072            0            1    11431649 
   55377.401227200        17.470        0.037        35212070000854  339.5987260   15.7692800   22h38m23.69s   15d46m09.41s      2               0    8.578300e-07         134         134         120        17.359            0.004     17.460         17.457   17.464       17.459    0.050       0.042        11431681002722  339.5987040   15.7692770        3521      7   55377.403007200         476    17.472    20.585     27.704    2.650       4.678           0      131072            0            1    11431681 
   55137.187677200        17.501        0.041        35212070000854  339.5987260   15.7692800   22h38m23.69s   15d46m09.41s      2               0    8.578300e-07         134         134         120        17.359            0.004     17.460         17.457   17.464       17.459    0.050       0.042        11785152002560  339.5986820   15.7692430        3521      7   55137.191017200         244    17.483    20.478     27.771    2.350       4.263           0      131072            0            1    11785152 
   55138.179157200        17.505        0.048        35212070000854  339.5987260   15.7692800   22h38m23.69s   15d46m09.41s      2               0    8.578300e-07         134         134         120        17.359            0.004     17.460         17.457   17.464       17.459    0.050       0.042        11789259002611  339.5986880   15.7692530        3521      7   55138.182427200         245    17.495    20.417     27.779    2.650       3.738           0      131072            0            1    11789259 
   55142.163267200        17.443        0.031        35212070000854  339.5987260   15.7692800   22h38m23.69s   15d46m09.41s      2               0    8.578300e-07         134         134         120        17.359            0.004     17.460         17.457   17.464       17.459    0.050       0.042        11793438003848  339.5987000   15.7692660        3521      7   55142.166237200         282    17.439    21.427     27.766    2.250       3.315           0      131072            0            1    11793438 
   55142.118957200        17.430        0.032        35212070000854  339.5987260   15.7692800   22h38m23.69s   15d46m09.41s      2               0    8.578300e-07         134         134         120        17.359            0.004     17.460         17.457   17.464       17.459    0.050       0.042        11793541003720  339.5986950   15.7692520        3521      7   55142.121927200         282    17.423    21.279     27.759    2.450       3.303           0      131072            0            1    11793541 
   55123.223387200        17.446        0.031        35212070000854  339.5987260   15.7692800   22h38m23.69s   15d46m09.41s      2               0    8.578300e-07         134         134         120        17.359            0.004     17.460         17.457   17.464       17.459    0.050       0.042        11812549004438  339.5986990   15.7692720        3521      7   55123.227627200         232    17.446    21.571     27.789    2.150       3.329           0      131072            0            1    11812549 
   55045.207707200        17.476        0.036        35212070000854  339.5987260   15.7692800   22h38m23.69s   15d46m09.41s      2               0    8.578300e-07         134         134         120        17.359            0.004     17.460         17.457   17.464       17.459    0.050       0.042        11857198002740  339.5987180   15.7692630        3521      7   55045.211847200         159    17.479    20.022     27.264    3.350       4.306           0      131072            0            1    11857198 
   55045.289337200        17.455        0.030        35212070000854  339.5987260   15.7692800   22h38m23.69s   15d46m09.41s      2               0    8.578300e-07         134         134         120        17.359            0.004     17.460         17.457   17.464       17.459    0.050       0.042        11857206003668  339.5987070   15.7692610        3521      7   55045.293477200         159    17.463    20.863     27.370    2.250       3.489           0      131072            0            1    11857206 
   55049.426157200        17.472        0.043        35212070000854  339.5987260   15.7692800   22h38m23.69s   15d46m09.41s      2               0    8.578300e-07         134         134         120        17.359            0.004     17.460         17.457   17.464       17.459    0.050       0.042        11864331002582  339.5986440   15.7692680        3521      7   55049.430517200         163    17.483    20.091     27.370    2.250       3.723           0      131072            0            1    11864331 
   55054.221717200        17.456        0.066        35212070000854  339.5987260   15.7692800   22h38m23.69s   15d46m09.41s      2               0    8.578300e-07         134         134         120        17.359            0.004     17.460         17.457   17.464       17.459    0.050       0.042        11870459002354  339.5987180   15.7692970        3521      7   55054.226297200         168    17.467    19.796     27.208    3.650       6.989           0      131072            0            1    11870459 
   55066.328927200        17.393        0.035        35212070000854  339.5987260   15.7692800   22h38m23.69s   15d46m09.41s      2               0    8.578300e-07         134         134         120        17.359            0.004     17.460         17.457   17.464       17.459    0.050       0.042        11884267004749  339.5986660   15.7692450        3521      7   55066.333957200         180    17.402    21.527     27.253    1.850       3.149           0      131072            0            1    11884267 
   55066.284507200        17.421        0.035        35212070000854  339.5987260   15.7692800   22h38m23.69s   15d46m09.41s      2               0    8.578300e-07         134         134         120        17.359            0.004     17.460         17.457   17.464       17.459    0.050       0.042        11884284004608  339.5986860   15.7692440        3521      7   55066.289537200         180    17.456    21.541     27.233    1.750       3.081           0      131072            0            1    11884284 
   55061.271507200        17.420        0.031        35212070000854  339.5987260   15.7692800   22h38m23.69s   15d46m09.41s      2               0    8.578300e-07         134         134         120        17.359            0.004     17.460         17.457   17.464       17.459    0.050       0.042        11893899004778  339.5986910   15.7692590        3521      7   55061.276377200         175    17.431    21.415     27.344    2.150       3.354           0      131072            0            1    11893899 
   55061.369177200        17.411        0.031        35212070000854  339.5987260   15.7692800   22h38m23.69s   15d46m09.41s      2               0    8.578300e-07         134         134         120        17.359            0.004     17.460         17.457   17.464       17.459    0.050       0.042        11893923004926  339.5986970   15.7692430        3521      7   55061.374047200         175    17.427    21.555     27.350    2.150       3.609           0      131072            0            1    11893923 
   55056.350197200        17.425        0.032        35212070000854  339.5987260   15.7692800   22h38m23.69s   15d46m09.41s      2               0    8.578300e-07         134         134         120        17.359            0.004     17.460         17.457   17.464       17.459    0.050       0.042        11900576004073  339.5987070   15.7692550        3521      7   55056.354877200         170    17.442    20.979     27.357    2.450       3.477           0      131072            0            1    11900576 
   55056.268047200        17.435        0.031        35212070000854  339.5987260   15.7692800   22h38m23.69s   15d46m09.41s      2               0    8.578300e-07         134         134         120        17.359            0.004     17.460         17.457   17.464       17.459    0.050       0.042        11900587004961  339.5987230   15.7692780        3521      7   55056.272717200         170    17.449    21.122     27.332    2.250       3.377           0      131072            0            1    11900587 
   55019.451217200        17.447        0.046        35212070000854  339.5987260   15.7692800   22h38m23.69s   15d46m09.41s      2               0    8.578300e-07         134         134         120        17.359            0.004     17.460         17.457   17.464       17.459    0.050       0.042        11911019002451  339.5987010   15.7692350        3521      7   55019.453587200         133    17.414    20.125     27.285    2.550       3.874           0      131072            0            1    11911019 
   55019.390137200        17.484        0.049        35212070000854  339.5987260   15.7692800   22h38m23.69s   15d46m09.41s      2               0    8.578300e-07         134         134         120        17.359            0.004     17.460         17.457   17.464       17.459    0.050       0.042        11911065002378  339.5987360   15.7692360        3521      7   55019.392507200         133    17.455    20.046     27.274    2.550       4.116           0      131072            0            1    11911065 
   55087.280887200        17.437        0.029        35212070000854  339.5987260   15.7692800   22h38m23.69s   15d46m09.41s      2               0    8.578300e-07         134         134         120        17.359            0.004     17.460         17.457   17.464       17.459    0.050       0.042        11918009005081  339.5987430   15.7692960        3521      7   55087.286197200         199    17.447    21.601     27.385    2.050       2.860           0      131072            0            1    11918009 
   55087.325037200        17.404        0.028        35212070000854  339.5987260   15.7692800   22h38m23.69s   15d46m09.41s      2               0    8.578300e-07         134         134         120        17.359            0.004     17.460         17.457   17.464       17.459    0.050       0.042        11918023004846  339.5987350   15.7692930        3521      7   55087.330337200         199    17.416    21.491     27.383    2.250       3.309           0      131072            0            1    11918023 
   55032.282817200        17.369        0.077        35212070000854  339.5987260   15.7692800   22h38m23.69s   15d46m09.41s      2               0    8.578300e-07         134         134         120        17.359            0.004     17.460         17.457   17.464       17.459    0.050       0.042        11955859001800  339.5987720   15.7693200        3521      7   55032.286137200         146    19.001    20.891     27.231    2.450       3.625           0      131072            0            1    11955859 
   55031.383737200        17.403        0.029        35212070000854  339.5987260   15.7692800   22h38m23.69s   15d46m09.41s      2               0    8.578300e-07         134         134         120        17.359            0.004     17.460         17.457   17.464       17.459    0.050       0.042        11957320004910  339.5986810   15.7692350        3521      7   55031.387007200         145    17.405    21.602     27.330    2.050       3.436           0      131072            0            1    11957320 
   55039.420947200        17.392        0.032        35212070000854  339.5987260   15.7692800   22h38m23.69s   15d46m09.41s      2               0    8.578300e-07         134         134         120        17.359            0.004     17.460         17.457   17.464       17.459    0.050       0.042        11984171004766  339.5986960   15.7692470        3521      7   55039.424747200         153    17.377    21.463     27.305    2.250       3.453           0      131072            0            1    11984171 
   55039.376907200        17.417        0.032        35212070000854  339.5987260   15.7692800   22h38m23.69s   15d46m09.41s      2               0    8.578300e-07         134         134         120        17.359            0.004     17.460         17.457   17.464       17.459    0.050       0.042        11984267004686  339.5986990   15.7692690        3521      7   55039.380697200         153    17.401    21.472     27.285    2.150       3.511           0      131072            0            1    11984267 
   55498.219327200        17.523        0.207        35212070000854  339.5987260   15.7692800   22h38m23.69s   15d46m09.41s      2               0    8.578300e-07         134         134         120        17.359            0.004     17.460         17.457   17.464       17.459    0.050       0.042        12783342003004  339.5987240   15.7692850        3521      7   55498.222967200         593    17.771    21.119     27.657    2.150       3.045           0      131072            0            1    12783342 
   55498.274697200        17.499        0.206        35212070000854  339.5987260   15.7692800   22h38m23.69s   15d46m09.41s      2               0    8.578300e-07         134         134         120        17.359            0.004     17.460         17.457   17.464       17.459    0.050       0.042        12783597003698  339.5987570   15.7692950        3521      7   55498.278327200         593    17.411    21.198     27.626    2.050       3.313           0      131072            0            1    12783597 
   55458.418447200        17.436        0.035        35212070000854  339.5987260   15.7692800   22h38m23.69s   15d46m09.41s      2               0    8.578300e-07         134         134         120        17.359            0.004     17.460         17.457   17.464       17.459    0.050       0.042        12795269003133  339.5987280   15.7692820        3521      7   55458.423707200         553    17.435    20.934     27.714    2.350       3.459           0      131072            0            1    12795269 
   55458.351667200        17.551        0.038        35212070000854  339.5987260   15.7692800   22h38m23.69s   15d46m09.41s      2               0    8.578300e-07         134         134         120        17.359            0.004     17.460         17.457   17.464       17.459    0.050       0.042        12795425002957  339.5987310   15.7693010        3521      7   55458.356927200         553    17.555    20.835     27.739    2.250       3.419           0      131072            0            1    12795425 
   55480.170497200        17.420        0.030        35212070000854  339.5987260   15.7692800   22h38m23.69s   15d46m09.41s      2               0    8.578300e-07         134         134         120        17.359            0.004     17.460         17.457   17.464       17.459    0.050       0.042        12807705003914  339.5987220   15.7692900        3521      7   55480.175147200         574    17.422    21.397     27.711    2.250       3.307           0      131072            0            1    12807705 
   55480.128187200        17.473        0.030        35212070000854  339.5987260   15.7692800   22h38m23.69s   15d46m09.41s      2               0    8.578300e-07         134         134         120        17.359            0.004     17.460         17.457   17.464       17.459    0.050       0.042        12807720003811  339.5987470   15.7692980        3521      7   55480.132837200         574    17.482    21.381     27.691    2.250       3.273           0      131072            0            1    12807720 
   56202.157977200        17.525        0.041        35212070000854  339.5987260   15.7692800   22h38m23.69s   15d46m09.41s      2               0    8.578300e-07         134         134         120        17.359            0.004     17.460         17.457   17.464       17.459    0.050       0.042        14273305002847  339.5987540   15.7693020        3521      7   56202.162947200        1299    17.551    20.654     27.756    2.150       4.296           0      131072            0            1    14273305 
   56202.128807200        17.470        0.040        35212070000854  339.5987260   15.7692800   22h38m23.69s   15d46m09.41s      2               0    8.578300e-07         134         134         120        17.359            0.004     17.460         17.457   17.464       17.459    0.050       0.042        14273308002782  339.5987450   15.7692940        3521      7   56202.133787200        1299    17.491    20.530     27.741    2.450       3.704           0      131072            0            1    14273308 
   56202.187427200        17.527        0.039        35212070000854  339.5987260   15.7692800   22h38m23.69s   15d46m09.41s      2               0    8.578300e-07         134         134         120        17.359            0.004     17.460         17.457   17.464       17.459    0.050       0.042        14273341002900  339.5987350   15.7692980        3521      7   56202.192407200        1299    17.541    20.579     27.766    2.450       3.674           0      131072            0            1    14273341 
   56204.112797200        17.560        0.412        35212070000854  339.5987260   15.7692800   22h38m23.69s   15d46m09.41s      2               0    8.578300e-07         134         134         120        17.359            0.004     17.460         17.457   17.464       17.459    0.050       0.042        14316241002112  339.5987490   15.7693240        3521      7   56204.117707200        1301    18.180    20.467     27.485    2.850       4.717           0      131072            0            1    14316241 
   56204.143157200        17.492        0.410        35212070000854  339.5987260   15.7692800   22h38m23.69s   15d46m09.41s      2               0    8.578300e-07         134         134         120        17.359            0.004     17.460         17.457   17.464       17.459    0.050       0.042        14316264002707  339.5987520   15.7693000        3521      7   56204.148067200        1301    17.787    20.749     27.468    2.450       4.259           0      131072            0            1    14316264 
   56204.173637200        17.447        0.410        35212070000854  339.5987260   15.7692800   22h38m23.69s   15d46m09.41s      2               0    8.578300e-07         134         134         120        17.359            0.004     17.460         17.457   17.464       17.459    0.050       0.042        14316289003587  339.5987520   15.7692730        3521      7   56204.178537200        1301    17.109    20.682     27.402    2.550       3.644           0      131072            0            1    14316289 
   56206.113627200        17.444        0.108        35212070000854  339.5987260   15.7692800   22h38m23.69s   15d46m09.41s      2               0    8.578300e-07         134         134         120        17.359            0.004     17.460         17.457   17.464       17.459    0.050       0.042        14342012003959  339.5987560   15.7692930        3521      7   56206.118457200        1303    17.454    21.228     27.763    2.650       4.071           0      131072            0            1    14342012 
   56206.149307200        17.447        0.107        35212070000854  339.5987260   15.7692800   22h38m23.69s   15d46m09.41s      2               0    8.578300e-07         134         134         120        17.359            0.004     17.460         17.457   17.464       17.459    0.050       0.042        14342033004079  339.5987590   15.7693050        3521      7   56206.154137200        1303    17.469    21.540     27.781    2.250       3.426           0      131072            0            1    14342033 
   56206.179597200        17.473        0.107        35212070000854  339.5987260   15.7692800   22h38m23.69s   15d46m09.41s      2               0    8.578300e-07         134         134         120        17.359            0.004     17.460         17.457   17.464       17.459    0.050       0.042        14342063004464  339.5987450   15.7693070        3521      7   56206.184427200        1303    17.486    21.618     27.779    2.150       3.288           0      131072            0            1    14342063 
   56228.184547200        17.483        0.040        35212070000854  339.5987260   15.7692800   22h38m23.69s   15d46m09.41s      2               0    8.578300e-07         134         134         120        17.359            0.004     17.460         17.457   17.464       17.459    0.050       0.042        14452636003009  339.5987620   15.7693050        3521      7   56228.188217200        1315    17.476    20.643     27.786    2.250       3.700           0      131072            0            1    14452636 
   56228.215327200        17.571        0.042        35212070000854  339.5987260   15.7692800   22h38m23.69s   15d46m09.41s      2               0    8.578300e-07         134         134         120        17.359            0.004     17.460         17.457   17.464       17.459    0.050       0.042        14452652002706  339.5987590   15.7692630        3521      7   56228.218997200        1315    17.583    20.503     27.781    2.450       3.988           0      131072            0            1    14452652 
   56230.249197200        17.533        0.039        35212070000854  339.5987260   15.7692800   22h38m23.69s   15d46m09.41s      2               0    8.578300e-07         134         134         120        17.359            0.004     17.460         17.457   17.464       17.459    0.050       0.042        14489896002656  339.5987530   15.7693040        3521      7   56230.252737200        1317    17.538    20.502     27.766    2.150       3.711           0      131072            0            1    14489896 
   56234.212917200        17.455        0.052        35212070000854  339.5987260   15.7692800   22h38m23.69s   15d46m09.41s      2               0    8.578300e-07         134         134         120        17.359            0.004     17.460         17.457   17.464       17.459    0.050       0.042        14499588003354  339.5987630   15.7692870        3521      7   56234.216167200        1321    17.442    21.030     27.746    2.450       3.923           0      131072            0            1    14499588 
   56234.244177200        17.462        0.052        35212070000854  339.5987260   15.7692800   22h38m23.69s   15d46m09.41s      2               0    8.578300e-07         134         134         120        17.359            0.004     17.460         17.457   17.464       17.459    0.050       0.042        14499603003357  339.5987550   15.7692830        3521      7   56234.247427200        1321    17.441    20.865     27.730    2.650       3.845           0      131072            0            1    14499603 
   56236.145687200        17.456        0.031        35212070000854  339.5987260   15.7692800   22h38m23.69s   15d46m09.41s      2               0    8.578300e-07         134         134         120        17.359            0.004     17.460         17.457   17.464       17.459    0.050       0.042        14531741004009  339.5987540   15.7692990        3521      7   56236.148787200        1323    17.462    21.331     27.771    2.550       3.675           0      131072            0            1    14531741 
   56238.121187200        17.453        0.029        35212070000854  339.5987260   15.7692800   22h38m23.69s   15d46m09.41s      2               0    8.578300e-07         134         134         120        17.359            0.004     17.460         17.457   17.464       17.459    0.050       0.042        14573601004165  339.5987380   15.7693090        3521      7   56238.124147200        1325    17.461    21.459     27.768    2.150       3.195           0      131072            0            1    14573601 
   56238.091697200        17.461        0.029        35212070000854  339.5987260   15.7692800   22h38m23.69s   15d46m09.41s      2               0    8.578300e-07         134         134         120        17.359            0.004     17.460         17.457   17.464       17.459    0.050       0.042        14573623004079  339.5987490   15.7693090        3521      7   56238.094657200        1325    17.466    21.357     27.764    2.250       3.413           0      131072            0            1    14573623 
   56232.228407200        17.496        0.076        35212070000854  339.5987260   15.7692800   22h38m23.69s   15d46m09.41s      2               0    8.578300e-07         134         134         120        17.359            0.004     17.460         17.457   17.464       17.459    0.050       0.042        14647927003358  339.5987590   15.7693000        3521      7   56232.231797200        1319    17.448    20.950     27.716    2.150       3.643           0      131072            0            1    14647927 
   56251.084597200        17.475        0.032        35212070000854  339.5987260   15.7692800   22h38m23.69s   15d46m09.41s      2               0    8.578300e-07         134         134         120        17.359            0.004     17.460         17.457   17.464       17.459    0.050       0.042        14657670003765  339.5987630   15.7692870        3521      7   56251.086477200        1338    17.480    21.194     27.770    2.150       3.942           0      131072            0            1    14657670 
   56251.114167200        17.489        0.032        35212070000854  339.5987260   15.7692800   22h38m23.69s   15d46m09.41s      2               0    8.578300e-07         134         134         120        17.359            0.004     17.460         17.457   17.464       17.459    0.050       0.042        14657690003535  339.5987390   15.7692960        3521      7   56251.116047200        1338    17.493    20.867     27.771    2.950       4.094           0      131072            0            1    14657690 
   56255.081677200        17.447        0.036        35212070000854  339.5987260   15.7692800   22h38m23.69s   15d46m09.41s      2               0    8.578300e-07         134         134         120        17.359            0.004     17.460         17.457   17.464       17.459    0.050       0.042        14698345003023  339.5987720   15.7693050        3521      7   56255.083207200        1342    17.443    20.593     27.777    2.650       4.099           0      131072            0            1    14698345 
   56255.112127200        17.442        0.038        35212070000854  339.5987260   15.7692800   22h38m23.69s   15d46m09.41s      2               0    8.578300e-07         134         134         120        17.359            0.004     17.460         17.457   17.464       17.459    0.050       0.042        14698373002732  339.5987620   15.7692830        3521      7   56255.113657200        1342    17.455    20.397     27.779    3.350       5.230           0      131072            0            1    14698373 
   56267.144527200        17.439        0.258        35212070000854  339.5987260   15.7692800   22h38m23.69s   15d46m09.41s      2               0    8.578300e-07         134         134         120        17.359            0.004     17.460         17.457   17.464       17.459    0.050       0.042        14758256003485  339.5987370   15.7692730        3521      7   56267.144947200        1354    17.445    20.991     27.609    2.450       3.745           0      131072            0            1    14758256 
   56267.186597200        17.372        0.258        35212070000854  339.5987260   15.7692800   22h38m23.69s   15d46m09.41s      2               0    8.578300e-07         134         134         120        17.359            0.004     17.460         17.457   17.464       17.459    0.050       0.042        14758279003314  339.5987240   15.7692750        3521      7   56267.187007200        1354    17.359    20.938     27.510    2.150       3.790           0      131072            0            1    14758279 
   56265.173377200        17.467        0.234        35212070000854  339.5987260   15.7692800   22h38m23.69s   15d46m09.41s      2               0    8.578300e-07         134         134         120        17.359            0.004     17.460         17.457   17.464       17.459    0.050       0.042        14766650002976  339.5987380   15.7693020        3521      7   56265.173987200        1352    17.675    20.959     27.511    2.350       4.947           0      131072            0            1    14766650 
   56265.143887200        17.441        0.233        35212070000854  339.5987260   15.7692800   22h38m23.69s   15d46m09.41s      2               0    8.578300e-07         134         134         120        17.359            0.004     17.460         17.457   17.464       17.459    0.050       0.042        14766660004035  339.5987500   15.7692930        3521      7   56265.144497200        1352    17.424    21.438     27.709    2.350       3.843           0      131072            0            1    14766660 
   56271.223777200        17.460        0.047        35212070000854  339.5987260   15.7692800   22h38m23.69s   15d46m09.41s      2               0    8.578300e-07         134         134         120        17.359            0.004     17.460         17.457   17.464       17.459    0.050       0.042        14804571002701  339.5987110   15.7692970        3521      7   56271.223807200        1358    17.445    20.516     27.630    3.650       5.653           0      131072            0            1    14804571 
   56257.088927200        17.551        0.038        35212070000854  339.5987260   15.7692800   22h38m23.69s   15d46m09.41s      2               0    8.578300e-07         134         134         120        17.359            0.004     17.460         17.457   17.464       17.459    0.050       0.042        15702062002866  339.5987570   15.7692560        3521      7   56257.090267200        1344    17.556    20.531     27.772    2.850       3.690           0      131072            0            1    15702062 
   56257.119777200        17.450        0.036        35212070000854  339.5987260   15.7692800   22h38m23.69s   15d46m09.41s      2               0    8.578300e-07         134         134         120        17.359            0.004     17.460         17.457   17.464       17.459    0.050       0.042        15702081003075  339.5987810   15.7693390        3521      7   56257.121127200        1344    17.457    20.742     27.778    2.350       4.037           0      131072            0            1    15702081 
   56911.286797200        17.504        0.045        35212070000854  339.5987260   15.7692800   22h38m23.69s   15d46m09.41s      2               0    8.578300e-07         134         134         120        17.359            0.004     17.460         17.457   17.464       17.459    0.050       0.042        21287328002714  339.5987330   15.7692800        3521      7   56911.292097200        1975    17.489    20.515     27.706    2.350       5.106           0      131072            0            1    21287328 
