   55783.493537200        17.248        0.033        35212000007413  339.1246560   17.5930640   22h36m29.92s   17d35m35.03s      2               0    4.855827e-07         134         132         116        17.250            0.008     17.252         17.251   17.252       17.251    0.033       0.021        10358489002154  339.1246750   17.5930680        3521      0   55783.498077200         881    17.257    21.705     27.983    2.150       2.092           0      131072            0            1    10358489 
   55783.450517200        17.244        0.032        35212000007413  339.1246560   17.5930640   22h36m29.92s   17d35m35.03s      2               0    4.855827e-07         134         132         116        17.250            0.008     17.252         17.251   17.252       17.251    0.033       0.021        10358546002373  339.1246630   17.5930790        3521      0   55783.455047200         881    17.241    21.903     27.995    2.050       2.111           0      131072            0            1    10358546 
   55794.417557200        17.210        0.128        35212000007413  339.1246560   17.5930640   22h36m29.92s   17d35m35.03s      2               0    4.855827e-07         134         132         116        17.250            0.008     17.252         17.251   17.252       17.251    0.033       0.021        10381024001185  339.1246500   17.5930570        3521      0   55794.422517200         892    17.766    20.936     27.861    2.150       2.194           0      131072            0            1    10381024 
   55794.374747200        17.496        0.155        35212000007413  339.1246560   17.5930640   22h36m29.92s   17d35m35.03s      2               0    4.855827e-07         134         132         116        17.250            0.008     17.252         17.251   17.252       17.251    0.033       0.021        10381090000651  339.1246460   17.5930930        3521      0   55794.379707200         892    19.180    20.779     27.908    2.050       2.159           0      131072            0            1    10381090 
   55821.364667200        17.264        0.030        35212000007413  339.1246560   17.5930640   22h36m29.92s   17d35m35.03s      2               0    4.855827e-07         134         132         116        17.250            0.008     17.252         17.251   17.252       17.251    0.033       0.021        10510320001545  339.1246760   17.5930530        3521      0   55821.369947200         919    17.280    21.077     27.968    2.050       2.175           0      131072            0            1    10510320 
   55821.319317200        17.238        0.030        35212000007413  339.1246560   17.5930640   22h36m29.92s   17d35m35.03s      2               0    4.855827e-07         134         132         116        17.250            0.008     17.252         17.251   17.252       17.251    0.033       0.021        10510348001586  339.1246980   17.5930560        3521      0   55821.324607200         919    17.250    21.065     27.977    2.250       2.548           0      131072            0            1    10510348 
   55471.200687200        17.240        0.033        35212000007413  339.1246560   17.5930640   22h36m29.92s   17d35m35.03s      2               0    4.855827e-07         134         132         116        17.250            0.008     17.252         17.251   17.252       17.251    0.033       0.021        10798349002209  339.1246540   17.5930860        3521      0   55471.205667200         562    17.252    21.790     28.095    2.050       2.039           0      131072            0            1    10798349 
   55471.244407200        17.252        0.033        35212000007413  339.1246560   17.5930640   22h36m29.92s   17d35m35.03s      2               0    4.855827e-07         134         132         116        17.250            0.008     17.252         17.251   17.252       17.251    0.033       0.021        10798441002268  339.1246000   17.5930580        3521      0   55471.249397200         562    17.256    21.787     28.091    2.050       2.020           0      131072            0            1    10798441 
   55483.166527200        17.254        0.029        35212000007413  339.1246560   17.5930640   22h36m29.92s   17d35m35.03s      2               0    4.855827e-07         134         132         116        17.250            0.008     17.252         17.251   17.252       17.251    0.033       0.021        10855740002145  339.1246490   17.5930800        3521      0   55483.171037200         577    17.264    21.728     28.088    1.850       1.781           0      131072            0            1    10855740 
   55483.122857200        17.261        0.030        35212000007413  339.1246560   17.5930640   22h36m29.92s   17d35m35.03s      2               0    4.855827e-07         134         132         116        17.250            0.008     17.252         17.251   17.252       17.251    0.033       0.021        10855795002039  339.1246560   17.5930650        3521      0   55483.127367200         577    17.263    21.553     28.069    2.050       2.067           0      131072            0            1    10855795 
   55443.230767200        17.220        0.028        35212000007413  339.1246560   17.5930640   22h36m29.92s   17d35m35.03s      2               0    4.855827e-07         134         132         116        17.250            0.008     17.252         17.251   17.252       17.251    0.033       0.021        10908450002348  339.1246610   17.5931060        3521      0   55443.236027200         538    17.216    21.793     28.077    2.050       2.077           0      131072            0            1    10908450 
   55443.185917200        17.257        0.028        35212000007413  339.1246560   17.5930640   22h36m29.92s   17d35m35.03s      2               0    4.855827e-07         134         132         116        17.250            0.008     17.252         17.251   17.252       17.251    0.033       0.021        10908458002061  339.1246740   17.5931030        3521      0   55443.191177200         538    17.254    21.486     28.046    2.350       2.497           0      131072            0            1    10908458 
   55446.312747200        17.228        0.038        35212000007413  339.1246560   17.5930640   22h36m29.92s   17d35m35.03s      2               0    4.855827e-07         134         132         116        17.250            0.008     17.252         17.251   17.252       17.251    0.033       0.021        10913466002526  339.1246330   17.5930640        3521      0   55446.318037200         541    17.231    22.087     28.089    1.750       1.780           0      131072            0            1    10913466 
   55446.269397200        17.220        0.038        35212000007413  339.1246560   17.5930640   22h36m29.92s   17d35m35.03s      2               0    4.855827e-07         134         132         116        17.250            0.008     17.252         17.251   17.252       17.251    0.033       0.021        10913512002435  339.1246440   17.5930600        3521      0   55446.274687200         541    17.224    22.005     28.086    1.850       2.024           0      131072            0            1    10913512 
   55452.163847200        17.242        0.026        35212000007413  339.1246560   17.5930640   22h36m29.92s   17d35m35.03s      2               0    4.855827e-07         134         132         116        17.250            0.008     17.252         17.251   17.252       17.251    0.033       0.021        10932610002070  339.1246470   17.5931050        3521      0   55452.169147200         547    17.249    21.521     28.083    2.050       2.041           0      131072            0            1    10932610 
   55452.206587200        17.219        0.026        35212000007413  339.1246560   17.5930640   22h36m29.92s   17d35m35.03s      2               0    4.855827e-07         134         132         116        17.250            0.008     17.252         17.251   17.252       17.251    0.033       0.021        10932723002232  339.1246660   17.5930870        3521      0   55452.211887200         547    17.227    21.724     28.099    2.050       2.124           0      131072            0            1    10932723 
   55467.310857200        17.229        0.054        35212000007413  339.1246560   17.5930640   22h36m29.92s   17d35m35.03s      2               0    4.855827e-07         134         132         116        17.250            0.008     17.252         17.251   17.252       17.251    0.033       0.021        11077739001807  339.1246570   17.5930710        3521      0   55467.315957200         560    17.227    21.316     28.044    2.050       2.023           0      131072            0            1    11077739 
   55468.221587200        17.255        0.186        35212000007413  339.1246560   17.5930640   22h36m29.92s   17d35m35.03s      2               0    4.855827e-07         134         132         116        17.250            0.008     17.252         17.251   17.252       17.251    0.033       0.021        11078422002110  339.1246490   17.5930410        3521      0   55468.226657200         558    17.292    21.652     28.098    2.050       2.116           0      131072            0            1    11078422 
   55416.200397200        17.221        0.193        35212000007413  339.1246560   17.5930640   22h36m29.92s   17d35m35.03s      2               0    4.855827e-07         134         132         116        17.250            0.008     17.252         17.251   17.252       17.251    0.033       0.021        11121847001514  339.1246900   17.5930790        3521      0   55416.204827200         515    17.278    20.536     26.915    3.150       3.171           0      131072            0            1    11121847 
   55416.243347200        17.226        0.193        35212000007413  339.1246560   17.5930640   22h36m29.92s   17d35m35.03s      2               0    4.855827e-07         134         132         116        17.250            0.008     17.252         17.251   17.252       17.251    0.033       0.021        11121985001597  339.1246520   17.5930820        3521      0   55416.247777200         515    17.357    21.001     27.130    2.750       2.790           0      131072            0            1    11121985 
   55422.369597200        17.258        0.028        35212000007413  339.1246560   17.5930640   22h36m29.92s   17d35m35.03s      2               0    4.855827e-07         134         132         116        17.250            0.008     17.252         17.251   17.252       17.251    0.033       0.021        11149623002537  339.1246400   17.5930560        3521      0   55422.374307200         521    17.252    22.020     28.088    2.050       2.108           0      131072            0            1    11149623 
   55422.414337200        17.267        0.028        35212000007413  339.1246560   17.5930640   22h36m29.92s   17d35m35.03s      2               0    4.855827e-07         134         132         116        17.250            0.008     17.252         17.251   17.252       17.251    0.033       0.021        11149774002435  339.1246370   17.5930540        3521      0   55422.419057200         521    17.265    21.946     28.086    2.150       2.142           0      131072            0            1    11149774 
   55429.226357200        17.261        0.030        35212000007413  339.1246560   17.5930640   22h36m29.92s   17d35m35.03s      2               0    4.855827e-07         134         132         116        17.250            0.008     17.252         17.251   17.252       17.251    0.033       0.021        11200816001680  339.1246560   17.5930960        3521      0   55429.231317200         528    17.261    21.110     28.060    1.950       2.009           0      131072            0            1    11200816 
   55429.183207200        17.200        0.031        35212000007413  339.1246560   17.5930640   22h36m29.92s   17d35m35.03s      2               0    4.855827e-07         134         132         116        17.250            0.008     17.252         17.251   17.252       17.251    0.033       0.021        11201013001519  339.1246690   17.5931260        3521      0   55429.188167200         528    17.192    20.807     28.008    2.150       2.463           0      131072            0            1    11201013 
   55436.224917200        17.248        0.037        35212000007413  339.1246560   17.5930640   22h36m29.92s   17d35m35.03s      2               0    4.855827e-07         134         132         116        17.250            0.008     17.252         17.251   17.252       17.251    0.033       0.021        11207843001491  339.1246450   17.5930570        3521      0   55436.230067200         609    17.241    20.701     28.034    2.350       2.468           0      131072            0            1    11207843 
   55436.176617200        17.250        0.039        35212000007413  339.1246560   17.5930640   22h36m29.92s   17d35m35.03s      2               0    4.855827e-07         134         132         116        17.250            0.008     17.252         17.251   17.252       17.251    0.033       0.021        11208062001381  339.1246700   17.5930600        3521      0   55436.181767200         609    17.232    20.521     27.984    2.650       2.795           0      131072            0            1    11208062 
   55426.169847200        17.243        0.068        35212000007413  339.1246560   17.5930640   22h36m29.92s   17d35m35.03s      2               0    4.855827e-07         134         132         116        17.250            0.008     17.252         17.251   17.252       17.251    0.033       0.021        11224126001496  339.1246350   17.5930940        3521      0   55426.174707200         525    17.139    20.468     27.784    3.150       3.361           0      131072            0            1    11224126 
   55439.224367200        17.243        0.029        35212000007413  339.1246560   17.5930640   22h36m29.92s   17d35m35.03s      2               0    4.855827e-07         134         132         116        17.250            0.008     17.252         17.251   17.252       17.251    0.033       0.021        11225283002156  339.1246490   17.5930640        3521      0   55439.229567200         534    17.239    21.655     28.036    1.950       2.048           0      131072            0            1    11225283 
   55439.179857200        17.265        0.029        35212000007413  339.1246560   17.5930640   22h36m29.92s   17d35m35.03s      2               0    4.855827e-07         134         132         116        17.250            0.008     17.252         17.251   17.252       17.251    0.033       0.021        11225325002127  339.1246770   17.5930910        3521      0   55439.185067200         534    17.256    21.500     27.994    2.250       2.318           0      131072            0            1    11225325 
   55382.429197200        17.239        0.027        35212000007413  339.1246560   17.5930640   22h36m29.92s   17d35m35.03s      2               0    4.855827e-07         134         132         116        17.250            0.008     17.252         17.251   17.252       17.251    0.033       0.021        11241165002097  339.1246310   17.5930510        3521      0   55382.431397200         481    17.248    21.602     28.129    2.150       2.236           0      131072            0            1    11241165 
   55382.386187200        17.227        0.027        35212000007413  339.1246560   17.5930640   22h36m29.92s   17d35m35.03s      2               0    4.855827e-07         134         132         116        17.250            0.008     17.252         17.251   17.252       17.251    0.033       0.021        11241179002030  339.1246490   17.5930660        3521      0   55382.388377200         481    17.237    21.482     28.115    2.250       2.296           0      131072            0            1    11241179 
   55387.460507200        17.253        0.190        35212000007413  339.1246560   17.5930640   22h36m29.92s   17d35m35.03s      2               0    4.855827e-07         134         132         116        17.250            0.008     17.252         17.251   17.252       17.251    0.033       0.021        11261130002342  339.1246210   17.5930660        3521      0   55387.463097200         486    17.025    21.575     27.836    2.250       2.276           0      131072            0            1    11261130 
   55387.412087200        17.248        0.190        35212000007413  339.1246560   17.5930640   22h36m29.92s   17d35m35.03s      2               0    4.855827e-07         134         132         116        17.250            0.008     17.252         17.251   17.252       17.251    0.033       0.021        11261216002682  339.1246270   17.5930590        3521      0   55387.414667200         486    17.128    22.015     27.941    1.850       1.849           0      131072            0            1    11261216 
   55349.467407200        17.261        0.059        35212000007413  339.1246560   17.5930640   22h36m29.92s   17d35m35.03s      2               0    4.855827e-07         134         132         116        17.250            0.008     17.252         17.251   17.252       17.251    0.033       0.021        11335384001740  339.1246630   17.5930590        3521      0   55349.466757200         449    17.285    21.046     28.127    2.350       2.366           0      131072            0            1    11335384 
   55364.433677200        17.255        0.032        35212000007413  339.1246560   17.5930640   22h36m29.92s   17d35m35.03s      2               0    4.855827e-07         134         132         116        17.250            0.008     17.252         17.251   17.252       17.251    0.033       0.021        11389733002214  339.1246430   17.5930810        3521      0   55364.434347200         463    17.252    21.705     28.094    2.350       2.509           0      131072            0            1    11389733 
   55364.386147200        17.249        0.032        35212000007413  339.1246560   17.5930640   22h36m29.92s   17d35m35.03s      2               0    4.855827e-07         134         132         116        17.250            0.008     17.252         17.251   17.252       17.251    0.033       0.021        11389735002167  339.1246720   17.5930560        3521      0   55364.386807200         463    17.236    21.559     28.057    2.450       2.556           0      131072            0            1    11389735 
   55419.358367200        17.259        0.263        35212000007413  339.1246560   17.5930640   22h36m29.92s   17d35m35.03s      2               0    4.855827e-07         134         132         116        17.250            0.008     17.252         17.251   17.252       17.251    0.033       0.021        11395185001940  339.1246460   17.5930510        3521      0   55419.362947200         518    17.077    21.159     27.065    2.250       2.281           0      131072            0            1    11395185 
   55419.401647200        17.301        0.264        35212000007413  339.1246560   17.5930640   22h36m29.92s   17d35m35.03s      2               0    4.855827e-07         134         132         116        17.250            0.008     17.252         17.251   17.252       17.251    0.033       0.021        11395348001727  339.1246570   17.5930700        3521      0   55419.406227200         518    17.233    21.146     27.082    2.450       2.462           0      131072            0            1    11395348 
   55369.460177200        17.246        0.031        35212000007413  339.1246560   17.5930640   22h36m29.92s   17d35m35.03s      2               0    4.855827e-07         134         132         116        17.250            0.008     17.252         17.251   17.252       17.251    0.033       0.021        11410009002465  339.1246540   17.5930730        3521      0   55369.461277200         468    17.257    21.929     28.137    1.950       2.025           0      131072            0            1    11410009 
   55372.400097200        17.202        0.029        35212000007413  339.1246560   17.5930640   22h36m29.92s   17d35m35.03s      2               0    4.855827e-07         134         132         116        17.250            0.008     17.252         17.251   17.252       17.251    0.033       0.021        11411275001678  339.1246470   17.5930700        3521      0   55372.401447200         471    17.200    21.105     28.109    2.050       2.101           0      131072            0            1    11411275 
   55372.356507200        17.263        0.030        35212000007413  339.1246560   17.5930640   22h36m29.92s   17d35m35.03s      2               0    4.855827e-07         134         132         116        17.250            0.008     17.252         17.251   17.252       17.251    0.033       0.021        11411338001477  339.1246440   17.5930600        3521      0   55372.357857200         471    17.257    20.704     28.075    2.550       2.547           0      131072            0            1    11411338 
   55371.453437200        17.262        0.026        35212000007413  339.1246560   17.5930640   22h36m29.92s   17d35m35.03s      2               0    4.855827e-07         134         132         116        17.250            0.008     17.252         17.251   17.252       17.251    0.033       0.021        11414051002289  339.1246190   17.5930520        3521      0   55371.454717200         470    17.271    21.697     28.149    2.050       2.011           0      131072            0            1    11414051 
   55370.457827200        17.254        0.027        35212000007413  339.1246560   17.5930640   22h36m29.92s   17d35m35.03s      2               0    4.855827e-07         134         132         116        17.250            0.008     17.252         17.251   17.252       17.251    0.033       0.021        11416228002458  339.1246430   17.5930590        3521      0   55370.459017200         469    17.272    21.953     28.153    2.050       2.048           0      131072            0            1    11416228 
   55377.357017200        17.264        0.030        35212000007413  339.1246560   17.5930640   22h36m29.92s   17d35m35.03s      2               0    4.855827e-07         134         132         116        17.250            0.008     17.252         17.251   17.252       17.251    0.033       0.021        11430718001490  339.1246550   17.5930530        3521      0   55377.358787200         476    17.260    20.808     28.045    2.350       2.389           0      131072            0            1    11430718 
   55377.401227200        17.260        0.030        35212000007413  339.1246560   17.5930640   22h36m29.92s   17d35m35.03s      2               0    4.855827e-07         134         132         116        17.250            0.008     17.252         17.251   17.252       17.251    0.033       0.021        11430750001551  339.1246390   17.5930560        3521      0   55377.403007200         476    17.259    20.885     28.069    2.350       2.427           0      131072            0            1    11430750 
   55137.187677200        17.254        0.032        35212000007413  339.1246560   17.5930640   22h36m29.92s   17d35m35.03s      2               0    4.855827e-07         134         132         116        17.250            0.008     17.252         17.251   17.252       17.251    0.033       0.021        11786718001386  339.1246230   17.5930650        3521      0   55137.191017200         244    17.245    20.605     28.130    2.450       2.532           0      131072            0            1    11786718 
   55138.179157200        17.280        0.044        35212000007413  339.1246560   17.5930640   22h36m29.92s   17d35m35.03s      2               0    4.855827e-07         134         132         116        17.250            0.008     17.252         17.251   17.252       17.251    0.033       0.021        11790096001449  339.1245950   17.5930500        3521      0   55138.182427200         245    17.261    20.574     28.106    2.650       2.856           0      131072            0            1    11790096 
   55142.163267200        17.249        0.029        35212000007413  339.1246560   17.5930640   22h36m29.92s   17d35m35.03s      2               0    4.855827e-07         134         132         116        17.250            0.008     17.252         17.251   17.252       17.251    0.033       0.021        11794238002151  339.1246340   17.5930910        3521      0   55142.166237200         282    17.243    21.612     28.124    2.250       2.401           0      131072            0            1    11794238 
   55142.118957200        17.294        0.029        35212000007413  339.1246560   17.5930640   22h36m29.92s   17d35m35.03s      2               0    4.855827e-07         134         132         116        17.250            0.008     17.252         17.251   17.252       17.251    0.033       0.021        11794342002078  339.1246370   17.5930460        3521      0   55142.121927200         282    17.290    21.467     28.120    2.450       2.433           0      131072            0            1    11794342 
   55123.223387200        17.262        0.031        35212000007413  339.1246560   17.5930640   22h36m29.92s   17d35m35.03s      2               0    4.855827e-07         134         132         116        17.250            0.008     17.252         17.251   17.252       17.251    0.033       0.021        11812691001954  339.1246080   17.5930540        3521      0   55123.227627200         232    17.271    21.712     28.182    2.150       2.142           0      131072            0            1    11812691 
   55045.207707200        17.251        0.031        35212000007413  339.1246560   17.5930640   22h36m29.92s   17d35m35.03s      2               0    4.855827e-07         134         132         116        17.250            0.008     17.252         17.251   17.252       17.251    0.033       0.021        11858039001281  339.1246610   17.5930370        3521      0   55045.211847200         159    17.234    20.316     27.623    2.950       3.023           0      131072            0            1    11858039 
   55045.289337200        17.245        0.028        35212000007413  339.1246560   17.5930640   22h36m29.92s   17d35m35.03s      2               0    4.855827e-07         134         132         116        17.250            0.008     17.252         17.251   17.252       17.251    0.033       0.021        11858047001736  339.1246500   17.5930810        3521      0   55045.293477200         159    17.248    21.116     27.738    2.050       2.054           0      131072            0            1    11858047 
   55049.426157200        17.222        0.033        35212000007413  339.1246560   17.5930640   22h36m29.92s   17d35m35.03s      2               0    4.855827e-07         134         132         116        17.250            0.008     17.252         17.251   17.252       17.251    0.033       0.021        11863107001257  339.1246380   17.5930650        3521      0   55049.430517200         163    17.222    20.334     27.746    2.150       2.242           0      131072            0            1    11863107 
   55054.221717200        17.313        0.059        35212000007413  339.1246560   17.5930640   22h36m29.92s   17d35m35.03s      2               0    4.855827e-07         134         132         116        17.250            0.008     17.252         17.251   17.252       17.251    0.033       0.021        11869744001172  339.1246780   17.5931130        3521      0   55054.226297200         168    17.280    20.092     27.562    3.350       3.608           0      131072            0            1    11869744 
   55066.328927200        17.239        0.028        35212000007413  339.1246560   17.5930640   22h36m29.92s   17d35m35.03s      2               0    4.855827e-07         134         132         116        17.250            0.008     17.252         17.251   17.252       17.251    0.033       0.021        11884044002418  339.1246040   17.5930740        3521      0   55066.333957200         180    17.224    21.846     27.676    1.850       1.697           0      131072            0            1    11884044 
   55066.284507200        17.248        0.028        35212000007413  339.1246560   17.5930640   22h36m29.92s   17d35m35.03s      2               0    4.855827e-07         134         132         116        17.250            0.008     17.252         17.251   17.252       17.251    0.033       0.021        11884061002366  339.1246210   17.5930620        3521      0   55066.289537200         180    17.257    21.919     27.655    1.650       1.804           0      131072            0            1    11884061 
   55061.271507200        17.229        0.025        35212000007413  339.1246560   17.5930640   22h36m29.92s   17d35m35.03s      2               0    4.855827e-07         134         132         116        17.250            0.008     17.252         17.251   17.252       17.251    0.033       0.021        11893490002345  339.1246230   17.5930700        3521      0   55061.276377200         175    17.228    21.781     27.759    1.950       1.999           0      131072            0            1    11893490 
   55061.369177200        17.246        0.025        35212000007413  339.1246560   17.5930640   22h36m29.92s   17d35m35.03s      2               0    4.855827e-07         134         132         116        17.250            0.008     17.252         17.251   17.252       17.251    0.033       0.021        11893514002444  339.1246290   17.5930710        3521      0   55061.374047200         175    17.244    21.818     27.761    2.150       2.303           0      131072            0            1    11893514 
   55056.350197200        17.215        0.025        35212000007413  339.1246560   17.5930640   22h36m29.92s   17d35m35.03s      2               0    4.855827e-07         134         132         116        17.250            0.008     17.252         17.251   17.252       17.251    0.033       0.021        11899269001945  339.1246500   17.5930610        3521      0   55056.354877200         170    17.217    21.347     27.747    2.150       2.206           0      131072            0            1    11899269 
   55056.268047200        17.241        0.025        35212000007413  339.1246560   17.5930640   22h36m29.92s   17d35m35.03s      2               0    4.855827e-07         134         132         116        17.250            0.008     17.252         17.251   17.252       17.251    0.033       0.021        11899280002002  339.1246350   17.5930800        3521      0   55056.272717200         170    17.238    21.401     27.722    2.150       2.062           0      131072            0            1    11899280 
   55087.280887200        17.258        0.024        35212000007413  339.1246560   17.5930640   22h36m29.92s   17d35m35.03s      2               0    4.855827e-07         134         132         116        17.250            0.008     17.252         17.251   17.252       17.251    0.033       0.021        11918661002321  339.1246570   17.5930690        3521      0   55087.286197200         199    17.263    21.826     27.755    1.950       2.093           0      131072            0            1    11918661 
   55087.325037200        17.246        0.024        35212000007413  339.1246560   17.5930640   22h36m29.92s   17d35m35.03s      2               0    4.855827e-07         134         132         116        17.250            0.008     17.252         17.251   17.252       17.251    0.033       0.021        11918675002175  339.1246600   17.5930730        3521      0   55087.330337200         199    17.256    21.702     27.755    2.150       2.165           0      131072            0            1    11918675 
   55019.451217200        17.281        0.036        35212000007413  339.1246560   17.5930640   22h36m29.92s   17d35m35.03s      2               0    4.855827e-07         134         132         116        17.250            0.008     17.252         17.251   17.252       17.251    0.033       0.021        11920831001510  339.1246340   17.5930590        3521      0   55019.453587200         133    17.244    20.494     27.606    2.450       2.635           0      131072            0            1    11920831 
   55019.390137200        17.286        0.036        35212000007413  339.1246560   17.5930640   22h36m29.92s   17d35m35.03s      2               0    4.855827e-07         134         132         116        17.250            0.008     17.252         17.251   17.252       17.251    0.033       0.021        11920877001441  339.1246490   17.5930750        3521      0   55019.392507200         133    17.247    20.416     27.590    2.450       2.536           0      131072            0            1    11920877 
   55032.282817200        17.085        0.066        35212000007413  339.1246560   17.5930640   22h36m29.92s   17d35m35.03s      2               0    4.855827e-07         134         132         116        17.250            0.008     17.252         17.251   17.252       17.251    0.033       0.021        11956016001055  339.1246580   17.5930330        3521      0   55032.286137200         146    18.355    21.155     27.593    2.150       2.174           0      131072            0            1    11956016 
   55031.383737200        17.252        0.034        35212000007413  339.1246560   17.5930640   22h36m29.92s   17d35m35.03s      2               0    4.855827e-07         134         132         116        17.250            0.008     17.252         17.251   17.252       17.251    0.033       0.021        11957451002347  339.1246230   17.5930680        3521      0   55031.387007200         145    17.261    21.787     27.706    1.950       2.117           0      131072            0            1    11957451 
   55039.420947200        17.234        0.028        35212000007413  339.1246560   17.5930640   22h36m29.92s   17d35m35.03s      2               0    4.855827e-07         134         132         116        17.250            0.008     17.252         17.251   17.252       17.251    0.033       0.021        11989864002371  339.1246320   17.5930550        3521      0   55039.424747200         153    17.212    21.704     27.660    2.150       2.191           0      131072            0            1    11989864 
   55039.376907200        17.245        0.028        35212000007413  339.1246560   17.5930640   22h36m29.92s   17d35m35.03s      2               0    4.855827e-07         134         132         116        17.250            0.008     17.252         17.251   17.252       17.251    0.033       0.021        11989960002299  339.1246450   17.5930800        3521      0   55039.380697200         153    17.223    21.712     27.638    2.050       2.053           0      131072            0            1    11989960 
   55498.219327200        17.259        0.202        35212000007413  339.1246560   17.5930640   22h36m29.92s   17d35m35.03s      2               0    4.855827e-07         134         132         116        17.250            0.008     17.252         17.251   17.252       17.251    0.033       0.021        12783020001666  339.1246690   17.5930540        3521      0   55498.222967200         593    17.507    21.304     28.014    2.050       2.160           0      131072            0            1    12783020 
   55498.274697200        17.247        0.202        35212000007413  339.1246560   17.5930640   22h36m29.92s   17d35m35.03s      2               0    4.855827e-07         134         132         116        17.250            0.008     17.252         17.251   17.252       17.251    0.033       0.021        12783276001987  339.1246810   17.5930530        3521      0   55498.278327200         593    17.123    21.308     27.953    2.050       2.014           0      131072            0            1    12783276 
   55458.418447200        17.250        0.029        35212000007413  339.1246560   17.5930640   22h36m29.92s   17d35m35.03s      2               0    4.855827e-07         134         132         116        17.250            0.008     17.252         17.251   17.252       17.251    0.033       0.021        12794775001683  339.1246620   17.5930610        3521      0   55458.423707200         553    17.242    21.102     28.062    2.250       2.315           0      131072            0            1    12794775 
   55458.351667200        17.266        0.029        35212000007413  339.1246560   17.5930640   22h36m29.92s   17d35m35.03s      2               0    4.855827e-07         134         132         116        17.250            0.008     17.252         17.251   17.252       17.251    0.033       0.021        12794931001555  339.1246700   17.5930590        3521      0   55458.356927200         553    17.270    21.018     28.093    2.150       2.288           0      131072            0            1    12794931 
   55480.170497200        17.252        0.027        35212000007413  339.1246560   17.5930640   22h36m29.92s   17d35m35.03s      2               0    4.855827e-07         134         132         116        17.250            0.008     17.252         17.251   17.252       17.251    0.033       0.021        12807129002086  339.1246700   17.5930470        3521      0   55480.175147200         574    17.263    21.533     28.087    2.150       2.258           0      131072            0            1    12807129 
   55480.128187200        17.254        0.027        35212000007413  339.1246560   17.5930640   22h36m29.92s   17d35m35.03s      2               0    4.855827e-07         134         132         116        17.250            0.008     17.252         17.251   17.252       17.251    0.033       0.021        12807144002116  339.1246780   17.5930530        3521      0   55480.132837200         574    17.268    21.604     28.065    2.050       2.054           0      131072            0            1    12807144 
   56202.157977200        17.245        0.032        35212000007413  339.1246560   17.5930640   22h36m29.92s   17d35m35.03s      2               0    4.855827e-07         134         132         116        17.250            0.008     17.252         17.251   17.252       17.251    0.033       0.021        14272769001442  339.1246670   17.5930600        3521      0   56202.162947200        1299    17.266    20.839     28.088    2.050       2.131           0      131072            0            1    14272769 
   56202.128807200        17.217        0.031        35212000007413  339.1246560   17.5930640   22h36m29.92s   17d35m35.03s      2               0    4.855827e-07         134         132         116        17.250            0.008     17.252         17.251   17.252       17.251    0.033       0.021        14272772001417  339.1246780   17.5930460        3521      0   56202.133787200        1299    17.234    20.757     28.076    2.250       2.389           0      131072            0            1    14272772 
   56202.187427200        17.273        0.031        35212000007413  339.1246560   17.5930640   22h36m29.92s   17d35m35.03s      2               0    4.855827e-07         134         132         116        17.250            0.008     17.252         17.251   17.252       17.251    0.033       0.021        14272805001450  339.1246760   17.5930560        3521      0   56202.192407200        1299    17.278    20.800     28.096    2.250       2.407           0      131072            0            1    14272805 
   56204.112797200        17.267        0.385        35212000007413  339.1246560   17.5930640   22h36m29.92s   17d35m35.03s      2               0    4.855827e-07         134         132         116        17.250            0.008     17.252         17.251   17.252       17.251    0.033       0.021        14313881001095  339.1246420   17.5930600        3521      0   56204.117707200        1301    17.705    20.545     27.713    2.650       2.928           0      131072            0            1    14313881 
   56204.143157200        17.276        0.385        35212000007413  339.1246560   17.5930640   22h36m29.92s   17d35m35.03s      2               0    4.855827e-07         134         132         116        17.250            0.008     17.252         17.251   17.252       17.251    0.033       0.021        14313904001389  339.1246770   17.5930570        3521      0   56204.148067200        1301    17.458    20.908     27.763    2.250       2.345           0      131072            0            1    14313904 
   56204.173637200        17.276        0.385        35212000007413  339.1246560   17.5930640   22h36m29.92s   17d35m35.03s      2               0    4.855827e-07         134         132         116        17.250            0.008     17.252         17.251   17.252       17.251    0.033       0.021        14313929001751  339.1246690   17.5930530        3521      0   56204.178537200        1301    16.915    20.864     27.761    2.450       2.463           0      131072            0            1    14313929 
   56206.113627200        17.268        0.103        35212000007413  339.1246560   17.5930640   22h36m29.92s   17d35m35.03s      2               0    4.855827e-07         134         132         116        17.250            0.008     17.252         17.251   17.252       17.251    0.033       0.021        14340024001980  339.1246770   17.5930570        3521      0   56206.118457200        1303    17.310    21.419     28.148    2.550       2.618           0      131072            0            1    14340024 
   56206.149307200        17.238        0.103        35212000007413  339.1246560   17.5930640   22h36m29.92s   17d35m35.03s      2               0    4.855827e-07         134         132         116        17.250            0.008     17.252         17.251   17.252       17.251    0.033       0.021        14340045002128  339.1246690   17.5930510        3521      0   56206.154137200        1303    17.279    21.725     28.150    2.150       2.241           0      131072            0            1    14340045 
   56206.179597200        17.241        0.103        35212000007413  339.1246560   17.5930640   22h36m29.92s   17d35m35.03s      2               0    4.855827e-07         134         132         116        17.250            0.008     17.252         17.251   17.252       17.251    0.033       0.021        14340075002159  339.1246740   17.5930550        3521      0   56206.184427200        1303    17.264    21.795     28.138    2.050       2.166           0      131072            0            1    14340075 
   56228.184547200        17.262        0.029        35212000007413  339.1246560   17.5930640   22h36m29.92s   17d35m35.03s      2               0    4.855827e-07         134         132         116        17.250            0.008     17.252         17.251   17.252       17.251    0.033       0.021        14450753001443  339.1246500   17.5930710        3521      0   56228.188217200        1315    17.254    20.725     28.121    2.350       2.493           0      131072            0            1    14450753 
   56228.215327200        17.269        0.030        35212000007413  339.1246560   17.5930640   22h36m29.92s   17d35m35.03s      2               0    4.855827e-07         134         132         116        17.250            0.008     17.252         17.251   17.252       17.251    0.033       0.021        14450769001309  339.1246700   17.5930650        3521      0   56228.218997200        1315    17.274    20.633     28.118    2.450       2.572           0      131072            0            1    14450769 
   56230.249197200        17.263        0.030        35212000007413  339.1246560   17.5930640   22h36m29.92s   17d35m35.03s      2               0    4.855827e-07         134         132         116        17.250            0.008     17.252         17.251   17.252       17.251    0.033       0.021        14487135001341  339.1246750   17.5930500        3521      0   56230.252737200        1317    17.262    20.617     28.088    2.150       2.289           0      131072            0            1    14487135 
   56234.212917200        17.226        0.048        35212000007413  339.1246560   17.5930640   22h36m29.92s   17d35m35.03s      2               0    4.855827e-07         134         132         116        17.250            0.008     17.252         17.251   17.252       17.251    0.033       0.021        14497228001686  339.1246700   17.5930610        3521      0   56234.216167200        1321    17.211    21.158     28.094    2.450       2.553           0      131072            0            1    14497228 
   56234.244177200        17.235        0.048        35212000007413  339.1246560   17.5930640   22h36m29.92s   17d35m35.03s      2               0    4.855827e-07         134         132         116        17.250            0.008     17.252         17.251   17.252       17.251    0.033       0.021        14497243001634  339.1246710   17.5930530        3521      0   56234.247427200        1321    17.214    21.033     28.077    2.550       2.621           0      131072            0            1    14497243 
   56236.145687200        17.239        0.029        35212000007413  339.1246560   17.5930640   22h36m29.92s   17d35m35.03s      2               0    4.855827e-07         134         132         116        17.250            0.008     17.252         17.251   17.252       17.251    0.033       0.021        14528681001961  339.1246520   17.5930620        3521      0   56236.148787200        1323    17.250    21.506     28.138    2.450       2.517           0      131072            0            1    14528681 
   56238.121187200        17.244        0.027        35212000007413  339.1246560   17.5930640   22h36m29.92s   17d35m35.03s      2               0    4.855827e-07         134         132         116        17.250            0.008     17.252         17.251   17.252       17.251    0.033       0.021        14570745001978  339.1246530   17.5930680        3521      0   56238.124147200        1325    17.258    21.638     28.138    2.050       2.182           0      131072            0            1    14570745 
   56238.091697200        17.272        0.027        35212000007413  339.1246560   17.5930640   22h36m29.92s   17d35m35.03s      2               0    4.855827e-07         134         132         116        17.250            0.008     17.252         17.251   17.252       17.251    0.033       0.021        14570767001925  339.1246630   17.5930660        3521      0   56238.094657200        1325    17.282    21.484     28.133    2.250       2.294           0      131072            0            1    14570767 
   56232.228407200        17.226        0.071        35212000007413  339.1246560   17.5930640   22h36m29.92s   17d35m35.03s      2               0    4.855827e-07         134         132         116        17.250            0.008     17.252         17.251   17.252       17.251    0.033       0.021        14645245001578  339.1246730   17.5930500        3521      0   56232.231797200        1319    17.180    21.083     28.069    2.150       2.329           0      131072            0            1    14645245 
   56251.084597200        17.273        0.027        35212000007413  339.1246560   17.5930640   22h36m29.92s   17d35m35.03s      2               0    4.855827e-07         134         132         116        17.250            0.008     17.252         17.251   17.252       17.251    0.033       0.021        14655503001820  339.1246590   17.5930740        3521      0   56251.086477200        1338    17.284    21.383     28.144    2.050       2.105           0      131072            0            1    14655503 
   56251.114167200        17.256        0.027        35212000007413  339.1246560   17.5930640   22h36m29.92s   17d35m35.03s      2               0    4.855827e-07         134         132         116        17.250            0.008     17.252         17.251   17.252       17.251    0.033       0.021        14655513001688  339.1246520   17.5930680        3521      0   56251.116047200        1338    17.265    21.031     28.144    2.850       2.820           0      131072            0            1    14655513 
   56255.081677200        17.225        0.031        35212000007413  339.1246560   17.5930640   22h36m29.92s   17d35m35.03s      2               0    4.855827e-07         134         132         116        17.250            0.008     17.252         17.251   17.252       17.251    0.033       0.021        14695425001454  339.1246600   17.5930720        3521      0   56255.083207200        1342    17.213    20.682     28.119    2.750       2.993           0      131072            0            1    14695425 
   56255.112127200        17.267        0.031        35212000007413  339.1246560   17.5930640   22h36m29.92s   17d35m35.03s      2               0    4.855827e-07         134         132         116        17.250            0.008     17.252         17.251   17.252       17.251    0.033       0.021        14695453001285  339.1246460   17.5930440        3521      0   56255.113657200        1342    17.271    20.529     28.124    3.350       3.635           0      131072            0            1    14695453 
   56267.144527200        17.227        0.233        35212000007413  339.1246560   17.5930640   22h36m29.92s   17d35m35.03s      2               0    4.855827e-07         134         132         116        17.250            0.008     17.252         17.251   17.252       17.251    0.033       0.021        14755792001790  339.1246640   17.5930650        3521      0   56267.144947200        1354    17.226    21.118     27.963    2.450       2.491           0      131072            0            1    14755792 
   56267.186597200        17.262        0.234        35212000007413  339.1246560   17.5930640   22h36m29.92s   17d35m35.03s      2               0    4.855827e-07         134         132         116        17.250            0.008     17.252         17.251   17.252       17.251    0.033       0.021        14755815001665  339.1246520   17.5930670        3521      0   56267.187007200        1354    17.247    21.131     27.872    2.050       2.189           0      131072            0            1    14755815 
   56265.173377200        17.273        0.230        35212000007413  339.1246560   17.5930640   22h36m29.92s   17d35m35.03s      2               0    4.855827e-07         134         132         116        17.250            0.008     17.252         17.251   17.252       17.251    0.033       0.021        14765152001471  339.1246560   17.5930550        3521      0   56265.173987200        1352    17.498    21.174     27.913    2.250       2.370           0      131072            0            1    14765152 
   56265.143887200        17.299        0.230        35212000007413  339.1246560   17.5930640   22h36m29.92s   17d35m35.03s      2               0    4.855827e-07         134         132         116        17.250            0.008     17.252         17.251   17.252       17.251    0.033       0.021        14765162001975  339.1246610   17.5930650        3521      0   56265.144497200        1352    17.266    21.600     28.064    2.250       2.336           0      131072            0            1    14765162 
   56271.223777200        17.213        0.043        35212000007413  339.1246560   17.5930640   22h36m29.92s   17d35m35.03s      2               0    4.855827e-07         134         132         116        17.250            0.008     17.252         17.251   17.252       17.251    0.033       0.021        14804883001323  339.1246560   17.5930460        3521      0   56271.223807200        1358    17.198    20.635     27.998    3.650       3.718           0      131072            0            1    14804883 
   56257.088927200        17.230        0.030        35212000007413  339.1246560   17.5930640   22h36m29.92s   17d35m35.03s      2               0    4.855827e-07         134         132         116        17.250            0.008     17.252         17.251   17.252       17.251    0.033       0.021        15701492001434  339.1246480   17.5930570        3521      0   56257.090267200        1344    17.229    20.661     28.111    2.850       2.815           0      131072            0            1    15701492 
   56257.119777200        17.254        0.030        35212000007413  339.1246560   17.5930640   22h36m29.92s   17d35m35.03s      2               0    4.855827e-07         134         132         116        17.250            0.008     17.252         17.251   17.252       17.251    0.033       0.021        15701511001447  339.1246630   17.5930650        3521      0   56257.121127200        1344    17.251    20.854     28.112    2.350       2.806           0      131072            0            1    15701511 
   56911.286797200        17.236        0.034        35212000007413  339.1246560   17.5930640   22h36m29.92s   17d35m35.03s      2               0    4.855827e-07         134         132         116        17.250            0.008     17.252         17.251   17.252       17.251    0.033       0.021        21288343001353  339.1246630   17.5930580        3521      0   56911.292097200        1975    17.211    20.637     28.039    2.350       2.489           0      131072            0            1    21288343 
