   55783.493537200        16.825        0.027        35212020007033  339.8269780   17.5117660   22h39m18.47s   17d30m42.36s      2               0    3.907671e-07         134         133         125        16.812            0.005     16.814         16.813   16.813       16.814    0.021       0.017        10358709002652  339.8269910   17.5117670        3521      2   55783.498077200         881    16.823    21.493     27.601    2.250       2.310           0      131072            0            1    10358709 
   55783.450517200        16.816        0.027        35212020007033  339.8269780   17.5117660   22h39m18.47s   17d30m42.36s      2               0    3.907671e-07         134         133         125        16.812            0.005     16.814         16.813   16.813       16.814    0.021       0.017        10358765002944  339.8269730   17.5117720        3521      2   55783.455047200         881    16.811    21.750     27.618    2.050       2.158           0      131072            0            1    10358765 
   55794.417557200        16.787        0.095        35212020007033  339.8269780   17.5117660   22h39m18.47s   17d30m42.36s      2               0    3.907671e-07         134         133         125        16.812            0.005     16.814         16.813   16.813       16.814    0.021       0.017        10379909001419  339.8269630   17.5117670        3521      2   55794.422517200         892    17.249    20.961     27.520    1.950       1.989           0      131072            0            1    10379909 
   55794.374747200        16.678        0.114        35212020007033  339.8269780   17.5117660   22h39m18.47s   17d30m42.36s      2               0    3.907671e-07         134         133         125        16.812            0.005     16.814         16.813   16.813       16.814    0.021       0.017        10379952000595  339.8269760   17.5117490        3521      2   55794.379707200         892    18.766    20.598     27.543    1.950       3.050           0      131072            0            1    10379952 
   55821.364667200        16.809        0.027        35212020007033  339.8269780   17.5117660   22h39m18.47s   17d30m42.36s      2               0    3.907671e-07         134         133         125        16.812            0.005     16.814         16.813   16.813       16.814    0.021       0.017        10509839001861  339.8269910   17.5117770        3521      2   55821.369947200         919    16.813    21.017     27.581    1.850       2.030           0      131072            0            1    10509839 
   55821.319317200        16.836        0.027        35212020007033  339.8269780   17.5117660   22h39m18.47s   17d30m42.36s      2               0    3.907671e-07         134         133         125        16.812            0.005     16.814         16.813   16.813       16.814    0.021       0.017        10509867001894  339.8269770   17.5117750        3521      2   55821.324607200         919    16.839    20.941     27.591    2.150       2.276           0      131072            0            1    10509867 
   55471.200687200        16.783        0.136        35212020007033  339.8269780   17.5117660   22h39m18.47s   17d30m42.36s      2               0    3.907671e-07         134         133         125        16.812            0.005     16.814         16.813   16.813       16.814    0.021       0.017        10797470002788  339.8269670   17.5117900        3521      2   55471.205667200         562    16.848    21.702     27.765    2.050       2.112           0      131072            0            1    10797470 
   55471.244407200        16.786        0.136        35212020007033  339.8269780   17.5117660   22h39m18.47s   17d30m42.36s      2               0    3.907671e-07         134         133         125        16.812            0.005     16.814         16.813   16.813       16.814    0.021       0.017        10797561002798  339.8269610   17.5117740        3521      2   55471.249397200         562    16.796    21.708     27.712    1.950       2.092           0      131072            0            1    10797561 
   55483.166527200        16.793        0.027        35212020007033  339.8269780   17.5117660   22h39m18.47s   17d30m42.36s      2               0    3.907671e-07         134         133         125        16.812            0.005     16.814         16.813   16.813       16.814    0.021       0.017        10854963002523  339.8269630   17.5117620        3521      2   55483.171037200         577    16.799    21.574     27.716    1.850       1.938           0      131072            0            1    10854963 
   55483.122857200        16.820        0.027        35212020007033  339.8269780   17.5117660   22h39m18.47s   17d30m42.36s      2               0    3.907671e-07         134         133         125        16.812            0.005     16.814         16.813   16.813       16.814    0.021       0.017        10855003002459  339.8269870   17.5117590        3521      2   55483.127367200         577    16.820    21.401     27.699    2.050       2.064           0      131072            0            1    10855003 
   55443.230767200        16.814        0.026        35212020007033  339.8269780   17.5117660   22h39m18.47s   17d30m42.36s      2               0    3.907671e-07         134         133         125        16.812            0.005     16.814         16.813   16.813       16.814    0.021       0.017        10906821002866  339.8269720   17.5117740        3521      2   55443.236027200         538    16.817    21.673     27.708    1.950       2.045           0      131072            0            1    10906821 
   55443.185917200        16.801        0.027        35212020007033  339.8269780   17.5117660   22h39m18.47s   17d30m42.36s      2               0    3.907671e-07         134         133         125        16.812            0.005     16.814         16.813   16.813       16.814    0.021       0.017        10906829002417  339.8269970   17.5117660        3521      2   55443.191177200         538    16.810    21.315     27.681    2.350       2.443           0      131072            0            1    10906829 
   55446.312747200        16.804        0.032        35212020007033  339.8269780   17.5117660   22h39m18.47s   17d30m42.36s      2               0    3.907671e-07         134         133         125        16.812            0.005     16.814         16.813   16.813       16.814    0.021       0.017        10912721003074  339.8269660   17.5117540        3521      2   55446.318037200         541    16.807    21.913     27.709    1.750       1.829           0      131072            0            1    10912721 
   55446.269397200        16.804        0.032        35212020007033  339.8269780   17.5117660   22h39m18.47s   17d30m42.36s      2               0    3.907671e-07         134         133         125        16.812            0.005     16.814         16.813   16.813       16.814    0.021       0.017        10912767003049  339.8269760   17.5117820        3521      2   55446.274687200         541    16.809    21.832     27.708    1.850       1.970           0      131072            0            1    10912767 
   55452.163847200        16.812        0.024        35212020007033  339.8269780   17.5117660   22h39m18.47s   17d30m42.36s      2               0    3.907671e-07         134         133         125        16.812            0.005     16.814         16.813   16.813       16.814    0.021       0.017        10932880002521  339.8269710   17.5117640        3521      2   55452.169147200         547    16.819    21.434     27.713    1.950       2.094           0      131072            0            1    10932880 
   55452.206587200        16.810        0.023        35212020007033  339.8269780   17.5117660   22h39m18.47s   17d30m42.36s      2               0    3.907671e-07         134         133         125        16.812            0.005     16.814         16.813   16.813       16.814    0.021       0.017        10932994002736  339.8269810   17.5117580        3521      2   55452.211887200         547    16.818    21.570     27.728    2.050       2.217           0      131072            0            1    10932994 
   55467.310857200        16.808        0.071        35212020007033  339.8269780   17.5117660   22h39m18.47s   17d30m42.36s      2               0    3.907671e-07         134         133         125        16.812            0.005     16.814         16.813   16.813       16.814    0.021       0.017        11076928002168  339.8269820   17.5117690        3521      2   55467.315957200         560    16.817    21.220     27.711    1.950       1.996           0      131072            0            1    11076928 
   55468.221587200        16.789        0.416        35212020007033  339.8269780   17.5117660   22h39m18.47s   17d30m42.36s      2               0    3.907671e-07         134         133         125        16.812            0.005     16.814         16.813   16.813       16.814    0.021       0.017        11077553002572  339.8269760   17.5117930        3521      2   55468.226657200         558    16.800    21.460     27.711    2.050       2.212           0      131072            0            1    11077553 
   55416.200397200        16.803        0.181        35212020007033  339.8269780   17.5117660   22h39m18.47s   17d30m42.36s      2               0    3.907671e-07         134         133         125        16.812            0.005     16.814         16.813   16.813       16.814    0.021       0.017        11122400001521  339.8270140   17.5117730        3521      2   55416.204827200         515    16.902    20.322     26.580    3.350       3.348           0      131072            0            1    11122400 
   55416.243347200        16.785        0.181        35212020007033  339.8269780   17.5117660   22h39m18.47s   17d30m42.36s      2               0    3.907671e-07         134         133         125        16.812            0.005     16.814         16.813   16.813       16.814    0.021       0.017        11122538001835  339.8269780   17.5117800        3521      2   55416.247777200         515    16.946    20.673     26.775    3.250       3.029           0      131072            0            1    11122538 
   55422.369597200        16.825        0.029        35212020007033  339.8269780   17.5117660   22h39m18.47s   17d30m42.36s      2               0    3.907671e-07         134         133         125        16.812            0.005     16.814         16.813   16.813       16.814    0.021       0.017        11148589002983  339.8269580   17.5117630        3521      2   55422.374307200         521    16.821    21.795     27.694    2.050       2.126           0      131072            0            1    11148589 
   55422.414337200        16.803        0.029        35212020007033  339.8269780   17.5117660   22h39m18.47s   17d30m42.36s      2               0    3.907671e-07         134         133         125        16.812            0.005     16.814         16.813   16.813       16.814    0.021       0.017        11148740002883  339.8269930   17.5117670        3521      2   55422.419057200         521    16.801    21.776     27.691    2.050       2.078           0      131072            0            1    11148740 
   55429.226357200        16.809        0.025        35212020007033  339.8269780   17.5117660   22h39m18.47s   17d30m42.36s      2               0    3.907671e-07         134         133         125        16.812            0.005     16.814         16.813   16.813       16.814    0.021       0.017        11190900001916  339.8269890   17.5117720        3521      2   55429.231317200         528    16.808    20.937     27.691    1.950       2.080           0      131072            0            1    11190900 
   55429.183207200        16.830        0.025        35212020007033  339.8269780   17.5117660   22h39m18.47s   17d30m42.36s      2               0    3.907671e-07         134         133         125        16.812            0.005     16.814         16.813   16.813       16.814    0.021       0.017        11191097001691  339.8269800   17.5117630        3521      2   55429.188167200         528    16.825    20.632     27.644    2.150       2.287           0      131072            0            1    11191097 
   55426.169847200        16.797        0.072        35212020007033  339.8269780   17.5117660   22h39m18.47s   17d30m42.36s      2               0    3.907671e-07         134         133         125        16.812            0.005     16.814         16.813   16.813       16.814    0.021       0.017        11196938001600  339.8270060   17.5117640        3521      2   55426.174707200         525    16.762    20.153     27.460    3.550       3.505           0      131072            0            1    11196938 
   55436.224917200        16.817        0.031        35212020007033  339.8269780   17.5117660   22h39m18.47s   17d30m42.36s      2               0    3.907671e-07         134         133         125        16.812            0.005     16.814         16.813   16.813       16.814    0.021       0.017        11209482001570  339.8269910   17.5117760        3521      2   55436.230067200         609    16.813    20.423     27.660    2.450       2.476           0      131072            0            1    11209482 
   55436.176617200        16.812        0.032        35212020007033  339.8269780   17.5117660   22h39m18.47s   17d30m42.36s      2               0    3.907671e-07         134         133         125        16.812            0.005     16.814         16.813   16.813       16.814    0.021       0.017        11209702001455  339.8269960   17.5117500        3521      2   55436.181767200         609    16.807    20.177     27.617    2.950       2.917           0      131072            0            1    11209702 
   55439.224367200        16.810        0.027        35212020007033  339.8269780   17.5117660   22h39m18.47s   17d30m42.36s      2               0    3.907671e-07         134         133         125        16.812            0.005     16.814         16.813   16.813       16.814    0.021       0.017        11224536002496  339.8269870   17.5117670        3521      2   55439.229567200         534    16.808    21.383     27.667    2.050       2.082           0      131072            0            1    11224536 
   55439.179857200        16.812        0.027        35212020007033  339.8269780   17.5117660   22h39m18.47s   17d30m42.36s      2               0    3.907671e-07         134         133         125        16.812            0.005     16.814         16.813   16.813       16.814    0.021       0.017        11224578002448  339.8269760   17.5117800        3521      2   55439.185067200         534    16.811    21.197     27.630    2.450       2.421           0      131072            0            1    11224578 
   55382.429197200        16.804        0.024        35212020007033  339.8269780   17.5117660   22h39m18.47s   17d30m42.36s      2               0    3.907671e-07         134         133         125        16.812            0.005     16.814         16.813   16.813       16.814    0.021       0.017        11241639002491  339.8269700   17.5117480        3521      2   55382.431397200         481    16.806    21.420     27.732    2.150       2.246           0      131072            0            1    11241639 
   55382.386187200        16.815        0.024        35212020007033  339.8269780   17.5117660   22h39m18.47s   17d30m42.36s      2               0    3.907671e-07         134         133         125        16.812            0.005     16.814         16.813   16.813       16.814    0.021       0.017        11241653002392  339.8269780   17.5117660        3521      2   55382.388377200         481    16.822    21.297     27.719    2.250       2.349           0      131072            0            1    11241653 
   55387.460507200        16.819        0.127        35212020007033  339.8269780   17.5117660   22h39m18.47s   17d30m42.36s      2               0    3.907671e-07         134         133         125        16.812            0.005     16.814         16.813   16.813       16.814    0.021       0.017        11260078002918  339.8269820   17.5117730        3521      2   55387.463097200         486    16.632    21.494     27.475    2.150       2.296           0      131072            0            1    11260078 
   55387.412087200        16.809        0.127        35212020007033  339.8269780   17.5117660   22h39m18.47s   17d30m42.36s      2               0    3.907671e-07         134         133         125        16.812            0.005     16.814         16.813   16.813       16.814    0.021       0.017        11260241003136  339.8269820   17.5117500        3521      2   55387.414667200         486    16.683    21.787     27.531    1.850       1.963           0      131072            0            1    11260241 
   55349.467407200        16.815        0.052        35212020007033  339.8269780   17.5117660   22h39m18.47s   17d30m42.36s      2               0    3.907671e-07         134         133         125        16.812            0.005     16.814         16.813   16.813       16.814    0.021       0.017        11335748001973  339.8269970   17.5117770        3521      2   55349.466757200         449    16.831    20.796     27.707    2.450       2.514           0      131072            0            1    11335748 
   55419.358367200        16.814        0.194        35212020007033  339.8269780   17.5117660   22h39m18.47s   17d30m42.36s      2               0    3.907671e-07         134         133         125        16.812            0.005     16.814         16.813   16.813       16.814    0.021       0.017        11390784002228  339.8269850   17.5117670        3521      2   55419.362947200         518    16.704    21.049     26.771    2.250       2.288           0      131072            0            1    11390784 
   55364.433677200        16.806        0.028        35212020007033  339.8269780   17.5117660   22h39m18.47s   17d30m42.36s      2               0    3.907671e-07         134         133         125        16.812            0.005     16.814         16.813   16.813       16.814    0.021       0.017        11393184002569  339.8269910   17.5117560        3521      2   55364.434347200         463    16.799    21.368     27.655    2.550       2.570           0      131072            0            1    11393184 
   55364.386147200        16.792        0.028        35212020007033  339.8269780   17.5117660   22h39m18.47s   17d30m42.36s      2               0    3.907671e-07         134         133         125        16.812            0.005     16.814         16.813   16.813       16.814    0.021       0.017        11393186002484  339.8270020   17.5117610        3521      2   55364.386807200         463    16.784    21.316     27.623    2.450       2.580           0      131072            0            1    11393186 
   55369.460177200        16.817        0.025        35212020007033  339.8269780   17.5117660   22h39m18.47s   17d30m42.36s      2               0    3.907671e-07         134         133         125        16.812            0.005     16.814         16.813   16.813       16.814    0.021       0.017        11409377003014  339.8269850   17.5117930        3521      2   55369.461277200         468    16.814    21.715     27.732    2.050       2.118           0      131072            0            1    11409377 
   55372.400097200        16.817        0.026        35212020007033  339.8269780   17.5117660   22h39m18.47s   17d30m42.36s      2               0    3.907671e-07         134         133         125        16.812            0.005     16.814         16.813   16.813       16.814    0.021       0.017        11411694001905  339.8269730   17.5117340        3521      2   55372.401447200         471    16.814    20.907     27.713    2.050       2.200           0      131072            0            1    11411694 
   55372.356507200        16.845        0.027        35212020007033  339.8269780   17.5117660   22h39m18.47s   17d30m42.36s      2               0    3.907671e-07         134         133         125        16.812            0.005     16.814         16.813   16.813       16.814    0.021       0.017        11411758001637  339.8269910   17.5117630        3521      2   55372.357857200         471    16.847    20.505     27.682    2.550       2.665           0      131072            0            1    11411758 
   55371.453437200        16.819        0.022        35212020007033  339.8269780   17.5117660   22h39m18.47s   17d30m42.36s      2               0    3.907671e-07         134         133         125        16.812            0.005     16.814         16.813   16.813       16.814    0.021       0.017        11414271002739  339.8269810   17.5117680        3521      2   55371.454717200         470    16.819    21.512     27.745    2.050       2.100           0      131072            0            1    11414271 
   55370.457827200        16.797        0.023        35212020007033  339.8269780   17.5117660   22h39m18.47s   17d30m42.36s      2               0    3.907671e-07         134         133         125        16.812            0.005     16.814         16.813   16.813       16.814    0.021       0.017        11416670003006  339.8269830   17.5117640        3521      2   55370.459017200         469    16.812    21.792     27.757    2.050       2.095           0      131072            0            1    11416670 
   55377.357017200        16.834        0.028        35212020007033  339.8269780   17.5117660   22h39m18.47s   17d30m42.36s      2               0    3.907671e-07         134         133         125        16.812            0.005     16.814         16.813   16.813       16.814    0.021       0.017        11431186001621  339.8269980   17.5117680        3521      2   55377.358787200         476    16.833    20.583     27.641    2.350       2.397           0      131072            0            1    11431186 
   55377.401227200        16.808        0.028        35212020007033  339.8269780   17.5117660   22h39m18.47s   17d30m42.36s      2               0    3.907671e-07         134         133         125        16.812            0.005     16.814         16.813   16.813       16.814    0.021       0.017        11431218001698  339.8269830   17.5117800        3521      2   55377.403007200         476    16.809    20.662     27.663    2.350       2.473           0      131072            0            1    11431218 
   55137.187677200        16.809        0.027        35212020007033  339.8269780   17.5117660   22h39m18.47s   17d30m42.36s      2               0    3.907671e-07         134         133         125        16.812            0.005     16.814         16.813   16.813       16.814    0.021       0.017        11784655001502  339.8269570   17.5117520        3521      2   55137.191017200         244    16.812    20.505     27.774    2.250       2.355           0      131072            0            1    11784655 
   55138.179157200        16.812        0.038        35212020007033  339.8269780   17.5117660   22h39m18.47s   17d30m42.36s      2               0    3.907671e-07         134         133         125        16.812            0.005     16.814         16.813   16.813       16.814    0.021       0.017        11787865001564  339.8269850   17.5117650        3521      2   55138.182427200         245    16.810    20.424     27.759    2.550       2.704           0      131072            0            1    11787865 
   55142.163267200        16.812        0.026        35212020007033  339.8269780   17.5117660   22h39m18.47s   17d30m42.36s      2               0    3.907671e-07         134         133         125        16.812            0.005     16.814         16.813   16.813       16.814    0.021       0.017        11793112002537  339.8269820   17.5117620        3521      2   55142.166237200         282    16.818    21.413     27.753    2.250       2.370           0      131072            0            1    11793112 
   55142.118957200        16.819        0.026        35212020007033  339.8269780   17.5117660   22h39m18.47s   17d30m42.36s      2               0    3.907671e-07         134         133         125        16.812            0.005     16.814         16.813   16.813       16.814    0.021       0.017        11793215002414  339.8269660   17.5117690        3521      2   55142.121927200         282    16.828    21.271     27.750    2.450       2.677           0      131072            0            1    11793215 
   55123.223387200        16.806        0.025        35212020007033  339.8269780   17.5117660   22h39m18.47s   17d30m42.36s      2               0    3.907671e-07         134         133         125        16.812            0.005     16.814         16.813   16.813       16.814    0.021       0.017        11811844002399  339.8269690   17.5117880        3521      2   55123.227627200         232    16.815    21.609     27.797    2.050       2.158           0      131072            0            1    11811844 
   55045.207707200        16.814        0.028        35212020007033  339.8269780   17.5117660   22h39m18.47s   17d30m42.36s      2               0    3.907671e-07         134         133         125        16.812            0.005     16.814         16.813   16.813       16.814    0.021       0.017        11857766001459  339.8269850   17.5117830        3521      2   55045.211847200         159    16.806    20.042     27.233    3.150       3.151           0      131072            0            1    11857766 
   55045.289337200        16.795        0.026        35212020007033  339.8269780   17.5117660   22h39m18.47s   17d30m42.36s      2               0    3.907671e-07         134         133         125        16.812            0.005     16.814         16.813   16.813       16.814    0.021       0.017        11857774002078  339.8269860   17.5117840        3521      2   55045.293477200         159    16.803    20.978     27.348    1.950       2.062           0      131072            0            1    11857774 
   55049.426157200        16.825        0.031        35212020007033  339.8269780   17.5117660   22h39m18.47s   17d30m42.36s      2               0    3.907671e-07         134         133         125        16.812            0.005     16.814         16.813   16.813       16.814    0.021       0.017        11863804001378  339.8270280   17.5117940        3521      2   55049.430517200         163    16.827    20.159     27.299    2.050       2.165           0      131072            0            1    11863804 
   55054.221717200        16.847        0.056        35212020007033  339.8269780   17.5117660   22h39m18.47s   17d30m42.36s      2               0    3.907671e-07         134         133         125        16.812            0.005     16.814         16.813   16.813       16.814    0.021       0.017        11868856001204  339.8270180   17.5117910        3521      2   55054.226297200         168    16.843    19.779     27.100    3.450       3.529           0      131072            0            1    11868856 
   55066.328927200        16.802        0.032        35212020007033  339.8269780   17.5117660   22h39m18.47s   17d30m42.36s      2               0    3.907671e-07         134         133         125        16.812            0.005     16.814         16.813   16.813       16.814    0.021       0.017        11884937002640  339.8268970   17.5117840        3521      2   55066.333957200         180    16.791    21.491     27.076    1.750       1.879           0      131072            0            1    11884937 
   55066.284507200        16.792        0.032        35212020007033  339.8269780   17.5117660   22h39m18.47s   17d30m42.36s      2               0    3.907671e-07         134         133         125        16.812            0.005     16.814         16.813   16.813       16.814    0.021       0.017        11884954002639  339.8269200   17.5118070        3521      2   55066.289537200         180    16.804    21.507     27.059    1.650       1.637           0      131072            0            1    11884954 
   55056.350197200        16.809        0.027        35212020007033  339.8269780   17.5117660   22h39m18.47s   17d30m42.36s      2               0    3.907671e-07         134         133         125        16.812            0.005     16.814         16.813   16.813       16.814    0.021       0.017        11900394002284  339.8269690   17.5117670        3521      2   55056.354877200         170    16.812    21.049     27.239    2.150       2.180           0      131072            0            1    11900394 
   55056.268047200        16.816        0.027        35212020007033  339.8269780   17.5117660   22h39m18.47s   17d30m42.36s      2               0    3.907671e-07         134         133         125        16.812            0.005     16.814         16.813   16.813       16.814    0.021       0.017        11900405002329  339.8269670   17.5117740        3521      2   55056.272717200         170    16.817    21.143     27.216    2.050       2.086           0      131072            0            1    11900405 
   55019.451217200        16.851        0.030        35212020007033  339.8269780   17.5117660   22h39m18.47s   17d30m42.36s      2               0    3.907671e-07         134         133         125        16.812            0.005     16.814         16.813   16.813       16.814    0.021       0.017        11910557001578  339.8269620   17.5117790        3521      2   55019.453587200         133    16.842    20.230     27.168    2.350       2.436           0      131072            0            1    11910557 
   55019.390137200        16.841        0.031        35212020007033  339.8269780   17.5117660   22h39m18.47s   17d30m42.36s      2               0    3.907671e-07         134         133         125        16.812            0.005     16.814         16.813   16.813       16.814    0.021       0.017        11910602001500  339.8269550   17.5117900        3521      2   55019.392507200         133    16.829    20.099     27.150    2.450       2.544           0      131072            0            1    11910602 
   55087.280887200        16.805        0.027        35212020007033  339.8269780   17.5117660   22h39m18.47s   17d30m42.36s      2               0    3.907671e-07         134         133         125        16.812            0.005     16.814         16.813   16.813       16.814    0.021       0.017        11916705002720  339.8269570   17.5117870        3521      2   55087.286197200         199    16.798    21.565     27.287    1.950       1.904           0      131072            0            1    11916705 
   55087.325037200        16.532        0.027        35212020007033  339.8269780   17.5117660   22h39m18.47s   17d30m42.36s      2               0    3.907671e-07         134         133         125        16.812            0.005     16.814         16.813   16.813       16.814    0.021       0.017        11916719002641  339.8269890   17.5117880        3521      2   55087.330337200         199    16.526    21.500     27.284    2.050      11.077           0    12713984            0            1    11916719 
   55032.282817200        16.857        0.071        35212020007033  339.8269780   17.5117660   22h39m18.47s   17d30m42.36s      2               0    3.907671e-07         134         133         125        16.812            0.005     16.814         16.813   16.813       16.814    0.021       0.017        11956327001134  339.8269840   17.5117640        3521      2   55032.286137200         146    18.176    21.001     27.220    2.150       2.267           0      131072            0            1    11956327 
   55031.383737200        16.788        0.028        35212020007033  339.8269780   17.5117660   22h39m18.47s   17d30m42.36s      2               0    3.907671e-07         134         133         125        16.812            0.005     16.814         16.813   16.813       16.814    0.021       0.017        11957187002973  339.8269500   17.5118660        3521      2   55031.387007200         145    16.799    21.704     27.334    1.850       1.995           0      131072            0            1    11957187 
   55039.420947200        16.816        0.026        35212020007033  339.8269780   17.5117660   22h39m18.47s   17d30m42.36s      2               0    3.907671e-07         134         133         125        16.812            0.005     16.814         16.813   16.813       16.814    0.021       0.017        11985332002906  339.8269150   17.5118130        3521      2   55039.424747200         153    16.813    21.637     27.305    1.950       2.140           0      131072            0            1    11985332 
   55039.376907200        16.813        0.026        35212020007033  339.8269780   17.5117660   22h39m18.47s   17d30m42.36s      2               0    3.907671e-07         134         133         125        16.812            0.005     16.814         16.813   16.813       16.814    0.021       0.017        11985427002794  339.8269320   17.5118270        3521      2   55039.380697200         153    16.808    21.594     27.283    1.950       2.100           0      131072            0            1    11985427 
   55498.219327200        16.787        0.188        35212020007033  339.8269780   17.5117660   22h39m18.47s   17d30m42.36s      2               0    3.907671e-07         134         133         125        16.812            0.005     16.814         16.813   16.813       16.814    0.021       0.017        12782245001957  339.8269830   17.5117740        3521      2   55498.222967200         593    17.012    21.162     27.645    2.050       2.268           0      131072            0            1    12782245 
   55498.274697200        16.816        0.188        35212020007033  339.8269780   17.5117660   22h39m18.47s   17d30m42.36s      2               0    3.907671e-07         134         133         125        16.812            0.005     16.814         16.813   16.813       16.814    0.021       0.017        12782586002353  339.8269890   17.5117810        3521      2   55498.278327200         593    16.648    21.169     27.545    1.950       2.052           0      131072            0            1    12782586 
   55458.418447200        16.783        0.027        35212020007033  339.8269780   17.5117660   22h39m18.47s   17d30m42.36s      2               0    3.907671e-07         134         133         125        16.812            0.005     16.814         16.813   16.813       16.814    0.021       0.017        12794034002003  339.8269830   17.5117800        3521      2   55458.423707200         553    16.777    20.964     27.694    2.250       2.336           0      131072            0            1    12794034 
   55458.351667200        16.813        0.028        35212020007033  339.8269780   17.5117660   22h39m18.47s   17d30m42.36s      2               0    3.907671e-07         134         133         125        16.812            0.005     16.814         16.813   16.813       16.814    0.021       0.017        12794190001812  339.8269760   17.5117830        3521      2   55458.356927200         553    16.810    20.868     27.716    2.150       2.271           0      131072            0            1    12794190 
   55480.170497200        16.812        0.024        35212020007033  339.8269780   17.5117660   22h39m18.47s   17d30m42.36s      2               0    3.907671e-07         134         133         125        16.812            0.005     16.814         16.813   16.813       16.814    0.021       0.017        12805692002566  339.8269860   17.5117740        3521      2   55480.175147200         574    16.817    21.402     27.711    2.150       2.236           0      131072            0            1    12805692 
   55480.128187200        16.817        0.024        35212020007033  339.8269780   17.5117660   22h39m18.47s   17d30m42.36s      2               0    3.907671e-07         134         133         125        16.812            0.005     16.814         16.813   16.813       16.814    0.021       0.017        12805707002519  339.8269740   17.5117790        3521      2   55480.132837200         574    16.826    21.447     27.689    2.050       2.125           0      131072            0            1    12805707 
   56202.157977200        16.793        0.026        35212020007033  339.8269780   17.5117660   22h39m18.47s   17d30m42.36s      2               0    3.907671e-07         134         133         125        16.812            0.005     16.814         16.813   16.813       16.814    0.021       0.017        14272501001581  339.8269910   17.5117860        3521      2   56202.162947200        1299    16.812    20.711     27.726    1.950       2.047           0      131072            0            1    14272501 
   56202.128807200        16.836        0.026        35212020007033  339.8269780   17.5117660   22h39m18.47s   17d30m42.36s      2               0    3.907671e-07         134         133         125        16.812            0.005     16.814         16.813   16.813       16.814    0.021       0.017        14272504001614  339.8269870   17.5117780        3521      2   56202.133787200        1299    16.850    20.574     27.712    2.250       2.259           0      131072            0            1    14272504 
   56202.187427200        16.789        0.026        35212020007033  339.8269780   17.5117660   22h39m18.47s   17d30m42.36s      2               0    3.907671e-07         134         133         125        16.812            0.005     16.814         16.813   16.813       16.814    0.021       0.017        14272537001609  339.8269930   17.5117910        3521      2   56202.192407200        1299    16.795    20.624     27.736    2.250       2.380           0      131072            0            1    14272537 
   56204.112797200        16.831        0.270        35212020007033  339.8269780   17.5117660   22h39m18.47s   17d30m42.36s      2               0    3.907671e-07         134         133         125        16.812            0.005     16.814         16.813   16.813       16.814    0.021       0.017        14313586001133  339.8269870   17.5117550        3521      2   56204.117707200        1301    17.566    20.554     27.548    2.650       2.776           0      131072            0            1    14313586 
   56204.143157200        16.837        0.269        35212020007033  339.8269780   17.5117660   22h39m18.47s   17d30m42.36s      2               0    3.907671e-07         134         133         125        16.812            0.005     16.814         16.813   16.813       16.814    0.021       0.017        14313609001618  339.8269820   17.5117880        3521      2   56204.148067200        1301    17.134    20.900     27.540    2.250       2.431           0      131072            0            1    14313609 
   56204.173637200        16.823        0.269        35212020007033  339.8269780   17.5117660   22h39m18.47s   17d30m42.36s      2               0    3.907671e-07         134         133         125        16.812            0.005     16.814         16.813   16.813       16.814    0.021       0.017        14313634002074  339.8269890   17.5117850        3521      2   56204.178537200        1301    16.561    20.760     27.465    2.450       2.584           0      131072            0            1    14313634 
   56206.113627200        16.812        0.069        35212020007033  339.8269780   17.5117660   22h39m18.47s   17d30m42.36s      2               0    3.907671e-07         134         133         125        16.812            0.005     16.814         16.813   16.813       16.814    0.021       0.017        14339740002375  339.8269930   17.5117750        3521      2   56206.118457200        1303    16.753    21.162     27.682    2.550       2.548           0      131072            0            1    14339740 
   56206.149307200        16.831        0.069        35212020007033  339.8269780   17.5117660   22h39m18.47s   17d30m42.36s      2               0    3.907671e-07         134         133         125        16.812            0.005     16.814         16.813   16.813       16.814    0.021       0.017        14339761002561  339.8269920   17.5117850        3521      2   56206.154137200        1303    16.845    21.497     27.765    2.250       2.377           0      131072            0            1    14339761 
   56206.179597200        16.814        0.069        35212020007033  339.8269780   17.5117660   22h39m18.47s   17d30m42.36s      2               0    3.907671e-07         134         133         125        16.812            0.005     16.814         16.813   16.813       16.814    0.021       0.017        14339791002674  339.8269960   17.5117900        3521      2   56206.184427200        1303    16.850    21.660     27.794    2.050       2.195           0      131072            0            1    14339791 
   56228.184547200        16.819        0.027        35212020007033  339.8269780   17.5117660   22h39m18.47s   17d30m42.36s      2               0    3.907671e-07         134         133         125        16.812            0.005     16.814         16.813   16.813       16.814    0.021       0.017        14451022001640  339.8269920   17.5117880        3521      2   56228.188217200        1315    16.807    20.592     27.736    2.250       2.493           0      131072            0            1    14451022 
   56228.215327200        16.855        0.028        35212020007033  339.8269780   17.5117660   22h39m18.47s   17d30m42.36s      2               0    3.907671e-07         134         133         125        16.812            0.005     16.814         16.813   16.813       16.814    0.021       0.017        14451038001465  339.8269850   17.5117800        3521      2   56228.218997200        1315    16.858    20.496     27.731    2.350       2.466           0      131072            0            1    14451038 
   56230.249197200        16.816        0.027        35212020007033  339.8269780   17.5117660   22h39m18.47s   17d30m42.36s      2               0    3.907671e-07         134         133         125        16.812            0.005     16.814         16.813   16.813       16.814    0.021       0.017        14486886001488  339.8269840   17.5117880        3521      2   56230.252737200        1317    16.828    20.503     27.719    2.050       2.145           0      131072            0            1    14486886 
   56234.212917200        16.815        0.044        35212020007033  339.8269780   17.5117660   22h39m18.47s   17d30m42.36s      2               0    3.907671e-07         134         133         125        16.812            0.005     16.814         16.813   16.813       16.814    0.021       0.017        14496048001991  339.8269930   17.5117830        3521      2   56234.216167200        1321    16.793    20.989     27.701    2.450       2.597           0      131072            0            1    14496048 
   56234.244177200        16.805        0.044        35212020007033  339.8269780   17.5117660   22h39m18.47s   17d30m42.36s      2               0    3.907671e-07         134         133         125        16.812            0.005     16.814         16.813   16.813       16.814    0.021       0.017        14496063001905  339.8269820   17.5117840        3521      2   56234.247427200        1321    16.775    20.865     27.685    2.550       2.624           0      131072            0            1    14496063 
   56236.145687200        16.806        0.026        35212020007033  339.8269780   17.5117660   22h39m18.47s   17d30m42.36s      2               0    3.907671e-07         134         133         125        16.812            0.005     16.814         16.813   16.813       16.814    0.021       0.017        14529361002360  339.8269870   17.5117880        3521      2   56236.148787200        1323    16.808    21.382     27.742    2.350       2.461           0      131072            0            1    14529361 
   56238.121187200        16.815        0.024        35212020007033  339.8269780   17.5117660   22h39m18.47s   17d30m42.36s      2               0    3.907671e-07         134         133         125        16.812            0.005     16.814         16.813   16.813       16.814    0.021       0.017        14571102002419  339.8269920   17.5117870        3521      2   56238.124147200        1325    16.823    21.470     27.745    2.050       2.208           0      131072            0            1    14571102 
   56238.091697200        16.809        0.024        35212020007033  339.8269780   17.5117660   22h39m18.47s   17d30m42.36s      2               0    3.907671e-07         134         133         125        16.812            0.005     16.814         16.813   16.813       16.814    0.021       0.017        14571124002362  339.8269870   17.5117920        3521      2   56238.094657200        1325    16.813    21.367     27.740    2.150       2.269           0      131072            0            1    14571124 
   56232.228407200        16.805        0.068        35212020007033  339.8269780   17.5117660   22h39m18.47s   17d30m42.36s      2               0    3.907671e-07         134         133         125        16.812            0.005     16.814         16.813   16.813       16.814    0.021       0.017        14645841001868  339.8269850   17.5117860        3521      2   56232.231797200        1319    16.750    20.967     27.680    2.050       2.202           0      131072            0            1    14645841 
   56251.084597200        16.829        0.023        35212020007033  339.8269780   17.5117660   22h39m18.47s   17d30m42.36s      2               0    3.907671e-07         134         133         125        16.812            0.005     16.814         16.813   16.813       16.814    0.021       0.017        14654891002175  339.8269870   17.5117910        3521      2   56251.086477200        1338    16.838    21.218     27.758    2.050       2.197           0      131072            0            1    14654891 
   56251.114167200        16.815        0.024        35212020007033  339.8269780   17.5117660   22h39m18.47s   17d30m42.36s      2               0    3.907671e-07         134         133         125        16.812            0.005     16.814         16.813   16.813       16.814    0.021       0.017        14654901002031  339.8269810   17.5117800        3521      2   56251.116047200        1338    16.824    20.878     27.759    2.850       2.816           0      131072            0            1    14654901 
   56255.081677200        16.827        0.025        35212020007033  339.8269780   17.5117660   22h39m18.47s   17d30m42.36s      2               0    3.907671e-07         134         133         125        16.812            0.005     16.814         16.813   16.813       16.814    0.021       0.017        14696593001633  339.8269880   17.5117760        3521      2   56255.083207200        1342    16.822    20.547     27.749    2.650       2.871           0      131072            0            1    14696593 
   56255.112127200        16.843        0.026        35212020007033  339.8269780   17.5117660   22h39m18.47s   17d30m42.36s      2               0    3.907671e-07         134         133         125        16.812            0.005     16.814         16.813   16.813       16.814    0.021       0.017        14696621001449  339.8269710   17.5117700        3521      2   56255.113657200        1342    16.856    20.356     27.753    3.350       3.489           0      131072            0            1    14696621 
   56267.144527200        16.823        0.219        35212020007033  339.8269780   17.5117660   22h39m18.47s   17d30m42.36s      2               0    3.907671e-07         134         133         125        16.812            0.005     16.814         16.813   16.813       16.814    0.021       0.017        14758872002076  339.8269920   17.5117850        3521      2   56267.144947200        1354    16.851    21.042     27.605    2.350       2.459           0      131072            0            1    14758872 
   56267.186597200        16.835        0.219        35212020007033  339.8269780   17.5117660   22h39m18.47s   17d30m42.36s      2               0    3.907671e-07         134         133         125        16.812            0.005     16.814         16.813   16.813       16.814    0.021       0.017        14758895001991  339.8269840   17.5117770        3521      2   56267.187007200        1354    16.876    21.037     27.544    2.050       2.136           0      131072            0            1    14758895 
   56265.173377200        16.800        0.235        35212020007033  339.8269780   17.5117660   22h39m18.47s   17d30m42.36s      2               0    3.907671e-07         134         133         125        16.812            0.005     16.814         16.813   16.813       16.814    0.021       0.017        14767655001686  339.8269920   17.5117800        3521      2   56265.173987200        1352    16.994    21.003     27.467    2.250       2.397           0      131072            0            1    14767655 
   56265.143887200        16.802        0.235        35212020007033  339.8269780   17.5117660   22h39m18.47s   17d30m42.36s      2               0    3.907671e-07         134         133         125        16.812            0.005     16.814         16.813   16.813       16.814    0.021       0.017        14767665002407  339.8269860   17.5117850        3521      2   56265.144497200        1352    16.743    21.441     27.625    2.250       2.377           0      131072            0            1    14767665 
   56271.223777200        16.836        0.038        35212020007033  339.8269780   17.5117660   22h39m18.47s   17d30m42.36s      2               0    3.907671e-07         134         133         125        16.812            0.005     16.814         16.813   16.813       16.814    0.021       0.017        14805507001547  339.8270110   17.5117730        3521      2   56271.223807200        1358    16.821    20.530     27.621    3.550       3.731           0      131072            0            1    14805507 
   56257.088927200        16.814        0.025        35212020007033  339.8269780   17.5117660   22h39m18.47s   17d30m42.36s      2               0    3.907671e-07         134         133         125        16.812            0.005     16.814         16.813   16.813       16.814    0.021       0.017        15702442001603  339.8269820   17.5117820        3521      2   56257.090267200        1344    16.807    20.562     27.733    2.650       2.944           0      131072            0            1    15702442 
   56257.119777200        16.824        0.025        35212020007033  339.8269780   17.5117660   22h39m18.47s   17d30m42.36s      2               0    3.907671e-07         134         133         125        16.812            0.005     16.814         16.813   16.813       16.814    0.021       0.017        15702461001673  339.8269830   17.5117840        3521      2   56257.121127200        1344    16.817    20.735     27.737    2.250       2.409           0      131072            0            1    15702461 
   56911.286797200        16.838        0.031        35212020007033  339.8269780   17.5117660   22h39m18.47s   17d30m42.36s      2               0    3.907671e-07         134         133         125        16.812            0.005     16.814         16.813   16.813       16.814    0.021       0.017        21288198001497  339.8269900   17.5117790        3521      2   56911.292097200        1975    16.809    20.447     27.640    2.350       2.491           0      131072            0            1    21288198 
