   55783.493537200        17.157        0.033        35212010006833  339.6538140   17.5846570   22h38m36.92s   17d35m04.77s      2               0    4.135823e-07         134         134         121        17.133            0.005     17.163         17.161   17.169       17.166    0.041       0.022        10358266002123  339.6538020   17.5846940        3521      1   55783.498077200         881    17.155    21.462     27.708    2.350       2.482           0      131072            0            1    10358266 
   55783.450517200        17.137        0.032        35212010006833  339.6538140   17.5846570   22h38m36.92s   17d35m04.77s      2               0    4.135823e-07         134         134         121        17.133            0.005     17.163         17.161   17.169       17.166    0.041       0.022        10358322002310  339.6538050   17.5846790        3521      1   55783.455047200         881    17.129    21.660     27.723    2.250       2.234           0      131072            0            1    10358322 
   55794.417557200        17.106        0.117        35212010006833  339.6538140   17.5846570   22h38m36.92s   17d35m04.77s      2               0    4.135823e-07         134         134         121        17.133            0.005     17.163         17.161   17.169       17.166    0.041       0.022        10380774001237  339.6537760   17.5847010        3521      1   55794.422517200         892    17.595    20.913     27.583    1.950       2.163           0      131072            0            1    10380774 
   55794.374747200        17.464        0.151        35212010006833  339.6538140   17.5846570   22h38m36.92s   17d35m04.77s      2               0    4.135823e-07         134         134         121        17.133            0.005     17.163         17.161   17.169       17.166    0.041       0.022        10380859000584  339.6537600   17.5846990        3521      1   55794.379707200         892    19.319    20.633     27.622    1.950       3.259           0      131072            0            1    10380859 
   55821.364667200        17.156        0.033        35212010006833  339.6538140   17.5846570   22h38m36.92s   17d35m04.77s      2               0    4.135823e-07         134         134         121        17.133            0.005     17.163         17.161   17.169       17.166    0.041       0.022        10511298001632  339.6537950   17.5846680        3521      1   55821.369947200         919    17.167    20.981     27.695    1.950       1.988           0      131072            0            1    10511298 
   55821.319317200        17.181        0.032        35212010006833  339.6538140   17.5846570   22h38m36.92s   17d35m04.77s      2               0    4.135823e-07         134         134         121        17.133            0.005     17.163         17.161   17.169       17.166    0.041       0.022        10511326001624  339.6538070   17.5846740        3521      1   55821.324607200         919    17.187    20.962     27.705    2.150       2.360           0      131072            0            1    10511326 
   55471.200687200        17.159        0.117        35212010006833  339.6538140   17.5846570   22h38m36.92s   17d35m04.77s      2               0    4.135823e-07         134         134         121        17.133            0.005     17.163         17.161   17.169       17.166    0.041       0.022        10799056002261  339.6537810   17.5846800        3521      1   55471.205667200         562    17.219    21.646     27.874    2.150       2.172           0      131072            0            1    10799056 
   55471.244407200        17.146        0.117        35212010006833  339.6538140   17.5846570   22h38m36.92s   17d35m04.77s      2               0    4.135823e-07         134         134         121        17.133            0.005     17.163         17.161   17.169       17.166    0.041       0.022        10799148002232  339.6537830   17.5846970        3521      1   55471.249397200         562    17.133    21.684     27.803    1.950       2.050           0      131072            0            1    10799148 
   55483.166527200        17.143        0.030        35212010006833  339.6538140   17.5846570   22h38m36.92s   17d35m04.77s      2               0    4.135823e-07         134         134         121        17.133            0.005     17.163         17.161   17.169       17.166    0.041       0.022        10856278002105  339.6537940   17.5846810        3521      1   55483.171037200         577    17.142    21.472     27.812    2.050       2.011           0      131072            0            1    10856278 
   55483.122857200        17.170        0.030        35212010006833  339.6538140   17.5846570   22h38m36.92s   17d35m04.77s      2               0    4.135823e-07         134         134         121        17.133            0.005     17.163         17.161   17.169       17.166    0.041       0.022        10856333002058  339.6538050   17.5846470        3521      1   55483.127367200         577    17.162    21.361     27.794    2.150       2.189           0      131072            0            1    10856333 
   55443.230767200        17.138        0.031        35212010006833  339.6538140   17.5846570   22h38m36.92s   17d35m04.77s      2               0    4.135823e-07         134         134         121        17.133            0.005     17.163         17.161   17.169       17.166    0.041       0.022        10906546002277  339.6537900   17.5846660        3521      1   55443.236027200         538    17.136    21.593     27.801    2.150       2.172           0      131072            0            1    10906546 
   55443.185917200        17.167        0.031        35212010006833  339.6538140   17.5846570   22h38m36.92s   17d35m04.77s      2               0    4.135823e-07         134         134         121        17.133            0.005     17.163         17.161   17.169       17.166    0.041       0.022        10906554001981  339.6538110   17.5846640        3521      1   55443.191177200         538    17.165    21.292     27.771    2.450       2.542           0      131072            0            1    10906554 
   55446.312747200        17.160        0.039        35212010006833  339.6538140   17.5846570   22h38m36.92s   17d35m04.77s      2               0    4.135823e-07         134         134         121        17.133            0.005     17.163         17.161   17.169       17.166    0.041       0.022        10912220002365  339.6537780   17.5846720        3521      1   55446.318037200         541    17.152    21.874     27.807    1.850       1.853           0      131072            0            1    10912220 
   55446.269397200        17.133        0.039        35212010006833  339.6538140   17.5846570   22h38m36.92s   17d35m04.77s      2               0    4.135823e-07         134         134         121        17.133            0.005     17.163         17.161   17.169       17.166    0.041       0.022        10912266002409  339.6538000   17.5846760        3521      1   55446.274687200         541    17.122    21.793     27.805    1.950       2.010           0      131072            0            1    10912266 
   55452.163847200        17.160        0.028        35212010006833  339.6538140   17.5846570   22h38m36.92s   17d35m04.77s      2               0    4.135823e-07         134         134         121        17.133            0.005     17.163         17.161   17.169       17.166    0.041       0.022        10932338002062  339.6537900   17.5846760        3521      1   55452.169147200         547    17.157    21.398     27.805    2.050       2.210           0      131072            0            1    10932338 
   55452.206587200        17.152        0.028        35212010006833  339.6538140   17.5846570   22h38m36.92s   17d35m04.77s      2               0    4.135823e-07         134         134         121        17.133            0.005     17.163         17.161   17.169       17.166    0.041       0.022        10932452002148  339.6538050   17.5846740        3521      1   55452.211887200         547    17.155    21.478     27.821    2.250       2.334           0      131072            0            1    10932452 
   55467.310857200        17.170        0.071        35212010006833  339.6538140   17.5846570   22h38m36.92s   17d35m04.77s      2               0    4.135823e-07         134         134         121        17.133            0.005     17.163         17.161   17.169       17.166    0.041       0.022        11077173001829  339.6538010   17.5846620        3521      1   55467.315957200         560    17.182    21.126     27.802    2.150       2.175           0      131072            0            1    11077173 
   55468.221587200        17.183        0.250        35212010006833  339.6538140   17.5846570   22h38m36.92s   17d35m04.77s      2               0    4.135823e-07         134         134         121        17.133            0.005     17.163         17.161   17.169       17.166    0.041       0.022        11078099002148  339.6537970   17.5846740        3521      1   55468.226657200         558    17.204    21.447     27.829    2.250       2.257           0      131072            0            1    11078099 
   55416.200397200        17.262        0.187        35212010006833  339.6538140   17.5846570   22h38m36.92s   17d35m04.77s      2               0    4.135823e-07         134         134         121        17.133            0.005     17.163         17.161   17.169       17.166    0.041       0.022        11122123001302  339.6538040   17.5846940        3521      1   55416.204827200         515    17.322    20.301     26.649    3.350       3.532           0      131072            0            1    11122123 
   55416.243347200        17.199        0.186        35212010006833  339.6538140   17.5846570   22h38m36.92s   17d35m04.77s      2               0    4.135823e-07         134         134         121        17.133            0.005     17.163         17.161   17.169       17.166    0.041       0.022        11122261001491  339.6538130   17.5846840        3521      1   55416.247777200         515    17.347    20.735     26.872    3.050       3.268           0      131072            0            1    11122261 
   55422.369597200        17.162        0.031        35212010006833  339.6538140   17.5846570   22h38m36.92s   17d35m04.77s      2               0    4.135823e-07         134         134         121        17.133            0.005     17.163         17.161   17.169       17.166    0.041       0.022        11147816002328  339.6537770   17.5847000        3521      1   55422.374307200         521    17.165    21.780     27.805    2.150       2.117           0      131072            0            1    11147816 
   55422.414337200        17.151        0.031        35212010006833  339.6538140   17.5846570   22h38m36.92s   17d35m04.77s      2               0    4.135823e-07         134         134         121        17.133            0.005     17.163         17.161   17.169       17.166    0.041       0.022        11147968002234  339.6537950   17.5846700        3521      1   55422.419057200         521    17.158    21.759     27.803    2.150       2.203           0      131072            0            1    11147968 
   55429.226357200        17.150        0.030        35212010006833  339.6538140   17.5846570   22h38m36.92s   17d35m04.77s      2               0    4.135823e-07         134         134         121        17.133            0.005     17.163         17.161   17.169       17.166    0.041       0.022        11192005001639  339.6537960   17.5846640        3521      1   55429.231317200         528    17.148    20.845     27.779    2.150       2.220           0      131072            0            1    11192005 
   55429.183207200        17.152        0.032        35212010006833  339.6538140   17.5846570   22h38m36.92s   17d35m04.77s      2               0    4.135823e-07         134         134         121        17.133            0.005     17.163         17.161   17.169       17.166    0.041       0.022        11192202001556  339.6538060   17.5846750        3521      1   55429.188167200         528    17.146    20.598     27.731    2.250       2.456           0      131072            0            1    11192202 
   55426.169847200        17.122        0.076        35212010006833  339.6538140   17.5846570   22h38m36.92s   17d35m04.77s      2               0    4.135823e-07         134         134         121        17.133            0.005     17.163         17.161   17.169       17.166    0.041       0.022        11197114001402  339.6538210   17.5846600        3521      1   55426.174707200         525    17.039    20.178     27.507    3.450       3.739           0      131072            0            1    11197114 
   55436.224917200        17.152        0.037        35212010006833  339.6538140   17.5846570   22h38m36.92s   17d35m04.77s      2               0    4.135823e-07         134         134         121        17.133            0.005     17.163         17.161   17.169       17.166    0.041       0.022        11208660001437  339.6538150   17.5846790        3521      1   55436.230067200         609    17.149    20.460     27.758    2.450       2.442           0      131072            0            1    11208660 
   55436.176617200        17.154        0.038        35212010006833  339.6538140   17.5846570   22h38m36.92s   17d35m04.77s      2               0    4.135823e-07         134         134         121        17.133            0.005     17.163         17.161   17.169       17.166    0.041       0.022        11208880001316  339.6538090   17.5846410        3521      1   55436.181767200         609    17.147    20.253     27.716    2.850       2.931           0      131072            0            1    11208880 
   55439.179857200        17.140        0.032        35212010006833  339.6538140   17.5846570   22h38m36.92s   17d35m04.77s      2               0    4.135823e-07         134         134         121        17.133            0.005     17.163         17.161   17.169       17.166    0.041       0.022        11225074001970  339.6538050   17.5846800        3521      1   55439.185067200         534    17.137    21.185     27.714    2.550       2.622           0      131072            0            1    11225074 
   55382.429197200        17.159        0.028        35212010006833  339.6538140   17.5846570   22h38m36.92s   17d35m04.77s      2               0    4.135823e-07         134         134         121        17.133            0.005     17.163         17.161   17.169       17.166    0.041       0.022        11241403002035  339.6537820   17.5846600        3521      1   55382.431397200         481    17.160    21.348     27.840    2.350       2.364           0      131072            0            1    11241403 
   55382.386187200        17.152        0.029        35212010006833  339.6538140   17.5846570   22h38m36.92s   17d35m04.77s      2               0    4.135823e-07         134         134         121        17.133            0.005     17.163         17.161   17.169       17.166    0.041       0.022        11241417001952  339.6537870   17.5846620        3521      1   55382.388377200         481    17.155    21.276     27.826    2.350       2.471           0      131072            0            1    11241417 
   55387.460507200        17.183        0.126        35212010006833  339.6538140   17.5846570   22h38m36.92s   17d35m04.77s      2               0    4.135823e-07         134         134         121        17.133            0.005     17.163         17.161   17.169       17.166    0.041       0.022        11260633002263  339.6537730   17.5846860        3521      1   55387.463097200         486    17.045    21.532     27.631    2.250       2.254           0      131072            0            1    11260633 
   55387.412087200        17.149        0.126        35212010006833  339.6538140   17.5846570   22h38m36.92s   17d35m04.77s      2               0    4.135823e-07         134         134         121        17.133            0.005     17.163         17.161   17.169       17.166    0.041       0.022        11260799002344  339.6537930   17.5846530        3521      1   55387.414667200         486    17.056    21.786     27.672    1.950       2.033           0      131072            0            1    11260799 
   55349.467407200        17.185        0.059        35212010006833  339.6538140   17.5846570   22h38m36.92s   17d35m04.77s      2               0    4.135823e-07         134         134         121        17.133            0.005     17.163         17.161   17.169       17.166    0.041       0.022        11335566001737  339.6538110   17.5846840        3521      1   55349.466757200         449    17.197    20.830     27.826    2.450       2.640           0      131072            0            1    11335566 
   55419.358367200        17.160        0.207        35212010006833  339.6538140   17.5846570   22h38m36.92s   17d35m04.77s      2               0    4.135823e-07         134         134         121        17.133            0.005     17.163         17.161   17.169       17.166    0.041       0.022        11390524001790  339.6538000   17.5846550        3521      1   55419.362947200         518    17.034    20.961     26.844    2.450       2.497           0      131072            0            1    11390524 
   55419.401647200        17.160        0.207        35212010006833  339.6538140   17.5846570   22h38m36.92s   17d35m04.77s      2               0    4.135823e-07         134         134         121        17.133            0.005     17.163         17.161   17.169       17.166    0.041       0.022        11390685001621  339.6537990   17.5846560        3521      1   55419.406227200         518    17.131    20.948     26.858    2.650       2.777           0      131072            0            1    11390685 
   55364.433677200        17.159        0.032        35212010006833  339.6538140   17.5846570   22h38m36.92s   17d35m04.77s      2               0    4.135823e-07         134         134         121        17.133            0.005     17.163         17.161   17.169       17.166    0.041       0.022        11392975002109  339.6538000   17.5846580        3521      1   55364.434347200         463    17.159    21.417     27.784    2.550       2.723           0      131072            0            1    11392975 
   55364.386147200        17.168        0.032        35212010006833  339.6538140   17.5846570   22h38m36.92s   17d35m04.77s      2               0    4.135823e-07         134         134         121        17.133            0.005     17.163         17.161   17.169       17.166    0.041       0.022        11392977002025  339.6538090   17.5846620        3521      1   55364.386807200         463    17.162    21.278     27.750    2.650       2.731           0      131072            0            1    11392977 
   55369.460177200        17.161        0.028        35212010006833  339.6538140   17.5846570   22h38m36.92s   17d35m04.77s      2               0    4.135823e-07         134         134         121        17.133            0.005     17.163         17.161   17.169       17.166    0.041       0.022        11408518002203  339.6538020   17.5846920        3521      1   55369.461277200         468    17.157    21.678     27.841    2.150       2.160           0      131072            0            1    11408518 
   55372.400097200        17.190        0.031        35212010006833  339.6538140   17.5846570   22h38m36.92s   17d35m04.77s      2               0    4.135823e-07         134         134         121        17.133            0.005     17.163         17.161   17.169       17.166    0.041       0.022        11411059001621  339.6537960   17.5846580        3521      1   55372.401447200         471    17.187    20.834     27.820    2.250       2.228           0      131072            0            1    11411059 
   55372.356507200        17.213        0.033        35212010006833  339.6538140   17.5846570   22h38m36.92s   17d35m04.77s      2               0    4.135823e-07         134         134         121        17.133            0.005     17.163         17.161   17.169       17.166    0.041       0.022        11411122001426  339.6538080   17.5846600        3521      1   55372.357857200         471    17.212    20.454     27.790    2.750       2.786           0      131072            0            1    11411122 
   55371.453437200        17.182        0.026        35212010006833  339.6538140   17.5846570   22h38m36.92s   17d35m04.77s      2               0    4.135823e-07         134         134         121        17.133            0.005     17.163         17.161   17.169       17.166    0.041       0.022        11413396002133  339.6537850   17.5846500        3521      1   55371.454717200         470    17.181    21.479     27.854    2.150       2.156           0      131072            0            1    11413396 
   55370.457827200        17.165        0.027        35212010006833  339.6538140   17.5846570   22h38m36.92s   17d35m04.77s      2               0    4.135823e-07         134         134         121        17.133            0.005     17.163         17.161   17.169       17.166    0.041       0.022        11415784002204  339.6537940   17.5846500        3521      1   55370.459017200         469    17.171    21.749     27.859    2.150       2.179           0      131072            0            1    11415784 
   55377.357017200        17.176        0.033        35212010006833  339.6538140   17.5846570   22h38m36.92s   17d35m04.77s      2               0    4.135823e-07         134         134         121        17.133            0.005     17.163         17.161   17.169       17.166    0.041       0.022        11430952001437  339.6538000   17.5846570        3521      1   55377.358787200         476    17.178    20.528     27.759    2.550       2.575           0      131072            0            1    11430952 
   55377.401227200        17.188        0.033        35212010006833  339.6538140   17.5846570   22h38m36.92s   17d35m04.77s      2               0    4.135823e-07         134         134         121        17.133            0.005     17.163         17.161   17.169       17.166    0.041       0.022        11430984001506  339.6538030   17.5846490        3521      1   55377.403007200         476    17.194    20.607     27.783    2.550       2.457           0      131072            0            1    11430984 
   55137.187677200        17.112        0.033        35212010006833  339.6538140   17.5846570   22h38m36.92s   17d35m04.77s      2               0    4.135823e-07         134         134         121        17.133            0.005     17.163         17.161   17.169       17.166    0.041       0.022        11785647001386  339.6537790   17.5846610        3521      1   55137.191017200         244    17.115    20.532     27.883    2.250       2.591           0      131072            0            1    11785647 
   55138.179157200        17.211        0.045        35212010006833  339.6538140   17.5846570   22h38m36.92s   17d35m04.77s      2               0    4.135823e-07         134         134         121        17.133            0.005     17.163         17.161   17.169       17.166    0.041       0.022        11788716001442  339.6537710   17.5846860        3521      1   55138.182427200         245    17.203    20.407     27.856    2.650       2.690           0      131072            0            1    11788716 
   55142.163267200        17.179        0.029        35212010006833  339.6538140   17.5846570   22h38m36.92s   17d35m04.77s      2               0    4.135823e-07         134         134         121        17.133            0.005     17.163         17.161   17.169       17.166    0.041       0.022        11794001002149  339.6537890   17.5846690        3521      1   55142.166237200         282    17.188    21.440     27.865    2.250       2.291           0      131072            0            1    11794001 
   55142.118957200        17.154        0.029        35212010006833  339.6538140   17.5846570   22h38m36.92s   17d35m04.77s      2               0    4.135823e-07         134         134         121        17.133            0.005     17.163         17.161   17.169       17.166    0.041       0.022        11794104002048  339.6537690   17.5846870        3521      1   55142.121927200         282    17.165    21.256     27.862    2.550       2.503           0      131072            0            1    11794104 
   55123.223387200        17.153        0.029        35212010006833  339.6538140   17.5846570   22h38m36.92s   17d35m04.77s      2               0    4.135823e-07         134         134         121        17.133            0.005     17.163         17.161   17.169       17.166    0.041       0.022        11812126001951  339.6537630   17.5846870        3521      1   55123.227627200         232    17.165    21.573     27.909    2.150       2.218           0      131072            0            1    11812126 
   55045.207707200        17.153        0.033        35212010006833  339.6538140   17.5846570   22h38m36.92s   17d35m04.77s      2               0    4.135823e-07         134         134         121        17.133            0.005     17.163         17.161   17.169       17.166    0.041       0.022        11860485001274  339.6538060   17.5846670        3521      1   55045.211847200         159    17.146    20.084     27.354    3.150       3.372           0      131072            0            1    11860485 
   55045.289337200        17.155        0.030        35212010006833  339.6538140   17.5846570   22h38m36.92s   17d35m04.77s      2               0    4.135823e-07         134         134         121        17.133            0.005     17.163         17.161   17.169       17.166    0.041       0.022        11860493001734  339.6538000   17.5846540        3521      1   55045.293477200         159    17.160    20.903     27.463    2.150       2.131           0      131072            0            1    11860493 
   55049.426157200        17.176        0.036        35212010006833  339.6538140   17.5846570   22h38m36.92s   17d35m04.77s      2               0    4.135823e-07         134         134         121        17.133            0.005     17.163         17.161   17.169       17.166    0.041       0.022        11862929001220  339.6538150   17.5846410        3521      1   55049.430517200         163    17.183    20.099     27.440    2.250       2.401           0      131072            0            1    11862929 
   55054.221717200        17.207        0.061        35212010006833  339.6538140   17.5846570   22h38m36.92s   17d35m04.77s      2               0    4.135823e-07         134         134         121        17.133            0.005     17.163         17.161   17.169       17.166    0.041       0.022        11869567001089  339.6537890   17.5846590        3521      1   55054.226297200         168    17.199    19.814     27.240    3.550       3.696           0      131072            0            1    11869567 
   55066.328927200        17.149        0.034        35212010006833  339.6538140   17.5846570   22h38m36.92s   17d35m04.77s      2               0    4.135823e-07         134         134         121        17.133            0.005     17.163         17.161   17.169       17.166    0.041       0.022        11883377002308  339.6537970   17.5846430        3521      1   55066.333957200         180    17.154    21.585     27.249    1.750       1.790           0      131072            0            1    11883377 
   55066.284507200        17.173        0.034        35212010006833  339.6538140   17.5846570   22h38m36.92s   17d35m04.77s      2               0    4.135823e-07         134         134         121        17.133            0.005     17.163         17.161   17.169       17.166    0.041       0.022        11883394002249  339.6537910   17.5846360        3521      1   55066.289537200         180    17.201    21.538     27.229    1.750       1.775           0      131072            0            1    11883394 
   55061.271507200        17.163        0.030        35212010006833  339.6538140   17.5846570   22h38m36.92s   17d35m04.77s      2               0    4.135823e-07         134         134         121        17.133            0.005     17.163         17.161   17.169       17.166    0.041       0.022        11892875002287  339.6538170   17.5846590        3521      1   55061.276377200         175    17.176    21.421     27.372    2.150       2.103           0      131072            0            1    11892875 
   55061.369177200        17.173        0.029        35212010006833  339.6538140   17.5846570   22h38m36.92s   17d35m04.77s      2               0    4.135823e-07         134         134         121        17.133            0.005     17.163         17.161   17.169       17.166    0.041       0.022        11892899002390  339.6537720   17.5846470        3521      1   55061.374047200         175    17.188    21.563     27.379    2.150       2.293           0      131072            0            1    11892899 
   55056.350197200        17.202        0.029        35212010006833  339.6538140   17.5846570   22h38m36.92s   17d35m04.77s      2               0    4.135823e-07         134         134         121        17.133            0.005     17.163         17.161   17.169       17.166    0.041       0.022        11898883001951  339.6538300   17.5846740        3521      1   55056.354877200         170    17.211    21.064     27.389    2.250       2.321           0      131072            0            1    11898883 
   55056.268047200        17.159        0.029        35212010006833  339.6538140   17.5846570   22h38m36.92s   17d35m04.77s      2               0    4.135823e-07         134         134         121        17.133            0.005     17.163         17.161   17.169       17.166    0.041       0.022        11898894001951  339.6537950   17.5846470        3521      1   55056.272717200         170    17.166    21.070     27.364    2.350       2.323           0      131072            0            1    11898894 
   55019.451217200        17.201        0.039        35212010006833  339.6538140   17.5846570   22h38m36.92s   17d35m04.77s      2               0    4.135823e-07         134         134         121        17.133            0.005     17.163         17.161   17.169       17.166    0.041       0.022        11910381001489  339.6537910   17.5846540        3521      1   55019.453587200         133    17.220    20.197     27.311    2.550       2.727           0      131072            0            1    11910381 
   55019.390137200        17.189        0.041        35212010006833  339.6538140   17.5846570   22h38m36.92s   17d35m04.77s      2               0    4.135823e-07         134         134         121        17.133            0.005     17.163         17.161   17.169       17.166    0.041       0.022        11910426001407  339.6537920   17.5846700        3521      1   55019.392507200         133    17.203    20.113     27.293    2.550       2.667           0      131072            0            1    11910426 
   55087.280887200        17.150        0.027        35212010006833  339.6538140   17.5846570   22h38m36.92s   17d35m04.77s      2               0    4.135823e-07         134         134         121        17.133            0.005     17.163         17.161   17.169       17.166    0.041       0.022        11917194002267  339.6538020   17.5846530        3521      1   55087.286197200         199    17.148    21.601     27.445    2.050       2.115           0      131072            0            1    11917194 
   55087.325037200        17.151        0.027        35212010006833  339.6538140   17.5846570   22h38m36.92s   17d35m04.77s      2               0    4.135823e-07         134         134         121        17.133            0.005     17.163         17.161   17.169       17.166    0.041       0.022        11917208002174  339.6538100   17.5846630        3521      1   55087.330337200         199    17.151    21.481     27.443    2.250       2.303           0      131072            0            1    11917208 
   55032.282817200        17.387        0.060        35212010006833  339.6538140   17.5846570   22h38m36.92s   17d35m04.77s      2               0    4.135823e-07         134         134         121        17.133            0.005     17.163         17.161   17.169       17.166    0.041       0.022        11954921001046  339.6538180   17.5846670        3521      1   55032.286137200         146    18.740    20.980     27.350    2.250       2.416           0      131072            0            1    11954921 
   55031.383737200        17.174        0.032        35212010006833  339.6538140   17.5846570   22h38m36.92s   17d35m04.77s      2               0    4.135823e-07         134         134         121        17.133            0.005     17.163         17.161   17.169       17.166    0.041       0.022        11956536002386  339.6537980   17.5846370        3521      1   55031.387007200         145    17.175    21.600     27.440    2.050       2.070           0      131072            0            1    11956536 
   55039.420947200        17.144        0.031        35212010006833  339.6538140   17.5846570   22h38m36.92s   17d35m04.77s      2               0    4.135823e-07         134         134         121        17.133            0.005     17.163         17.161   17.169       17.166    0.041       0.022        11983407002366  339.6537460   17.5846340        3521      1   55039.424747200         153    17.144    21.545     27.421    2.150       2.352           0      131072            0            1    11983407 
   55039.376907200        17.175        0.031        35212010006833  339.6538140   17.5846570   22h38m36.92s   17d35m04.77s      2               0    4.135823e-07         134         134         121        17.133            0.005     17.163         17.161   17.169       17.166    0.041       0.022        11983503002330  339.6537930   17.5846530        3521      1   55039.380697200         153    17.174    21.504     27.403    2.150       2.162           0      131072            0            1    11983503 
   55498.219327200        17.138        0.196        35212010006833  339.6538140   17.5846570   22h38m36.92s   17d35m04.77s      2               0    4.135823e-07         134         134         121        17.133            0.005     17.163         17.161   17.169       17.166    0.041       0.022        12781517001694  339.6538050   17.5846670        3521      1   55498.222967200         593    17.369    21.108     27.731    2.150       2.118           0      131072            0            1    12781517 
   55498.274697200        17.157        0.196        35212010006833  339.6538140   17.5846570   22h38m36.92s   17d35m04.77s      2               0    4.135823e-07         134         134         121        17.133            0.005     17.163         17.161   17.169       17.166    0.041       0.022        12781770001977  339.6538090   17.5846630        3521      1   55498.278327200         593    16.987    21.129     27.636    2.050       2.087           0      131072            0            1    12781770 
   55458.418447200        17.174        0.032        35212010006833  339.6538140   17.5846570   22h38m36.92s   17d35m04.77s      2               0    4.135823e-07         134         134         121        17.133            0.005     17.163         17.161   17.169       17.166    0.041       0.022        12794281001704  339.6538130   17.5846590        3521      1   55458.423707200         553    17.170    20.919     27.792    2.350       2.393           0      131072            0            1    12794281 
   55458.351667200        17.169        0.033        35212010006833  339.6538140   17.5846570   22h38m36.92s   17d35m04.77s      2               0    4.135823e-07         134         134         121        17.133            0.005     17.163         17.161   17.169       17.166    0.041       0.022        12794437001582  339.6537990   17.5846730        3521      1   55458.356927200         553    17.169    20.824     27.817    2.250       2.364           0      131072            0            1    12794437 
   55480.170497200        17.170        0.031        35212010006833  339.6538140   17.5846570   22h38m36.92s   17d35m04.77s      2               0    4.135823e-07         134         134         121        17.133            0.005     17.163         17.161   17.169       17.166    0.041       0.022        12805116002124  339.6538140   17.5846620        3521      1   55480.175147200         574    17.171    21.375     27.809    2.250       2.298           0      131072            0            1    12805116 
   55480.128187200        17.173        0.031        35212010006833  339.6538140   17.5846570   22h38m36.92s   17d35m04.77s      2               0    4.135823e-07         134         134         121        17.133            0.005     17.163         17.161   17.169       17.166    0.041       0.022        12805131002099  339.6538150   17.5846680        3521      1   55480.132837200         574    17.177    21.312     27.785    2.350       2.281           0      131072            0            1    12805131 
   56202.157977200        17.187        0.034        35212010006833  339.6538140   17.5846570   22h38m36.92s   17d35m04.77s      2               0    4.135823e-07         134         134         121        17.133            0.005     17.163         17.161   17.169       17.166    0.041       0.022        14273573001434  339.6538080   17.5846720        3521      1   56202.162947200        1299    17.204    20.632     27.830    2.150       2.271           0      131072            0            1    14273573 
   56202.128807200        17.165        0.034        35212010006833  339.6538140   17.5846570   22h38m36.92s   17d35m04.77s      2               0    4.135823e-07         134         134         121        17.133            0.005     17.163         17.161   17.169       17.166    0.041       0.022        14273576001440  339.6538170   17.5846840        3521      1   56202.133787200        1299    17.177    20.554     27.816    2.350       2.439           0      131072            0            1    14273576 
   56202.187427200        17.171        0.033        35212010006833  339.6538140   17.5846570   22h38m36.92s   17d35m04.77s      2               0    4.135823e-07         134         134         121        17.133            0.005     17.163         17.161   17.169       17.166    0.041       0.022        14273609001449  339.6538110   17.5846760        3521      1   56202.192407200        1299    17.174    20.600     27.838    2.350       2.586           0      131072            0            1    14273609 
   56204.112797200        17.162        0.375        35212010006833  339.6538140   17.5846570   22h38m36.92s   17d35m04.77s      2               0    4.135823e-07         134         134         121        17.133            0.005     17.163         17.161   17.169       17.166    0.041       0.022        14314176001018  339.6538220   17.5846640        3521      1   56204.117707200        1301    17.674    20.324     27.484    2.850       3.283           0      131072            0            1    14314176 
   56204.143157200        17.146        0.374        35212010006833  339.6538140   17.5846570   22h38m36.92s   17d35m04.77s      2               0    4.135823e-07         134         134         121        17.133            0.005     17.163         17.161   17.169       17.166    0.041       0.022        14314199001407  339.6538000   17.5846620        3521      1   56204.148067200        1301    17.369    20.719     27.558    2.450       2.434           0      131072            0            1    14314199 
   56204.173637200        17.206        0.374        35212010006833  339.6538140   17.5846570   22h38m36.92s   17d35m04.77s      2               0    4.135823e-07         134         134         121        17.133            0.005     17.163         17.161   17.169       17.166    0.041       0.022        14314224001771  339.6538090   17.5846830        3521      1   56204.178537200        1301    16.916    20.716     27.564    2.550       2.714           0      131072            0            1    14314224 
   56206.113627200        17.153        0.108        35212010006833  339.6538140   17.5846570   22h38m36.92s   17d35m04.77s      2               0    4.135823e-07         134         134         121        17.133            0.005     17.163         17.161   17.169       17.166    0.041       0.022        14340308001973  339.6538180   17.5846620        3521      1   56206.118457200        1303    17.183    21.239     27.870    2.650       2.610           0      131072            0            1    14340308 
   56206.149307200        17.158        0.108        35212010006833  339.6538140   17.5846570   22h38m36.92s   17d35m04.77s      2               0    4.135823e-07         134         134         121        17.133            0.005     17.163         17.161   17.169       17.166    0.041       0.022        14340329002116  339.6538140   17.5846790        3521      1   56206.154137200        1303    17.185    21.490     27.874    2.350       2.217           0      131072            0            1    14340329 
   56206.179597200        17.171        0.108        35212010006833  339.6538140   17.5846570   22h38m36.92s   17d35m04.77s      2               0    4.135823e-07         134         134         121        17.133            0.005     17.163         17.161   17.169       17.166    0.041       0.022        14340359002135  339.6538170   17.5846740        3521      1   56206.184427200        1303    17.178    21.606     27.860    2.150       2.223           0      131072            0            1    14340359 
   56228.184547200        17.214        0.031        35212010006833  339.6538140   17.5846570   22h38m36.92s   17d35m04.77s      2               0    4.135823e-07         134         134         121        17.133            0.005     17.163         17.161   17.169       17.166    0.041       0.022        14450215001456  339.6538330   17.5846820        3521      1   56228.188217200        1315    17.209    20.579     27.863    2.350       2.249           0      131072            0            1    14450215 
   56228.215327200        17.212        0.032        35212010006833  339.6538140   17.5846570   22h38m36.92s   17d35m04.77s      2               0    4.135823e-07         134         134         121        17.133            0.005     17.163         17.161   17.169       17.166    0.041       0.022        14450231001298  339.6538130   17.5846640        3521      1   56228.218997200        1315    17.219    20.445     27.860    2.550       2.575           0      131072            0            1    14450231 
   56230.249197200        17.221        0.033        35212010006833  339.6538140   17.5846570   22h38m36.92s   17d35m04.77s      2               0    4.135823e-07         134         134         121        17.133            0.005     17.163         17.161   17.169       17.166    0.041       0.022        14487301001336  339.6538340   17.5846750        3521      1   56230.252737200        1317    17.227    20.471     27.836    2.150       2.220           0      131072            0            1    14487301 
   56234.212917200        17.164        0.050        35212010006833  339.6538140   17.5846570   22h38m36.92s   17d35m04.77s      2               0    4.135823e-07         134         134         121        17.133            0.005     17.163         17.161   17.169       17.166    0.041       0.022        14497523001720  339.6537980   17.5846680        3521      1   56234.216167200        1321    17.147    20.978     27.834    2.550       2.508           0      131072            0            1    14497523 
   56234.244177200        17.188        0.050        35212010006833  339.6538140   17.5846570   22h38m36.92s   17d35m04.77s      2               0    4.135823e-07         134         134         121        17.133            0.005     17.163         17.161   17.169       17.166    0.041       0.022        14497538001638  339.6538230   17.5846710        3521      1   56234.247427200        1321    17.165    20.855     27.818    2.650       2.712           0      131072            0            1    14497538 
   56236.145687200        17.181        0.030        35212010006833  339.6538140   17.5846570   22h38m36.92s   17d35m04.77s      2               0    4.135823e-07         134         134         121        17.133            0.005     17.163         17.161   17.169       17.166    0.041       0.022        14529701001964  339.6538260   17.5846710        3521      1   56236.148787200        1323    17.193    21.327     27.881    2.550       2.605           0      131072            0            1    14529701 
   56238.121187200        17.138        0.028        35212010006833  339.6538140   17.5846570   22h38m36.92s   17d35m04.77s      2               0    4.135823e-07         134         134         121        17.133            0.005     17.163         17.161   17.169       17.166    0.041       0.022        14571459001984  339.6538170   17.5846780        3521      1   56238.124147200        1325    17.146    21.452     27.875    2.150       2.219           0      131072            0            1    14571459 
   56238.091697200        17.179        0.028        35212010006833  339.6538140   17.5846570   22h38m36.92s   17d35m04.77s      2               0    4.135823e-07         134         134         121        17.133            0.005     17.163         17.161   17.169       17.166    0.041       0.022        14571481001943  339.6538300   17.5846830        3521      1   56238.094657200        1325    17.185    21.351     27.871    2.250       2.350           0      131072            0            1    14571481 
   56232.228407200        17.210        0.070        35212010006833  339.6538140   17.5846570   22h38m36.92s   17d35m04.77s      2               0    4.135823e-07         134         134         121        17.133            0.005     17.163         17.161   17.169       17.166    0.041       0.022        14646437001588  339.6538250   17.5846630        3521      1   56232.231797200        1319    17.168    20.945     27.820    2.150       2.244           0      131072            0            1    14646437 
   56251.084597200        17.145        0.028        35212010006833  339.6538140   17.5846570   22h38m36.92s   17d35m04.77s      2               0    4.135823e-07         134         134         121        17.133            0.005     17.163         17.161   17.169       17.166    0.041       0.022        14656421001806  339.6538290   17.5846700        3521      1   56251.086477200        1338    17.152    21.188     27.877    2.150       2.082           0      131072            0            1    14656421 
   56251.114167200        17.190        0.029        35212010006833  339.6538140   17.5846570   22h38m36.92s   17d35m04.77s      2               0    4.135823e-07         134         134         121        17.133            0.005     17.163         17.161   17.169       17.166    0.041       0.022        14656431001727  339.6538260   17.5846620        3521      1   56251.116047200        1338    17.195    20.894     27.878    2.850       2.848           0      131072            0            1    14656431 
   56255.081677200        17.146        0.031        35212010006833  339.6538140   17.5846570   22h38m36.92s   17d35m04.77s      2               0    4.135823e-07         134         134         121        17.133            0.005     17.163         17.161   17.169       17.166    0.041       0.022        14696885001444  339.6538170   17.5846870        3521      1   56255.083207200        1342    17.143    20.578     27.873    2.650       2.974           0      131072            0            1    14696885 
   56255.112127200        17.144        0.031        35212010006833  339.6538140   17.5846570   22h38m36.92s   17d35m04.77s      2               0    4.135823e-07         134         134         121        17.133            0.005     17.163         17.161   17.169       17.166    0.041       0.022        14696913001277  339.6538060   17.5846690        3521      1   56255.113657200        1342    17.157    20.354     27.876    3.450       3.651           0      131072            0            1    14696913 
   56267.144527200        17.185        0.234        35212010006833  339.6538140   17.5846570   22h38m36.92s   17d35m04.77s      2               0    4.135823e-07         134         134         121        17.133            0.005     17.163         17.161   17.169       17.166    0.041       0.022        14756100001760  339.6537940   17.5846820        3521      1   56267.144947200        1354    17.189    20.986     27.712    2.450       2.497           0      131072            0            1    14756100 
   56267.186597200        17.186        0.234        35212010006833  339.6538140   17.5846570   22h38m36.92s   17d35m04.77s      2               0    4.135823e-07         134         134         121        17.133            0.005     17.163         17.161   17.169       17.166    0.041       0.022        14756123001672  339.6537890   17.5846800        3521      1   56267.187007200        1354    17.173    20.949     27.621    2.150       2.167           0      131072            0            1    14756123 
   56265.173377200        17.197        0.238        35212010006833  339.6538140   17.5846570   22h38m36.92s   17d35m04.77s      2               0    4.135823e-07         134         134         121        17.133            0.005     17.163         17.161   17.169       17.166    0.041       0.022        14765409001496  339.6538100   17.5846620        3521      1   56265.173987200        1352    17.441    20.980     27.673    2.350       2.412           0      131072            0            1    14765409 
   56265.143887200        17.170        0.237        35212010006833  339.6538140   17.5846570   22h38m36.92s   17d35m04.77s      2               0    4.135823e-07         134         134         121        17.133            0.005     17.163         17.161   17.169       17.166    0.041       0.022        14765419001980  339.6538090   17.5846800        3521      1   56265.144497200        1352    17.165    21.422     27.837    2.350       2.480           0      131072            0            1    14765419 
   56271.223777200        17.227        0.043        35212010006833  339.6538140   17.5846570   22h38m36.92s   17d35m04.77s      2               0    4.135823e-07         134         134         121        17.133            0.005     17.163         17.161   17.169       17.166    0.041       0.022        14806131001343  339.6538090   17.5846880        3521      1   56271.223807200        1358    17.214    20.514     27.745    3.650       3.769           0      131072            0            1    14806131 
   56257.088927200        17.145        0.032        35212010006833  339.6538140   17.5846570   22h38m36.92s   17d35m04.77s      2               0    4.135823e-07         134         134         121        17.133            0.005     17.163         17.161   17.169       17.166    0.041       0.022        15702199001439  339.6538150   17.5846780        3521      1   56257.090267200        1344    17.142    20.547     27.855    2.750       3.025           0      131072            0            1    15702199 
   56257.119777200        17.166        0.031        35212010006833  339.6538140   17.5846570   22h38m36.92s   17d35m04.77s      2               0    4.135823e-07         134         134         121        17.133            0.005     17.163         17.161   17.169       17.166    0.041       0.022        15702237001461  339.6538280   17.5846760        3521      1   56257.121127200        1344    17.165    20.763     27.858    2.250       2.429           0      131072            0            1    15702237 
   56911.286797200        17.198        0.035        35212010006833  339.6538140   17.5846570   22h38m36.92s   17d35m04.77s      2               0    4.135823e-07         134         134         121        17.133            0.005     17.163         17.161   17.169       17.166    0.041       0.022        21287618001336  339.6538330   17.5846630        3521      1   56911.292097200        1975    17.162    20.473     27.753    2.350       2.446           0      131072            0            1    21287618 
