   55783.493537200        17.491        0.028        35212020010083  339.8548750   17.8934300   22h39m25.17s   17d53m36.35s      2               0    6.645019e-07         134         133         126        17.456            0.006     17.474         17.474   17.477       17.478    0.028       0.023        10358709000533  339.8549110   17.8934280        3521      2   55783.498077200         881    17.490    21.493     27.607    2.250       2.167           0      131072            0            1    10358709 
   55783.450517200        17.454        0.028        35212020010083  339.8548750   17.8934300   22h39m25.17s   17d53m36.35s      2               0    6.645019e-07         134         133         126        17.456            0.006     17.474         17.474   17.477       17.478    0.028       0.023        10358765000596  339.8549290   17.8934270        3521      2   55783.455047200         881    17.449    21.750     27.624    2.050       2.158           0      131072            0            1    10358765 
   55794.417557200        17.540        0.098        35212020010083  339.8548750   17.8934300   22h39m25.17s   17d53m36.35s      2               0    6.645019e-07         134         133         126        17.456            0.006     17.474         17.474   17.477       17.478    0.028       0.023        10379909000279  339.8549040   17.8934140        3521      2   55794.422517200         892    18.002    20.961     27.525    1.950       2.418           0      131072            0            1    10379909 
   55794.374747200        17.492        0.188        35212020010083  339.8548750   17.8934300   22h39m25.17s   17d53m36.35s      2               0    6.645019e-07         134         133         126        17.456            0.006     17.474         17.474   17.477       17.478    0.028       0.023        10379952000117  339.8548640   17.8934270        3521      2   55794.379707200         892    19.579    20.598     27.548    1.950       3.570           0      131072            0            1    10379952 
   55821.364667200        17.476        0.031        35212020010083  339.8548750   17.8934300   22h39m25.17s   17d53m36.35s      2               0    6.645019e-07         134         133         126        17.456            0.006     17.474         17.474   17.477       17.478    0.028       0.023        10509839000350  339.8549100   17.8934420        3521      2   55821.369947200         919    17.481    21.017     27.590    1.850       2.048           0      131072            0            1    10509839 
   55821.319317200        17.502        0.030        35212020010083  339.8548750   17.8934300   22h39m25.17s   17d53m36.35s      2               0    6.645019e-07         134         133         126        17.456            0.006     17.474         17.474   17.477       17.478    0.028       0.023        10509867000353  339.8549020   17.8934260        3521      2   55821.324607200         919    17.505    20.941     27.601    2.150       2.294           0      131072            0            1    10509867 
   55471.200687200        17.463        0.136        35212020010083  339.8548750   17.8934300   22h39m25.17s   17d53m36.35s      2               0    6.645019e-07         134         133         126        17.456            0.006     17.474         17.474   17.477       17.478    0.028       0.023        10797470000570  339.8548930   17.8934240        3521      2   55471.205667200         562    17.528    21.702     27.797    2.050       2.147           0      131072            0            1    10797470 
   55471.244407200        17.475        0.136        35212020010083  339.8548750   17.8934300   22h39m25.17s   17d53m36.35s      2               0    6.645019e-07         134         133         126        17.456            0.006     17.474         17.474   17.477       17.478    0.028       0.023        10797561000586  339.8548520   17.8934310        3521      2   55471.249397200         562    17.484    21.708     27.743    1.950       2.123           0      131072            0            1    10797561 
   55483.166527200        17.469        0.029        35212020010083  339.8548750   17.8934300   22h39m25.17s   17d53m36.35s      2               0    6.645019e-07         134         133         126        17.456            0.006     17.474         17.474   17.477       17.478    0.028       0.023        10854963000527  339.8548780   17.8934090        3521      2   55483.171037200         577    17.476    21.574     27.726    1.850       2.000           0      131072            0            1    10854963 
   55483.122857200        17.459        0.029        35212020010083  339.8548750   17.8934300   22h39m25.17s   17d53m36.35s      2               0    6.645019e-07         134         133         126        17.456            0.006     17.474         17.474   17.477       17.478    0.028       0.023        10855003000541  339.8548750   17.8934240        3521      2   55483.127367200         577    17.459    21.401     27.709    2.050       2.084           0      131072            0            1    10855003 
   55443.230767200        17.491        0.028        35212020010083  339.8548750   17.8934300   22h39m25.17s   17d53m36.35s      2               0    6.645019e-07         134         133         126        17.456            0.006     17.474         17.474   17.477       17.478    0.028       0.023        10906821000635  339.8548600   17.8934410        3521      2   55443.236027200         538    17.494    21.673     27.738    1.950       2.091           0      131072            0            1    10906821 
   55443.185917200        17.465        0.029        35212020010083  339.8548750   17.8934300   22h39m25.17s   17d53m36.35s      2               0    6.645019e-07         134         133         126        17.456            0.006     17.474         17.474   17.477       17.478    0.028       0.023        10906829000513  339.8548810   17.8934300        3521      2   55443.191177200         538    17.474    21.315     27.710    2.350       2.470           0      131072            0            1    10906829 
   55446.312747200        17.463        0.033        35212020010083  339.8548750   17.8934300   22h39m25.17s   17d53m36.35s      2               0    6.645019e-07         134         133         126        17.456            0.006     17.474         17.474   17.477       17.478    0.028       0.023        10912721000639  339.8548630   17.8934120        3521      2   55446.318037200         541    17.466    21.913     27.741    1.750       1.916           0      131072            0            1    10912721 
   55446.269397200        17.472        0.033        35212020010083  339.8548750   17.8934300   22h39m25.17s   17d53m36.35s      2               0    6.645019e-07         134         133         126        17.456            0.006     17.474         17.474   17.477       17.478    0.028       0.023        10912767000629  339.8548660   17.8934510        3521      2   55446.274687200         541    17.476    21.832     27.739    1.850       1.951           0      131072            0            1    10912767 
   55452.163847200        17.455        0.026        35212020010083  339.8548750   17.8934300   22h39m25.17s   17d53m36.35s      2               0    6.645019e-07         134         133         126        17.456            0.006     17.474         17.474   17.477       17.478    0.028       0.023        10932880000533  339.8548980   17.8934350        3521      2   55452.169147200         547    17.462    21.434     27.723    1.950       2.062           0      131072            0            1    10932880 
   55452.206587200        17.473        0.025        35212020010083  339.8548750   17.8934300   22h39m25.17s   17d53m36.35s      2               0    6.645019e-07         134         133         126        17.456            0.006     17.474         17.474   17.477       17.478    0.028       0.023        10932994000599  339.8548910   17.8934460        3521      2   55452.211887200         547    17.482    21.570     27.739    2.050       2.191           0      131072            0            1    10932994 
   55467.310857200        17.471        0.072        35212020010083  339.8548750   17.8934300   22h39m25.17s   17d53m36.35s      2               0    6.645019e-07         134         133         126        17.456            0.006     17.474         17.474   17.477       17.478    0.028       0.023        11076928000458  339.8548670   17.8934220        3521      2   55467.315957200         560    17.480    21.220     27.723    1.950       2.175           0      131072            0            1    11076928 
   55468.221587200        17.457        0.416        35212020010083  339.8548750   17.8934300   22h39m25.17s   17d53m36.35s      2               0    6.645019e-07         134         133         126        17.456            0.006     17.474         17.474   17.477       17.478    0.028       0.023        11077553000554  339.8548870   17.8934270        3521      2   55468.226657200         558    17.467    21.460     27.730    2.050       2.177           0      131074            0            1    11077553 
   55416.200397200        17.485        0.183        35212020010083  339.8548750   17.8934300   22h39m25.17s   17d53m36.35s      2               0    6.645019e-07         134         133         126        17.456            0.006     17.474         17.474   17.477       17.478    0.028       0.023        11122400000338  339.8549000   17.8934370        3521      2   55416.204827200         515    17.584    20.322     26.600    3.350       3.277           0      131072            0            1    11122400 
   55416.243347200        17.417        0.182        35212020010083  339.8548750   17.8934300   22h39m25.17s   17d53m36.35s      2               0    6.645019e-07         134         133         126        17.456            0.006     17.474         17.474   17.477       17.478    0.028       0.023        11122538000407  339.8548670   17.8934190        3521      2   55416.247777200         515    17.578    20.673     26.796    3.250       3.079           0      131072            0            1    11122538 
   55422.369597200        17.470        0.030        35212020010083  339.8548750   17.8934300   22h39m25.17s   17d53m36.35s      2               0    6.645019e-07         134         133         126        17.456            0.006     17.474         17.474   17.477       17.478    0.028       0.023        11148589000620  339.8548720   17.8934340        3521      2   55422.374307200         521    17.466    21.795     27.718    2.050       2.214           0      131072            0            1    11148589 
   55422.414337200        17.468        0.030        35212020010083  339.8548750   17.8934300   22h39m25.17s   17d53m36.35s      2               0    6.645019e-07         134         133         126        17.456            0.006     17.474         17.474   17.477       17.478    0.028       0.023        11148740000589  339.8548720   17.8934340        3521      2   55422.419057200         521    17.466    21.776     27.715    2.050       2.200           0      131072            0            1    11148740 
   55429.226357200        17.485        0.028        35212020010083  339.8548750   17.8934300   22h39m25.17s   17d53m36.35s      2               0    6.645019e-07         134         133         126        17.456            0.006     17.474         17.474   17.477       17.478    0.028       0.023        11190900000400  339.8548740   17.8934450        3521      2   55429.231317200         528    17.484    20.937     27.711    1.950       2.039           0      131072            0            1    11190900 
   55429.183207200        17.536        0.031        35212020010083  339.8548750   17.8934300   22h39m25.17s   17d53m36.35s      2               0    6.645019e-07         134         133         126        17.456            0.006     17.474         17.474   17.477       17.478    0.028       0.023        11191097000361  339.8548920   17.8934280        3521      2   55429.188167200         528    17.532    20.632     27.663    2.150       2.258           0      131072            0            1    11191097 
   55426.169847200        17.484        0.074        35212020010083  339.8548750   17.8934300   22h39m25.17s   17d53m36.35s      2               0    6.645019e-07         134         133         126        17.456            0.006     17.474         17.474   17.477       17.478    0.028       0.023        11196938000343  339.8548790   17.8934080        3521      2   55426.174707200         525    17.448    20.153     27.478    3.550       3.235           0      131072            0            1    11196938 
   55436.224917200        17.476        0.036        35212020010083  339.8548750   17.8934300   22h39m25.17s   17d53m36.35s      2               0    6.645019e-07         134         133         126        17.456            0.006     17.474         17.474   17.477       17.478    0.028       0.023        11209482000342  339.8548780   17.8934250        3521      2   55436.230067200         609    17.472    20.423     27.686    2.450       2.574           0      131072            0            1    11209482 
   55436.176617200        17.490        0.038        35212020010083  339.8548750   17.8934300   22h39m25.17s   17d53m36.35s      2               0    6.645019e-07         134         133         126        17.456            0.006     17.474         17.474   17.477       17.478    0.028       0.023        11209702000303  339.8548970   17.8934430        3521      2   55436.181767200         609    17.485    20.177     27.643    2.950       2.770           0      131072            0            1    11209702 
   55439.224367200        17.472        0.029        35212020010083  339.8548750   17.8934300   22h39m25.17s   17d53m36.35s      2               0    6.645019e-07         134         133         126        17.456            0.006     17.474         17.474   17.477       17.478    0.028       0.023        11224536000548  339.8548600   17.8934330        3521      2   55439.229567200         534    17.469    21.383     27.686    2.050       2.183           0      131072            0            1    11224536 
   55439.179857200        17.476        0.029        35212020010083  339.8548750   17.8934300   22h39m25.17s   17d53m36.35s      2               0    6.645019e-07         134         133         126        17.456            0.006     17.474         17.474   17.477       17.478    0.028       0.023        11224578000534  339.8548880   17.8934240        3521      2   55439.185067200         534    17.475    21.197     27.649    2.450       2.495           0      131072            0            1    11224578 
   55382.429197200        17.465        0.026        35212020010083  339.8548750   17.8934300   22h39m25.17s   17d53m36.35s      2               0    6.645019e-07         134         133         126        17.456            0.006     17.474         17.474   17.477       17.478    0.028       0.023        11241639000504  339.8548700   17.8934250        3521      2   55382.431397200         481    17.467    21.420     27.745    2.150       2.316           0      131072            0            1    11241639 
   55382.386187200        17.454        0.027        35212020010083  339.8548750   17.8934300   22h39m25.17s   17d53m36.35s      2               0    6.645019e-07         134         133         126        17.456            0.006     17.474         17.474   17.477       17.478    0.028       0.023        11241653000498  339.8548800   17.8934300        3521      2   55382.388377200         481    17.461    21.297     27.733    2.250       2.276           0      131072            0            1    11241653 
   55387.460507200        17.466        0.127        35212020010083  339.8548750   17.8934300   22h39m25.17s   17d53m36.35s      2               0    6.645019e-07         134         133         126        17.456            0.006     17.474         17.474   17.477       17.478    0.028       0.023        11260078000651  339.8548570   17.8934560        3521      2   55387.463097200         486    17.280    21.494     27.512    2.150       2.269           0      131072            0            1    11260078 
   55387.412087200        17.483        0.127        35212020010083  339.8548750   17.8934300   22h39m25.17s   17d53m36.35s      2               0    6.645019e-07         134         133         126        17.456            0.006     17.474         17.474   17.477       17.478    0.028       0.023        11260241000693  339.8548680   17.8934450        3521      2   55387.414667200         486    17.357    21.787     27.567    1.850       1.979           0      131072            0            1    11260241 
   55349.467407200        17.460        0.053        35212020010083  339.8548750   17.8934300   22h39m25.17s   17d53m36.35s      2               0    6.645019e-07         134         133         126        17.456            0.006     17.474         17.474   17.477       17.478    0.028       0.023        11335748000420  339.8548690   17.8934390        3521      2   55349.466757200         449    17.476    20.796     27.734    2.450       2.463           0      131072            0            1    11335748 
   55419.358367200        17.438        0.194        35212020010083  339.8548750   17.8934300   22h39m25.17s   17d53m36.35s      2               0    6.645019e-07         134         133         126        17.456            0.006     17.474         17.474   17.477       17.478    0.028       0.023        11390784000478  339.8548970   17.8934390        3521      2   55419.362947200         518    17.328    21.049     26.789    2.250       2.214           0      131072            0            1    11390784 
   55419.401647200        17.491        0.195        35212020010083  339.8548750   17.8934300   22h39m25.17s   17d53m36.35s      2               0    6.645019e-07         134         133         126        17.456            0.006     17.474         17.474   17.477       17.478    0.028       0.023        11390947000417  339.8548840   17.8934520        3521      2   55419.406227200         518    17.498    21.036     26.807    2.450       2.555           0      131072            0            1    11390947 
   55364.433677200        17.460        0.030        35212020010083  339.8548750   17.8934300   22h39m25.17s   17d53m36.35s      2               0    6.645019e-07         134         133         126        17.456            0.006     17.474         17.474   17.477       17.478    0.028       0.023        11393184000587  339.8548740   17.8934230        3521      2   55364.434347200         463    17.454    21.368     27.696    2.550       2.445           0      131072            0            1    11393184 
   55364.386147200        17.437        0.030        35212020010083  339.8548750   17.8934300   22h39m25.17s   17d53m36.35s      2               0    6.645019e-07         134         133         126        17.456            0.006     17.474         17.474   17.477       17.478    0.028       0.023        11393186000546  339.8548980   17.8934250        3521      2   55364.386807200         463    17.429    21.316     27.664    2.450       2.520           0      131072            0            1    11393186 
   55369.460177200        17.447        0.027        35212020010083  339.8548750   17.8934300   22h39m25.17s   17d53m36.35s      2               0    6.645019e-07         134         133         126        17.456            0.006     17.474         17.474   17.477       17.478    0.028       0.023        11409377000647  339.8548620   17.8934190        3521      2   55369.461277200         468    17.444    21.715     27.747    2.050       2.071           0      131072            0            1    11409377 
   55372.400097200        17.496        0.030        35212020010083  339.8548750   17.8934300   22h39m25.17s   17d53m36.35s      2               0    6.645019e-07         134         133         126        17.456            0.006     17.474         17.474   17.477       17.478    0.028       0.023        11411694000400  339.8548770   17.8934190        3521      2   55372.401447200         471    17.493    20.907     27.737    2.050       2.151           0      131072            0            1    11411694 
   55372.356507200        17.503        0.032        35212020010083  339.8548750   17.8934300   22h39m25.17s   17d53m36.35s      2               0    6.645019e-07         134         133         126        17.456            0.006     17.474         17.474   17.477       17.478    0.028       0.023        11411758000342  339.8548890   17.8934230        3521      2   55372.357857200         471    17.505    20.505     27.706    2.550       2.620           0      131072            0            1    11411758 
   55371.453437200        17.456        0.024        35212020010083  339.8548750   17.8934300   22h39m25.17s   17d53m36.35s      2               0    6.645019e-07         134         133         126        17.456            0.006     17.474         17.474   17.477       17.478    0.028       0.023        11414271000593  339.8548750   17.8934400        3521      2   55371.454717200         470    17.456    21.512     27.763    2.050       2.183           0      131072            0            1    11414271 
   55370.457827200        17.454        0.025        35212020010083  339.8548750   17.8934300   22h39m25.17s   17d53m36.35s      2               0    6.645019e-07         134         133         126        17.456            0.006     17.474         17.474   17.477       17.478    0.028       0.023        11416670000650  339.8548480   17.8934270        3521      2   55370.459017200         469    17.468    21.792     27.778    2.050       2.119           0      131072            0            1    11416670 
   55377.357017200        17.466        0.033        35212020010083  339.8548750   17.8934300   22h39m25.17s   17d53m36.35s      2               0    6.645019e-07         134         133         126        17.456            0.006     17.474         17.474   17.477       17.478    0.028       0.023        11431186000342  339.8548820   17.8934430        3521      2   55377.358787200         476    17.466    20.583     27.668    2.350       2.379           0      131072            0            1    11431186 
   55377.401227200        17.497        0.032        35212020010083  339.8548750   17.8934300   22h39m25.17s   17d53m36.35s      2               0    6.645019e-07         134         133         126        17.456            0.006     17.474         17.474   17.477       17.478    0.028       0.023        11431218000353  339.8548860   17.8934340        3521      2   55377.403007200         476    17.498    20.662     27.690    2.350       2.363           0      131072            0            1    11431218 
   55137.187677200        17.446        0.033        35212020010083  339.8548750   17.8934300   22h39m25.17s   17d53m36.35s      2               0    6.645019e-07         134         133         126        17.456            0.006     17.474         17.474   17.477       17.478    0.028       0.023        11784655000312  339.8548550   17.8934460        3521      2   55137.191017200         244    17.448    20.505     27.814    2.250       2.478           0      131072            0            1    11784655 
   55138.179157200        17.504        0.043        35212020010083  339.8548750   17.8934300   22h39m25.17s   17d53m36.35s      2               0    6.645019e-07         134         133         126        17.456            0.006     17.474         17.474   17.477       17.478    0.028       0.023        11787865000350  339.8548280   17.8934350        3521      2   55138.182427200         245    17.501    20.424     27.799    2.550       2.774           0      131072            0            1    11787865 
   55142.163267200        17.461        0.028        35212020010083  339.8548750   17.8934300   22h39m25.17s   17d53m36.35s      2               0    6.645019e-07         134         133         126        17.456            0.006     17.474         17.474   17.477       17.478    0.028       0.023        11793112000551  339.8548460   17.8934290        3521      2   55142.166237200         282    17.467    21.413     27.804    2.250       2.424           0      131072            0            1    11793112 
   55142.118957200        17.480        0.028        35212020010083  339.8548750   17.8934300   22h39m25.17s   17d53m36.35s      2               0    6.645019e-07         134         133         126        17.456            0.006     17.474         17.474   17.477       17.478    0.028       0.023        11793215000531  339.8548530   17.8934400        3521      2   55142.121927200         282    17.490    21.271     27.800    2.450       2.510           0      131072            0            1    11793215 
   55123.223387200        17.442        0.026        35212020010083  339.8548750   17.8934300   22h39m25.17s   17d53m36.35s      2               0    6.645019e-07         134         133         126        17.456            0.006     17.474         17.474   17.477       17.478    0.028       0.023        11811844000339  339.8548480   17.8934180        3521      2   55123.227627200         232    17.451    21.609     27.817    2.050       2.308           0      131072            0            1    11811844 
   55045.207707200        17.458        0.033        35212020010083  339.8548750   17.8934300   22h39m25.17s   17d53m36.35s      2               0    6.645019e-07         134         133         126        17.456            0.006     17.474         17.474   17.477       17.478    0.028       0.023        11857766000218  339.8548580   17.8934500        3521      2   55045.211847200         159    17.450    20.042     27.270    3.150       2.942           0      131072            0            1    11857766 
   55045.289337200        17.466        0.028        35212020010083  339.8548750   17.8934300   22h39m25.17s   17d53m36.35s      2               0    6.645019e-07         134         133         126        17.456            0.006     17.474         17.474   17.477       17.478    0.028       0.023        11857774000342  339.8548610   17.8934480        3521      2   55045.293477200         159    17.474    20.978     27.384    1.950       2.000           0      131072            0            1    11857774 
   55049.426157200        17.471        0.037        35212020010083  339.8548750   17.8934300   22h39m25.17s   17d53m36.35s      2               0    6.645019e-07         134         133         126        17.456            0.006     17.474         17.474   17.477       17.478    0.028       0.023        11863804000231  339.8548570   17.8934340        3521      2   55049.430517200         163    17.474    20.159     27.376    2.050       2.174           0      131072            0            1    11863804 
   55054.221717200        17.541        0.061        35212020010083  339.8548750   17.8934300   22h39m25.17s   17d53m36.35s      2               0    6.645019e-07         134         133         126        17.456            0.006     17.474         17.474   17.477       17.478    0.028       0.023        11868856000190  339.8548450   17.8934350        3521      2   55054.226297200         168    17.537    19.779     27.194    3.450       3.290           0      131072            0            1    11868856 
   55066.328927200        17.462        0.034        35212020010083  339.8548750   17.8934300   22h39m25.17s   17d53m36.35s      2               0    6.645019e-07         134         133         126        17.456            0.006     17.474         17.474   17.477       17.478    0.028       0.023        11884937000495  339.8548270   17.8934420        3521      2   55066.333957200         180    17.451    21.491     27.232    1.750       1.911           0      131072            0            1    11884937 
   55066.284507200        17.465        0.034        35212020010083  339.8548750   17.8934300   22h39m25.17s   17d53m36.35s      2               0    6.645019e-07         134         133         126        17.456            0.006     17.474         17.474   17.477       17.478    0.028       0.023        11884954000490  339.8548320   17.8934600        3521      2   55066.289537200         180    17.477    21.507     27.214    1.650       1.797           0      131072            0            1    11884954 
   55061.271507200        17.484        0.029        35212020010083  339.8548750   17.8934300   22h39m25.17s   17d53m36.35s      2               0    6.645019e-07         134         133         126        17.456            0.006     17.474         17.474   17.477       17.478    0.028       0.023        11894306000495  339.8548650   17.8934220        3521      2   55061.276377200         175    17.480    21.496     27.331    1.850       1.854           0      131072            0            1    11894306 
   55061.369177200        17.479        0.029        35212020010083  339.8548750   17.8934300   22h39m25.17s   17d53m36.35s      2               0    6.645019e-07         134         133         126        17.456            0.006     17.474         17.474   17.477       17.478    0.028       0.023        11894330000533  339.8548350   17.8934490        3521      2   55061.374047200         175    17.474    21.528     27.331    2.050       2.188           0      131072            0            1    11894330 
   55056.350197200        17.459        0.029        35212020010083  339.8548750   17.8934300   22h39m25.17s   17d53m36.35s      2               0    6.645019e-07         134         133         126        17.456            0.006     17.474         17.474   17.477       17.478    0.028       0.023        11900394000381  339.8548300   17.8934470        3521      2   55056.354877200         170    17.461    21.049     27.345    2.150       2.234           0      131072            0            1    11900394 
   55056.268047200        17.463        0.028        35212020010083  339.8548750   17.8934300   22h39m25.17s   17d53m36.35s      2               0    6.645019e-07         134         133         126        17.456            0.006     17.474         17.474   17.477       17.478    0.028       0.023        11900405000388  339.8548660   17.8934510        3521      2   55056.272717200         170    17.464    21.143     27.322    2.050       2.110           0      131072            0            1    11900405 
   55019.451217200        17.507        0.035        35212020010083  339.8548750   17.8934300   22h39m25.17s   17d53m36.35s      2               0    6.645019e-07         134         133         126        17.456            0.006     17.474         17.474   17.477       17.478    0.028       0.023        11910557000385  339.8548260   17.8934240        3521      2   55019.453587200         133    17.498    20.230     27.275    2.350       2.615           0      131072            0            1    11910557 
   55019.390137200        17.463        0.036        35212020010083  339.8548750   17.8934300   22h39m25.17s   17d53m36.35s      2               0    6.645019e-07         134         133         126        17.456            0.006     17.474         17.474   17.477       17.478    0.028       0.023        11910602000366  339.8548570   17.8934550        3521      2   55019.392507200         133    17.452    20.099     27.257    2.450       2.637           0      131072            0            1    11910602 
   55087.280887200        17.469        0.028        35212020010083  339.8548750   17.8934300   22h39m25.17s   17d53m36.35s      2               0    6.645019e-07         134         133         126        17.456            0.006     17.474         17.474   17.477       17.478    0.028       0.023        11916705000388  339.8548300   17.8934190        3521      2   55087.286197200         199    17.462    21.565     27.368    1.950       2.028           0      131072            0            1    11916705 
   55087.325037200        17.487        0.028        35212020010083  339.8548750   17.8934300   22h39m25.17s   17d53m36.35s      2               0    6.645019e-07         134         133         126        17.456            0.006     17.474         17.474   17.477       17.478    0.028       0.023        11916719000369  339.8548490   17.8934260        3521      2   55087.330337200         199    17.481    21.500     27.364    2.050       2.203           0      131072            0            1    11916719 
   55032.282817200        17.292        0.075        35212020010083  339.8548750   17.8934300   22h39m25.17s   17d53m36.35s      2               0    6.645019e-07         134         133         126        17.456            0.006     17.474         17.474   17.477       17.478    0.028       0.023        11956327000183  339.8548580   17.8934200        3521      2   55032.286137200         146    18.611    21.001     27.233    2.150       2.117           0      131072            0            1    11956327 
   55031.383737200        17.472        0.029        35212020010083  339.8548750   17.8934300   22h39m25.17s   17d53m36.35s      2               0    6.645019e-07         134         133         126        17.456            0.006     17.474         17.474   17.477       17.478    0.028       0.023        11957187000515  339.8548440   17.8934460        3521      2   55031.387007200         145    17.483    21.704     27.343    1.850       2.092           0      131072            0            1    11957187 
   55039.420947200        17.465        0.028        35212020010083  339.8548750   17.8934300   22h39m25.17s   17d53m36.35s      2               0    6.645019e-07         134         133         126        17.456            0.006     17.474         17.474   17.477       17.478    0.028       0.023        11985332000507  339.8548080   17.8934270        3521      2   55039.424747200         153    17.462    21.637     27.350    1.950       2.201           0      131072            0            1    11985332 
   55039.376907200        17.473        0.028        35212020010083  339.8548750   17.8934300   22h39m25.17s   17d53m36.35s      2               0    6.645019e-07         134         133         126        17.456            0.006     17.474         17.474   17.477       17.478    0.028       0.023        11985427000471  339.8548580   17.8934480        3521      2   55039.380697200         153    17.469    21.594     27.328    1.950       1.981           0      131072            0            1    11985427 
   55498.219327200        17.483        0.189        35212020010083  339.8548750   17.8934300   22h39m25.17s   17d53m36.35s      2               0    6.645019e-07         134         133         126        17.456            0.006     17.474         17.474   17.477       17.478    0.028       0.023        12782245000422  339.8548850   17.8934330        3521      2   55498.222967200         593    17.707    21.162     27.652    2.050       2.112           0      131072            0            1    12782245 
   55498.274697200        17.486        0.188        35212020010083  339.8548750   17.8934300   22h39m25.17s   17d53m36.35s      2               0    6.645019e-07         134         133         126        17.456            0.006     17.474         17.474   17.477       17.478    0.028       0.023        12782586000486  339.8548800   17.8934360        3521      2   55498.278327200         593    17.318    21.169     27.552    1.950       2.122           0      131072            0            1    12782586 
   55458.418447200        17.483        0.031        35212020010083  339.8548750   17.8934300   22h39m25.17s   17d53m36.35s      2               0    6.645019e-07         134         133         126        17.456            0.006     17.474         17.474   17.477       17.478    0.028       0.023        12794034000431  339.8548860   17.8934350        3521      2   55458.423707200         553    17.478    20.964     27.710    2.250       2.249           0      131072            0            1    12794034 
   55458.351667200        17.455        0.031        35212020010083  339.8548750   17.8934300   22h39m25.17s   17d53m36.35s      2               0    6.645019e-07         134         133         126        17.456            0.006     17.474         17.474   17.477       17.478    0.028       0.023        12794190000373  339.8548810   17.8934400        3521      2   55458.356927200         553    17.452    20.868     27.733    2.150       2.385           0      131072            0            1    12794190 
   55480.170497200        17.481        0.026        35212020010083  339.8548750   17.8934300   22h39m25.17s   17d53m36.35s      2               0    6.645019e-07         134         133         126        17.456            0.006     17.474         17.474   17.477       17.478    0.028       0.023        12805692000573  339.8548740   17.8934380        3521      2   55480.175147200         574    17.485    21.402     27.722    2.150       2.237           0      131072            0            1    12805692 
   55480.128187200        17.469        0.026        35212020010083  339.8548750   17.8934300   22h39m25.17s   17d53m36.35s      2               0    6.645019e-07         134         133         126        17.456            0.006     17.474         17.474   17.477       17.478    0.028       0.023        12805707000532  339.8548820   17.8934310        3521      2   55480.132837200         574    17.478    21.447     27.700    2.050       2.087           0      131072            0            1    12805707 
   56202.157977200        17.433        0.031        35212020010083  339.8548750   17.8934300   22h39m25.17s   17d53m36.35s      2               0    6.645019e-07         134         133         126        17.456            0.006     17.474         17.474   17.477       17.478    0.028       0.023        14272501000298  339.8549340   17.8934430        3521      2   56202.162947200        1299    17.452    20.711     27.738    1.950       2.087           0      131072            0            1    14272501 
   56202.128807200        17.473        0.031        35212020010083  339.8548750   17.8934300   22h39m25.17s   17d53m36.35s      2               0    6.645019e-07         134         133         126        17.456            0.006     17.474         17.474   17.477       17.478    0.028       0.023        14272504000304  339.8549360   17.8934250        3521      2   56202.133787200        1299    17.487    20.574     27.724    2.250       2.259           0      131072            0            1    14272504 
   56202.187427200        17.490        0.031        35212020010083  339.8548750   17.8934300   22h39m25.17s   17d53m36.35s      2               0    6.645019e-07         134         133         126        17.456            0.006     17.474         17.474   17.477       17.478    0.028       0.023        14272537000310  339.8549230   17.8934330        3521      2   56202.192407200        1299    17.495    20.624     27.747    2.250       2.494           0      131072            0            1    14272537 
   56204.112797200        17.465        0.271        35212020010083  339.8548750   17.8934300   22h39m25.17s   17d53m36.35s      2               0    6.645019e-07         134         133         126        17.456            0.006     17.474         17.474   17.477       17.478    0.028       0.023        14313586000212  339.8549430   17.8934420        3521      2   56204.117707200        1301    18.200    20.554     27.530    2.650       2.902           0      131072            0            1    14313586 
   56204.143157200        17.457        0.270        35212020010083  339.8548750   17.8934300   22h39m25.17s   17d53m36.35s      2               0    6.645019e-07         134         133         126        17.456            0.006     17.474         17.474   17.477       17.478    0.028       0.023        14313609000309  339.8549270   17.8934430        3521      2   56204.148067200        1301    17.754    20.900     27.522    2.250       2.460           0      131072            0            1    14313609 
   56204.173637200        17.460        0.269        35212020010083  339.8548750   17.8934300   22h39m25.17s   17d53m36.35s      2               0    6.645019e-07         134         133         126        17.456            0.006     17.474         17.474   17.477       17.478    0.028       0.023        14313634000389  339.8549310   17.8934330        3521      2   56204.178537200        1301    17.198    20.760     27.448    2.450       2.487           0      131072            0            1    14313634 
   56206.149307200        17.462        0.069        35212020010083  339.8548750   17.8934300   22h39m25.17s   17d53m36.35s      2               0    6.645019e-07         134         133         126        17.456            0.006     17.474         17.474   17.477       17.478    0.028       0.023        14339761000510  339.8549310   17.8934300        3521      2   56206.154137200        1303    17.477    21.497     27.769    2.250       2.319           0      131072            0            1    14339761 
   56206.179597200        17.452        0.069        35212020010083  339.8548750   17.8934300   22h39m25.17s   17d53m36.35s      2               0    6.645019e-07         134         133         126        17.456            0.006     17.474         17.474   17.477       17.478    0.028       0.023        14339791000506  339.8549230   17.8934250        3521      2   56206.184427200        1303    17.489    21.660     27.799    2.050       2.057           0      131072            0            1    14339791 
   56228.184547200        17.497        0.032        35212020010083  339.8548750   17.8934300   22h39m25.17s   17d53m36.35s      2               0    6.645019e-07         134         133         126        17.456            0.006     17.474         17.474   17.477       17.478    0.028       0.023        14451022000320  339.8549210   17.8934330        3521      2   56228.188217200        1315    17.485    20.592     27.749    2.250       2.557           0      131072            0            1    14451022 
   56228.215327200        17.490        0.034        35212020010083  339.8548750   17.8934300   22h39m25.17s   17d53m36.35s      2               0    6.645019e-07         134         133         126        17.456            0.006     17.474         17.474   17.477       17.478    0.028       0.023        14451038000265  339.8549380   17.8934290        3521      2   56228.218997200        1315    17.493    20.496     27.745    2.350       2.564           0      131072            0            1    14451038 
   56230.249197200        17.460        0.033        35212020010083  339.8548750   17.8934300   22h39m25.17s   17d53m36.35s      2               0    6.645019e-07         134         133         126        17.456            0.006     17.474         17.474   17.477       17.478    0.028       0.023        14486886000289  339.8549230   17.8934290        3521      2   56230.252737200        1317    17.472    20.503     27.739    2.050       2.237           0      131072            0            1    14486886 
   56234.212917200        17.501        0.046        35212020010083  339.8548750   17.8934300   22h39m25.17s   17d53m36.35s      2               0    6.645019e-07         134         133         126        17.456            0.006     17.474         17.474   17.477       17.478    0.028       0.023        14496048000382  339.8549360   17.8934370        3521      2   56234.216167200        1321    17.479    20.989     27.716    2.450       2.566           0      131072            0            1    14496048 
   56234.244177200        17.457        0.046        35212020010083  339.8548750   17.8934300   22h39m25.17s   17d53m36.35s      2               0    6.645019e-07         134         133         126        17.456            0.006     17.474         17.474   17.477       17.478    0.028       0.023        14496063000369  339.8549290   17.8934270        3521      2   56234.247427200        1321    17.427    20.865     27.700    2.550       2.648           0      131072            0            1    14496063 
   56236.145687200        17.479        0.028        35212020010083  339.8548750   17.8934300   22h39m25.17s   17d53m36.35s      2               0    6.645019e-07         134         133         126        17.456            0.006     17.474         17.474   17.477       17.478    0.028       0.023        14529361000436  339.8549280   17.8934210        3521      2   56236.148787200        1323    17.482    21.382     27.760    2.350       2.504           0      131072            0            1    14529361 
   56238.121187200        17.480        0.026        35212020010083  339.8548750   17.8934300   22h39m25.17s   17d53m36.35s      2               0    6.645019e-07         134         133         126        17.456            0.006     17.474         17.474   17.477       17.478    0.028       0.023        14571102000438  339.8549310   17.8934250        3521      2   56238.124147200        1325    17.487    21.470     27.754    2.050       2.247           0      131072            0            1    14571102 
   56238.091697200        17.486        0.026        35212020010083  339.8548750   17.8934300   22h39m25.17s   17d53m36.35s      2               0    6.645019e-07         134         133         126        17.456            0.006     17.474         17.474   17.477       17.478    0.028       0.023        14571124000429  339.8549290   17.8934350        3521      2   56238.094657200        1325    17.489    21.367     27.748    2.150       2.222           0      131072            0            1    14571124 
   56232.228407200        17.487        0.069        35212020010083  339.8548750   17.8934300   22h39m25.17s   17d53m36.35s      2               0    6.645019e-07         134         133         126        17.456            0.006     17.474         17.474   17.477       17.478    0.028       0.023        14645841000332  339.8549320   17.8934210        3521      2   56232.231797200        1319    17.432    20.967     27.691    2.050       2.243           0      131072            0            1    14645841 
   56251.084597200        17.474        0.026        35212020010083  339.8548750   17.8934300   22h39m25.17s   17d53m36.35s      2               0    6.645019e-07         134         133         126        17.456            0.006     17.474         17.474   17.477       17.478    0.028       0.023        14654891000399  339.8549260   17.8934330        3521      2   56251.086477200        1338    17.484    21.218     27.770    2.050       2.027           0      131072            0            1    14654891 
   56251.114167200        17.474        0.027        35212020010083  339.8548750   17.8934300   22h39m25.17s   17d53m36.35s      2               0    6.645019e-07         134         133         126        17.456            0.006     17.474         17.474   17.477       17.478    0.028       0.023        14654901000363  339.8549300   17.8934230        3521      2   56251.116047200        1338    17.483    20.878     27.771    2.850       2.693           0      131072            0            1    14654901 
   56255.081677200        17.486        0.030        35212020010083  339.8548750   17.8934300   22h39m25.17s   17d53m36.35s      2               0    6.645019e-07         134         133         126        17.456            0.006     17.474         17.474   17.477       17.478    0.028       0.023        14696593000293  339.8549310   17.8934230        3521      2   56255.083207200        1342    17.480    20.547     27.765    2.650       2.803           0      131072            0            1    14696593 
   56255.112127200        17.525        0.032        35212020010083  339.8548750   17.8934300   22h39m25.17s   17d53m36.35s      2               0    6.645019e-07         134         133         126        17.456            0.006     17.474         17.474   17.477       17.478    0.028       0.023        14696621000252  339.8549290   17.8934440        3521      2   56255.113657200        1342    17.538    20.356     27.769    3.350       3.670           0      131072            0            1    14696621 
   56267.144527200        17.475        0.219        35212020010083  339.8548750   17.8934300   22h39m25.17s   17d53m36.35s      2               0    6.645019e-07         134         133         126        17.456            0.006     17.474         17.474   17.477       17.478    0.028       0.023        14758872000400  339.8549320   17.8934350        3521      2   56267.144947200        1354    17.504    21.042     27.619    2.350       2.508           0      131072            0            1    14758872 
   56267.186597200        17.480        0.219        35212020010083  339.8548750   17.8934300   22h39m25.17s   17d53m36.35s      2               0    6.645019e-07         134         133         126        17.456            0.006     17.474         17.474   17.477       17.478    0.028       0.023        14758895000383  339.8549320   17.8934180        3521      2   56267.187007200        1354    17.521    21.037     27.558    2.050       2.104           0      131072            0            1    14758895 
   56265.173377200        17.496        0.236        35212020010083  339.8548750   17.8934300   22h39m25.17s   17d53m36.35s      2               0    6.645019e-07         134         133         126        17.456            0.006     17.474         17.474   17.477       17.478    0.028       0.023        14767655000307  339.8549330   17.8934330        3521      2   56265.173987200        1352    17.690    21.003     27.503    2.250       2.347           0      131072            0            1    14767655 
   56265.143887200        17.495        0.235        35212020010083  339.8548750   17.8934300   22h39m25.17s   17d53m36.35s      2               0    6.645019e-07         134         133         126        17.456            0.006     17.474         17.474   17.477       17.478    0.028       0.023        14767665000425  339.8549240   17.8934340        3521      2   56265.144497200        1352    17.437    21.441     27.660    2.250       2.341           0      131074            0            1    14767665 
   56271.223777200        17.512        0.041        35212020010083  339.8548750   17.8934300   22h39m25.17s   17d53m36.35s      2               0    6.645019e-07         134         133         126        17.456            0.006     17.474         17.474   17.477       17.478    0.028       0.023        14805507000285  339.8549400   17.8934310        3521      2   56271.223807200        1358    17.498    20.530     27.634    3.550       3.740           0      131072            0            1    14805507 
   56257.088927200        17.498        0.030        35212020010083  339.8548750   17.8934300   22h39m25.17s   17d53m36.35s      2               0    6.645019e-07         134         133         126        17.456            0.006     17.474         17.474   17.477       17.478    0.028       0.023        15702442000313  339.8549340   17.8934210        3521      2   56257.090267200        1344    17.492    20.562     27.748    2.650       3.049           0      131072            0            1    15702442 
   56257.119777200        17.479        0.029        35212020010083  339.8548750   17.8934300   22h39m25.17s   17d53m36.35s      2               0    6.645019e-07         134         133         126        17.456            0.006     17.474         17.474   17.477       17.478    0.028       0.023        15702461000301  339.8549330   17.8934260        3521      2   56257.121127200        1344    17.472    20.735     27.752    2.250       2.477           0      131072            0            1    15702461 
   56911.286797200        17.469        0.037        35212020010083  339.8548750   17.8934300   22h39m25.17s   17d53m36.35s      2               0    6.645019e-07         134         133         126        17.456            0.006     17.474         17.474   17.477       17.478    0.028       0.023        21288198000291  339.8549530   17.8934060        3521      2   56911.292097200        1975    17.439    20.447     27.657    2.350       2.626           0      131072            0            1    21288198 
