   55783.493537200        18.858        0.048        35212000003542  338.8822730   17.1844860   22h35m31.75s   17d11m04.15s      2               0    9.518027e-07         132         130         115        18.894            0.010     18.943         18.939   18.960       18.955    0.089       0.086        10358489004861  338.8822150   17.1845050        3521      0   55783.498077200         881    18.866    21.705     27.985    2.150       4.168           0      131072            0            1    10358489 
   55783.450517200        18.922        0.046        35212000003542  338.8822730   17.1844860   22h35m31.75s   17d11m04.15s      2               0    9.518027e-07         132         130         115        18.894            0.010     18.943         18.939   18.960       18.955    0.089       0.086        10358546005349  338.8822750   17.1845060        3521      0   55783.455047200         881    18.919    21.903     27.997    2.050       4.207           0      131072            0            1    10358546 
   55794.417557200        19.092        0.166        35212000003542  338.8822730   17.1844860   22h35m31.75s   17d11m04.15s      2               0    9.518027e-07         132         130         115        18.894            0.010     18.943         18.939   18.960       18.955    0.089       0.086        10381024002578  338.8821890   17.1845170        3521      0   55794.422517200         892    19.648    20.936     27.868    2.150       5.816           0      131072            0            1    10381024 
   55821.364667200        19.090        0.069        35212000003542  338.8822730   17.1844860   22h35m31.75s   17d11m04.15s      2               0    9.518027e-07         132         130         115        18.894            0.010     18.943         18.939   18.960       18.955    0.089       0.086        10510320003558  338.8822660   17.1844920        3521      0   55821.369947200         919    19.106    21.077     27.975    2.050       3.713           0      131072            0            1    10510320 
   55821.319317200        18.985        0.064        35212000003542  338.8822730   17.1844860   22h35m31.75s   17d11m04.15s      2               0    9.518027e-07         132         130         115        18.894            0.010     18.943         18.939   18.960       18.955    0.089       0.086        10510348003665  338.8823270   17.1844420        3521      0   55821.324607200         919    18.998    21.065     27.984    2.250       4.069           0      131072            0            1    10510348 
   55471.200687200        18.932        0.046        35212000003542  338.8822730   17.1844860   22h35m31.75s   17d11m04.15s      2               0    9.518027e-07         132         130         115        18.894            0.010     18.943         18.939   18.960       18.955    0.089       0.086        10798349005019  338.8822300   17.1845070        3521      0   55471.205667200         562    18.944    21.790     28.105    2.050       4.849           0      131072            0            1    10798349 
   55471.244407200        18.917        0.048        35212000003542  338.8822730   17.1844860   22h35m31.75s   17d11m04.15s      2               0    9.518027e-07         132         130         115        18.894            0.010     18.943         18.939   18.960       18.955    0.089       0.086        10798441005023  338.8822580   17.1845140        3521      0   55471.249397200         562    18.922    21.787     28.100    2.050       3.879           0      131072            0            1    10798441 
   55483.166527200        18.955        0.047        35212000003542  338.8822730   17.1844860   22h35m31.75s   17d11m04.15s      2               0    9.518027e-07         132         130         115        18.894            0.010     18.943         18.939   18.960       18.955    0.089       0.086        10855740004703  338.8822520   17.1844930        3521      0   55483.171037200         577    18.965    21.728     28.088    1.850       4.431           0      131072            0            1    10855740 
   55483.122857200        18.905        0.051        35212000003542  338.8822730   17.1844860   22h35m31.75s   17d11m04.15s      2               0    9.518027e-07         132         130         115        18.894            0.010     18.943         18.939   18.960       18.955    0.089       0.086        10855795004454  338.8822760   17.1845160        3521      0   55483.127367200         577    18.907    21.553     28.070    2.050       4.568           0      131072            0            1    10855795 
   55443.230767200        18.864        0.043        35212000003542  338.8822730   17.1844860   22h35m31.75s   17d11m04.15s      2               0    9.518027e-07         132         130         115        18.894            0.010     18.943         18.939   18.960       18.955    0.089       0.086        10908450005071  338.8822630   17.1845000        3521      0   55443.236027200         538    18.860    21.793     28.080    2.050       4.311           0      131072            0            1    10908450 
   55446.312747200        18.890        0.049        35212000003542  338.8822730   17.1844860   22h35m31.75s   17d11m04.15s      2               0    9.518027e-07         132         130         115        18.894            0.010     18.943         18.939   18.960       18.955    0.089       0.086        10913466005593  338.8822320   17.1844860        3521      0   55446.318037200         541    18.894    22.087     28.095    1.750       3.741           0      131072            0            1    10913466 
   55446.269397200        18.929        0.050        35212000003542  338.8822730   17.1844860   22h35m31.75s   17d11m04.15s      2               0    9.518027e-07         132         130         115        18.894            0.010     18.943         18.939   18.960       18.955    0.089       0.086        10913512005370  338.8822590   17.1845010        3521      0   55446.274687200         541    18.934    22.005     28.092    1.850       4.611           0      131072            0            1    10913512 
   55452.163847200        18.906        0.048        35212000003542  338.8822730   17.1844860   22h35m31.75s   17d11m04.15s      2               0    9.518027e-07         132         130         115        18.894            0.010     18.943         18.939   18.960       18.955    0.089       0.086        10932610005544  338.8822810   17.1844860        3521      0   55452.169147200         547    18.913    21.521     28.086    2.050       4.293           0      131072            0            1    10932610 
   55452.206587200        18.880        0.044        35212000003542  338.8822730   17.1844860   22h35m31.75s   17d11m04.15s      2               0    9.518027e-07         132         130         115        18.894            0.010     18.943         18.939   18.960       18.955    0.089       0.086        10932723004811  338.8822380   17.1845030        3521      0   55452.211887200         547    18.888    21.724     28.102    2.050       3.976           0      131072            0            1    10932723 
   55467.310857200        19.020        0.074        35212000003542  338.8822730   17.1844860   22h35m31.75s   17d11m04.15s      2               0    9.518027e-07         132         130         115        18.894            0.010     18.943         18.939   18.960       18.955    0.089       0.086        11077739004051  338.8822960   17.1844620        3521      0   55467.315957200         560    19.018    21.316     28.072    2.050       4.095           0      131072            0            1    11077739 
   55468.221587200        18.962        0.190        35212000003542  338.8822730   17.1844860   22h35m31.75s   17d11m04.15s      2               0    9.518027e-07         132         130         115        18.894            0.010     18.943         18.939   18.960       18.955    0.089       0.086        11078422004627  338.8822300   17.1844840        3521      0   55468.226657200         558    18.999    21.652     28.153    2.050       4.045           0      131072            0            1    11078422 
   55416.200397200        19.172        0.209        35212000003542  338.8822730   17.1844860   22h35m31.75s   17d11m04.15s      2               0    9.518027e-07         132         130         115        18.894            0.010     18.943         18.939   18.960       18.955    0.089       0.086        11121847002754  338.8822000   17.1845540        3521      0   55416.204827200         515    19.229    20.536     26.894    3.150       4.871           0      131072            0            1    11121847 
   55416.243347200        19.084        0.204        35212000003542  338.8822730   17.1844860   22h35m31.75s   17d11m04.15s      2               0    9.518027e-07         132         130         115        18.894            0.010     18.943         18.939   18.960       18.955    0.089       0.086        11121985004233  338.8823080   17.1844400        3521      0   55416.247777200         515    19.216    21.001     27.109    2.750       3.948           0      131072            0            1    11121985 
   55422.369597200        18.902        0.040        35212000003542  338.8822730   17.1844860   22h35m31.75s   17d11m04.15s      2               0    9.518027e-07         132         130         115        18.894            0.010     18.943         18.939   18.960       18.955    0.089       0.086        11149623005534  338.8822690   17.1844910        3521      0   55422.374307200         521    18.896    22.020     28.119    2.050       4.191           0      131072            0            1    11149623 
   55422.414337200        18.852        0.040        35212000003542  338.8822730   17.1844860   22h35m31.75s   17d11m04.15s      2               0    9.518027e-07         132         130         115        18.894            0.010     18.943         18.939   18.960       18.955    0.089       0.086        11149774005440  338.8822330   17.1845040        3521      0   55422.419057200         521    18.850    21.946     28.117    2.150       4.002           0      131072            0            1    11149774 
   55429.226357200        18.969        0.065        35212000003542  338.8822730   17.1844860   22h35m31.75s   17d11m04.15s      2               0    9.518027e-07         132         130         115        18.894            0.010     18.943         18.939   18.960       18.955    0.089       0.086        11200816004598  338.8822770   17.1845050        3521      0   55429.231317200         528    18.968    21.110     28.061    1.950       3.973           0      131072            0            1    11200816 
   55429.183207200        19.073        0.073        35212000003542  338.8822730   17.1844860   22h35m31.75s   17d11m04.15s      2               0    9.518027e-07         132         130         115        18.894            0.010     18.943         18.939   18.960       18.955    0.089       0.086        11201013003288  338.8822780   17.1844750        3521      0   55429.188167200         528    19.065    20.807     28.009    2.150       5.086           0      131072            0            1    11201013 
   55436.224917200        18.958        0.083        35212000003542  338.8822730   17.1844860   22h35m31.75s   17d11m04.15s      2               0    9.518027e-07         132         130         115        18.894            0.010     18.943         18.939   18.960       18.955    0.089       0.086        11207843003609  338.8821520   17.1844870        3521      0   55436.230067200         609    18.950    20.701     28.064    2.350       4.517           0      131072            0            1    11207843 
   55436.176617200        18.872        0.083        35212000003542  338.8822730   17.1844860   22h35m31.75s   17d11m04.15s      2               0    9.518027e-07         132         130         115        18.894            0.010     18.943         18.939   18.960       18.955    0.089       0.086        11208062003161  338.8822230   17.1845400        3521      0   55436.181767200         609    18.854    20.521     28.014    2.650       7.379           0      131072            0            1    11208062 
   55426.169847200        19.015        0.093        35212000003542  338.8822730   17.1844860   22h35m31.75s   17d11m04.15s      2               0    9.518027e-07         132         130         115        18.894            0.010     18.943         18.939   18.960       18.955    0.089       0.086        11224126003096  338.8821650   17.1845550        3521      0   55426.174707200         525    18.911    20.468     27.812    3.150       5.596           0      131072            0            1    11224126 
   55439.224367200        18.876        0.046        35212000003542  338.8822730   17.1844860   22h35m31.75s   17d11m04.15s      2               0    9.518027e-07         132         130         115        18.894            0.010     18.943         18.939   18.960       18.955    0.089       0.086        11225283004698  338.8822550   17.1844880        3521      0   55439.229567200         534    18.873    21.655     28.073    1.950       4.018           0      131072            0            1    11225283 
   55439.179857200        18.947        0.050        35212000003542  338.8822730   17.1844860   22h35m31.75s   17d11m04.15s      2               0    9.518027e-07         132         130         115        18.894            0.010     18.943         18.939   18.960       18.955    0.089       0.086        11225325004500  338.8822800   17.1844780        3521      0   55439.185067200         534    18.938    21.500     28.031    2.250       4.483           0      131072            0            1    11225325 
   55382.429197200        19.014        0.047        35212000003542  338.8822730   17.1844860   22h35m31.75s   17d11m04.15s      2               0    9.518027e-07         132         130         115        18.894            0.010     18.943         18.939   18.960       18.955    0.089       0.086        11241165004683  338.8822150   17.1844700        3521      0   55382.431397200         481    19.023    21.602     28.120    2.150       3.715           0      131072            0            1    11241165 
   55382.386187200        18.910        0.049        35212000003542  338.8822730   17.1844860   22h35m31.75s   17d11m04.15s      2               0    9.518027e-07         132         130         115        18.894            0.010     18.943         18.939   18.960       18.955    0.089       0.086        11241179004475  338.8822750   17.1844760        3521      0   55382.388377200         481    18.920    21.482     28.107    2.250       3.928           0      131072            0            1    11241179 
   55387.460507200        19.002        0.194        35212000003542  338.8822730   17.1844860   22h35m31.75s   17d11m04.15s      2               0    9.518027e-07         132         130         115        18.894            0.010     18.943         18.939   18.960       18.955    0.089       0.086        11261130005116  338.8823040   17.1844930        3521      0   55387.463097200         486    18.774    21.575     27.831    2.250       3.975           0      131072            0            1    11261130 
   55387.412087200        18.910        0.193        35212000003542  338.8822730   17.1844860   22h35m31.75s   17d11m04.15s      2               0    9.518027e-07         132         130         115        18.894            0.010     18.943         18.939   18.960       18.955    0.089       0.086        11261216005798  338.8823080   17.1844970        3521      0   55387.414667200         486    18.790    22.015     27.935    1.850       3.910           0      131072            0            1    11261216 
   55349.467407200        19.111        0.082        35212000003542  338.8822730   17.1844860   22h35m31.75s   17d11m04.15s      2               0    9.518027e-07         132         130         115        18.894            0.010     18.943         18.939   18.960       18.955    0.089       0.086        11335384003670  338.8822470   17.1845020        3521      0   55349.466757200         449    19.135    21.046     28.119    2.350       4.629           0      131072            0            1    11335384 
   55364.433677200        18.920        0.046        35212000003542  338.8822730   17.1844860   22h35m31.75s   17d11m04.15s      2               0    9.518027e-07         132         130         115        18.894            0.010     18.943         18.939   18.960       18.955    0.089       0.086        11389733004815  338.8822560   17.1844650        3521      0   55364.434347200         463    18.918    21.705     28.113    2.350       3.990           0      131072            0            1    11389733 
   55364.386147200        18.923        0.049        35212000003542  338.8822730   17.1844860   22h35m31.75s   17d11m04.15s      2               0    9.518027e-07         132         130         115        18.894            0.010     18.943         18.939   18.960       18.955    0.089       0.086        11389735004610  338.8822050   17.1845090        3521      0   55364.386807200         463    18.910    21.559     28.077    2.450       4.278           0      131072            0            1    11389735 
   55419.358367200        18.948        0.268        35212000003542  338.8822730   17.1844860   22h35m31.75s   17d11m04.15s      2               0    9.518027e-07         132         130         115        18.894            0.010     18.943         18.939   18.960       18.955    0.089       0.086        11395185004072  338.8822780   17.1844810        3521      0   55419.362947200         518    18.766    21.159     27.092    2.250       4.662           0      131072            0            1    11395185 
   55419.401647200        18.960        0.269        35212000003542  338.8822730   17.1844860   22h35m31.75s   17d11m04.15s      2               0    9.518027e-07         132         130         115        18.894            0.010     18.943         18.939   18.960       18.955    0.089       0.086        11395348003818  338.8822390   17.1845480        3521      0   55419.406227200         518    18.892    21.146     27.110    2.450       4.968           0      131072            0            1    11395348 
   55369.460177200        18.912        0.044        35212000003542  338.8822730   17.1844860   22h35m31.75s   17d11m04.15s      2               0    9.518027e-07         132         130         115        18.894            0.010     18.943         18.939   18.960       18.955    0.089       0.086        11410009005264  338.8822790   17.1844670        3521      0   55369.461277200         468    18.923    21.929     28.128    1.950       3.961           0      131072            0            1    11410009 
   55372.400097200        18.994        0.064        35212000003542  338.8822730   17.1844860   22h35m31.75s   17d11m04.15s      2               0    9.518027e-07         132         130         115        18.894            0.010     18.943         18.939   18.960       18.955    0.089       0.086        11411275003581  338.8822700   17.1844500        3521      0   55372.401447200         471    18.992    21.105     28.109    2.050       3.618           0      131072            0            1    11411275 
   55372.356507200        19.024        0.078        35212000003542  338.8822730   17.1844860   22h35m31.75s   17d11m04.15s      2               0    9.518027e-07         132         130         115        18.894            0.010     18.943         18.939   18.960       18.955    0.089       0.086        11411338003140  338.8822740   17.1844940        3521      0   55372.357857200         471    19.018    20.704     28.076    2.550       4.709           0      131072            0            1    11411338 
   55371.453437200        18.996        0.044        35212000003542  338.8822730   17.1844860   22h35m31.75s   17d11m04.15s      2               0    9.518027e-07         132         130         115        18.894            0.010     18.943         18.939   18.960       18.955    0.089       0.086        11414051004873  338.8823250   17.1844560        3521      0   55371.454717200         470    19.005    21.697     28.145    2.050       4.082           0    12713984            0            1    11414051 
   55370.457827200        18.895        0.040        35212000003542  338.8822730   17.1844860   22h35m31.75s   17d11m04.15s      2               0    9.518027e-07         132         130         115        18.894            0.010     18.943         18.939   18.960       18.955    0.089       0.086        11416228005264  338.8822770   17.1844640        3521      0   55370.459017200         469    18.913    21.953     28.145    2.050       4.102           0      131072            0            1    11416228 
   55377.357017200        19.129        0.080        35212000003542  338.8822730   17.1844860   22h35m31.75s   17d11m04.15s      2               0    9.518027e-07         132         130         115        18.894            0.010     18.943         18.939   18.960       18.955    0.089       0.086        11430718003199  338.8822580   17.1844900        3521      0   55377.358787200         476    19.125    20.808     28.065    2.350       4.940           0      131072            0            1    11430718 
   55377.401227200        18.917        0.066        35212000003542  338.8822730   17.1844860   22h35m31.75s   17d11m04.15s      2               0    9.518027e-07         132         130         115        18.894            0.010     18.943         18.939   18.960       18.955    0.089       0.086        11430750004206  338.8823120   17.1844930        3521      0   55377.403007200         476    18.916    20.885     28.089    2.350       3.612           0      131072            0            1    11430750 
   55137.187677200        18.977        0.078        35212000003542  338.8822730   17.1844860   22h35m31.75s   17d11m04.15s      2               0    9.518027e-07         132         130         115        18.894            0.010     18.943         18.939   18.960       18.955    0.089       0.086        11786718002918  338.8821580   17.1844760        3521      0   55137.191017200         244    18.969    20.605     28.148    2.450       4.155           0      131072            0            1    11786718 
   55138.179157200        19.092        0.090        35212000003542  338.8822730   17.1844860   22h35m31.75s   17d11m04.15s      2               0    9.518027e-07         132         130         115        18.894            0.010     18.943         18.939   18.960       18.955    0.089       0.086        11790096003049  338.8822280   17.1844440        3521      0   55138.182427200         245    19.072    20.574     28.132    2.650       6.126           0      131072            0            1    11790096 
   55142.163267200        18.929        0.047        35212000003542  338.8822730   17.1844860   22h35m31.75s   17d11m04.15s      2               0    9.518027e-07         132         130         115        18.894            0.010     18.943         18.939   18.960       18.955    0.089       0.086        11794238004641  338.8822550   17.1844560        3521      0   55142.166237200         282    18.922    21.612     28.151    2.250       3.672           0      131072            0            1    11794238 
   55142.118957200        18.911        0.049        35212000003542  338.8822730   17.1844860   22h35m31.75s   17d11m04.15s      2               0    9.518027e-07         132         130         115        18.894            0.010     18.943         18.939   18.960       18.955    0.089       0.086        11794342004375  338.8822560   17.1844800        3521      0   55142.121927200         282    18.907    21.467     28.147    2.450       4.096           0      131072            0            1    11794342 
   55123.223387200        18.974        0.049        35212000003542  338.8822730   17.1844860   22h35m31.75s   17d11m04.15s      2               0    9.518027e-07         132         130         115        18.894            0.010     18.943         18.939   18.960       18.955    0.089       0.086        11812691004098  338.8822510   17.1845350        3521      0   55123.227627200         232    18.983    21.712     28.179    2.150       4.146           0      131072            0            1    11812691 
   55045.207707200        18.986        0.078        35212000003542  338.8822730   17.1844860   22h35m31.75s   17d11m04.15s      2               0    9.518027e-07         132         130         115        18.894            0.010     18.943         18.939   18.960       18.955    0.089       0.086        11858039002625  338.8821690   17.1844870        3521      0   55045.211847200         159    18.968    20.316     27.619    2.950       4.882           0      131072            0            1    11858039 
   55045.289337200        18.924        0.057        35212000003542  338.8822730   17.1844860   22h35m31.75s   17d11m04.15s      2               0    9.518027e-07         132         130         115        18.894            0.010     18.943         18.939   18.960       18.955    0.089       0.086        11858047003550  338.8822350   17.1844970        3521      0   55045.293477200         159    18.927    21.116     27.734    2.050       4.663           0      131072            0            1    11858047 
   55049.426157200        18.867        0.082        35212000003542  338.8822730   17.1844860   22h35m31.75s   17d11m04.15s      2               0    9.518027e-07         132         130         115        18.894            0.010     18.943         18.939   18.960       18.955    0.089       0.086        11863107002510  338.8822870   17.1845140        3521      0   55049.430517200         163    18.868    20.334     27.735    2.150       5.455           0      131072            0            1    11863107 
   55054.221717200        19.284        0.104        35212000003542  338.8822730   17.1844860   22h35m31.75s   17d11m04.15s      2               0    9.518027e-07         132         130         115        18.894            0.010     18.943         18.939   18.960       18.955    0.089       0.086        11869744002340  338.8822220   17.1845510        3521      0   55054.226297200         168    19.250    20.092     27.557    3.350       4.235           0      131072            0            1    11869744 
   55066.328927200        18.889        0.042        35212000003542  338.8822730   17.1844860   22h35m31.75s   17d11m04.15s      2               0    9.518027e-07         132         130         115        18.894            0.010     18.943         18.939   18.960       18.955    0.089       0.086        11884044004999  338.8823020   17.1844890        3521      0   55066.333957200         180    18.875    21.846     27.684    1.850       4.176           0      131072            0            1    11884044 
   55066.284507200        18.911        0.043        35212000003542  338.8822730   17.1844860   22h35m31.75s   17d11m04.15s      2               0    9.518027e-07         132         130         115        18.894            0.010     18.943         18.939   18.960       18.955    0.089       0.086        11884061004907  338.8822840   17.1845250        3521      0   55066.289537200         180    18.920    21.919     27.663    1.650       4.482           0      131072            0            1    11884061 
   55061.271507200        18.910        0.040        35212000003542  338.8822730   17.1844860   22h35m31.75s   17d11m04.15s      2               0    9.518027e-07         132         130         115        18.894            0.010     18.943         18.939   18.960       18.955    0.089       0.086        11893490004805  338.8822630   17.1845020        3521      0   55061.276377200         175    18.909    21.781     27.751    1.950       4.476           0      131072            0            1    11893490 
   55061.369177200        18.887        0.039        35212000003542  338.8822730   17.1844860   22h35m31.75s   17d11m04.15s      2               0    9.518027e-07         132         130         115        18.894            0.010     18.943         18.939   18.960       18.955    0.089       0.086        11893514005039  338.8822640   17.1845400        3521      0   55061.374047200         175    18.885    21.818     27.752    2.150       3.684           0     2228224            0            1    11893514 
   55056.350197200        18.962        0.048        35212000003542  338.8822730   17.1844860   22h35m31.75s   17d11m04.15s      2               0    9.518027e-07         132         130         115        18.894            0.010     18.943         18.939   18.960       18.955    0.089       0.086        11899269004035  338.8822420   17.1845110        3521      0   55056.354877200         170    18.964    21.347     27.740    2.150       4.286           0      131072            0            1    11899269 
   55056.268047200        18.942        0.047        35212000003542  338.8822730   17.1844860   22h35m31.75s   17d11m04.15s      2               0    9.518027e-07         132         130         115        18.894            0.010     18.943         18.939   18.960       18.955    0.089       0.086        11899280004137  338.8823080   17.1844700        3521      0   55056.272717200         170    18.939    21.401     27.715    2.150       4.260           0      131072            0            1    11899280 
   55087.280887200        18.913        0.039        35212000003542  338.8822730   17.1844860   22h35m31.75s   17d11m04.15s      2               0    9.518027e-07         132         130         115        18.894            0.010     18.943         18.939   18.960       18.955    0.089       0.086        11918661004900  338.8822850   17.1844870        3521      0   55087.286197200         199    18.917    21.826     27.752    1.950       3.932           0      131072            0            1    11918661 
   55087.325037200        18.881        0.039        35212000003542  338.8822730   17.1844860   22h35m31.75s   17d11m04.15s      2               0    9.518027e-07         132         130         115        18.894            0.010     18.943         18.939   18.960       18.955    0.089       0.086        11918675004638  338.8822880   17.1844790        3521      0   55087.330337200         199    18.891    21.702     27.752    2.150       3.672           0      131072            0            1    11918675 
   55019.451217200        19.058        0.084        35212000003542  338.8822730   17.1844860   22h35m31.75s   17d11m04.15s      2               0    9.518027e-07         132         130         115        18.894            0.010     18.943         18.939   18.960       18.955    0.089       0.086        11920831003670  338.8821920   17.1844300        3521      0   55019.453587200         133    19.021    20.494     27.597    2.450       5.125           0      131072            0            1    11920831 
   55019.390137200        19.265        0.090        35212000003542  338.8822730   17.1844860   22h35m31.75s   17d11m04.15s      2               0    9.518027e-07         132         130         115        18.894            0.010     18.943         18.939   18.960       18.955    0.089       0.086        11920877003106  338.8821920   17.1844780        3521      0   55019.392507200         133    19.226    20.416     27.579    2.450       3.295           0      131072            0            1    11920877 
   55032.282817200        19.032        0.144        35212000003542  338.8822730   17.1844860   22h35m31.75s   17d11m04.15s      2               0    9.518027e-07         132         130         115        18.894            0.010     18.943         18.939   18.960       18.955    0.089       0.086        11956016002078  338.8822370   17.1844370        3521      0   55032.286137200         146    20.302    21.155     27.580    2.150       5.753           0      131072            0            1    11956016 
   55031.383737200        18.940        0.047        35212000003542  338.8822730   17.1844860   22h35m31.75s   17d11m04.15s      2               0    9.518027e-07         132         130         115        18.894            0.010     18.943         18.939   18.960       18.955    0.089       0.086        11957451004824  338.8822810   17.1844660        3521      0   55031.387007200         145    18.948    21.787     27.696    1.950       4.128           0      131072            0            1    11957451 
   55039.420947200        18.935        0.043        35212000003542  338.8822730   17.1844860   22h35m31.75s   17d11m04.15s      2               0    9.518027e-07         132         130         115        18.894            0.010     18.943         18.939   18.960       18.955    0.089       0.086        11989864005578  338.8822680   17.1845150        3521      0   55039.424747200         153    18.912    21.704     27.693    2.150       4.065           0      131072            0            1    11989864 
   55039.376907200        18.927        0.042        35212000003542  338.8822730   17.1844860   22h35m31.75s   17d11m04.15s      2               0    9.518027e-07         132         130         115        18.894            0.010     18.943         18.939   18.960       18.955    0.089       0.086        11989960005471  338.8822620   17.1844950        3521      0   55039.380697200         153    18.904    21.712     27.668    2.050       3.862           0      131072            0            1    11989960 
   55498.219327200        18.845        0.209        35212000003542  338.8822730   17.1844860   22h35m31.75s   17d11m04.15s      2               0    9.518027e-07         132         130         115        18.894            0.010     18.943         18.939   18.960       18.955    0.089       0.086        12783020003543  338.8822910   17.1844890        3521      0   55498.222967200         593    19.093    21.304     28.014    2.050       4.131           0      131072            0            1    12783020 
   55498.274697200        18.957        0.207        35212000003542  338.8822730   17.1844860   22h35m31.75s   17d11m04.15s      2               0    9.518027e-07         132         130         115        18.894            0.010     18.943         18.939   18.960       18.955    0.089       0.086        12783276004374  338.8822950   17.1844740        3521      0   55498.278327200         593    18.833    21.308     27.953    2.050       4.380           0      131072            0            1    12783276 
   55458.418447200        19.030        0.061        35212000003542  338.8822730   17.1844860   22h35m31.75s   17d11m04.15s      2               0    9.518027e-07         132         130         115        18.894            0.010     18.943         18.939   18.960       18.955    0.089       0.086        12794775003631  338.8823290   17.1844730        3521      0   55458.423707200         553    19.022    21.102     28.064    2.250       3.611           0      131072            0            1    12794775 
   55458.351667200        19.050        0.069        35212000003542  338.8822730   17.1844860   22h35m31.75s   17d11m04.15s      2               0    9.518027e-07         132         130         115        18.894            0.010     18.943         18.939   18.960       18.955    0.089       0.086        12794931003418  338.8822410   17.1845210        3521      0   55458.356927200         553    19.054    21.018     28.095    2.150       4.377           0      131072            0            1    12794931 
   55480.170497200        18.924        0.049        35212000003542  338.8822730   17.1844860   22h35m31.75s   17d11m04.15s      2               0    9.518027e-07         132         130         115        18.894            0.010     18.943         18.939   18.960       18.955    0.089       0.086        12807129005734  338.8823000   17.1844770        3521      0   55480.175147200         574    18.935    21.533     28.089    2.150       4.038           0      131072            0            1    12807129 
   55480.128187200        18.901        0.047        35212000003542  338.8822730   17.1844860   22h35m31.75s   17d11m04.15s      2               0    9.518027e-07         132         130         115        18.894            0.010     18.943         18.939   18.960       18.955    0.089       0.086        12807144004673  338.8822450   17.1844930        3521      0   55480.132837200         574    18.915    21.604     28.068    2.050       4.202           0      131072            0            1    12807144 
   56202.157977200        18.829        0.068        35212000003542  338.8822730   17.1844860   22h35m31.75s   17d11m04.15s      2               0    9.518027e-07         132         130         115        18.894            0.010     18.943         18.939   18.960       18.955    0.089       0.086        14272769003234  338.8822900   17.1844950        3521      0   56202.162947200        1299    18.850    20.839     28.091    2.050       4.316           0      131072            0            1    14272769 
   56202.128807200        18.932        0.076        35212000003542  338.8822730   17.1844860   22h35m31.75s   17d11m04.15s      2               0    9.518027e-07         132         130         115        18.894            0.010     18.943         18.939   18.960       18.955    0.089       0.086        14272772003998  338.8823010   17.1844900        3521      0   56202.133787200        1299    18.949    20.757     28.078    2.250       4.443           0      131072            0            1    14272772 
   56202.187427200        18.941        0.075        35212000003542  338.8822730   17.1844860   22h35m31.75s   17d11m04.15s      2               0    9.518027e-07         132         130         115        18.894            0.010     18.943         18.939   18.960       18.955    0.089       0.086        14272805003252  338.8822160   17.1844980        3521      0   56202.192407200        1299    18.946    20.800     28.098    2.250       4.904           0      131072            0            1    14272805 
   56204.112797200        19.052        0.406        35212000003542  338.8822730   17.1844860   22h35m31.75s   17d11m04.15s      2               0    9.518027e-07         132         130         115        18.894            0.010     18.943         18.939   18.960       18.955    0.089       0.086        14313881002444  338.8823290   17.1844540        3521      0   56204.117707200        1301    19.491    20.545     27.688    2.650       3.552           0      131072            0            1    14313881 
   56204.143157200        18.780        0.390        35212000003542  338.8822730   17.1844860   22h35m31.75s   17d11m04.15s      2               0    9.518027e-07         132         130         115        18.894            0.010     18.943         18.939   18.960       18.955    0.089       0.086        14313904003089  338.8821630   17.1845060        3521      0   56204.148067200        1301    18.963    20.908     27.737    2.250       5.579           0      131072            0            1    14313904 
   56204.173637200        18.845        0.387        35212000003542  338.8822730   17.1844860   22h35m31.75s   17d11m04.15s      2               0    9.518027e-07         132         130         115        18.894            0.010     18.943         18.939   18.960       18.955    0.089       0.086        14313929004062  338.8822720   17.1844840        3521      0   56204.178537200        1301    18.485    20.864     27.735    2.450       4.419           0      131072            0            1    14313929 
   56206.113627200        19.098        0.113        35212000003542  338.8822730   17.1844860   22h35m31.75s   17d11m04.15s      2               0    9.518027e-07         132         130         115        18.894            0.010     18.943         18.939   18.960       18.955    0.089       0.086        14340024004478  338.8822810   17.1844850        3521      0   56206.118457200        1303    19.141    21.419     28.162    2.550       3.788           0      131072            0            1    14340024 
   56206.149307200        18.998        0.110        35212000003542  338.8822730   17.1844860   22h35m31.75s   17d11m04.15s      2               0    9.518027e-07         132         130         115        18.894            0.010     18.943         18.939   18.960       18.955    0.089       0.086        14340045004768  338.8822890   17.1844660        3521      0   56206.154137200        1303    19.038    21.725     28.165    2.150       3.493           0      131072            0            1    14340045 
   56206.179597200        18.957        0.109        35212000003542  338.8822730   17.1844860   22h35m31.75s   17d11m04.15s      2               0    9.518027e-07         132         130         115        18.894            0.010     18.943         18.939   18.960       18.955    0.089       0.086        14340075005052  338.8822610   17.1844780        3521      0   56206.184427200        1303    18.979    21.795     28.153    2.050       3.950           0      131072            0            1    14340075 
   56228.184547200        18.757        0.061        35212000003542  338.8822730   17.1844860   22h35m31.75s   17d11m04.15s      2               0    9.518027e-07         132         130         115        18.894            0.010     18.943         18.939   18.960       18.955    0.089       0.086        14450753003244  338.8823310   17.1844810        3521      0   56228.188217200        1315    18.749    20.725     28.127    2.350       5.016           0      131072            0            1    14450753 
   56228.215327200        18.967        0.079        35212000003542  338.8822730   17.1844860   22h35m31.75s   17d11m04.15s      2               0    9.518027e-07         132         130         115        18.894            0.010     18.943         18.939   18.960       18.955    0.089       0.086        14450769003010  338.8822410   17.1844540        3521      0   56228.218997200        1315    18.973    20.633     28.123    2.450       4.864           0      131072            0            1    14450769 
   56230.249197200        19.015        0.097        35212000003542  338.8822730   17.1844860   22h35m31.75s   17d11m04.15s      2               0    9.518027e-07         132         130         115        18.894            0.010     18.943         18.939   18.960       18.955    0.089       0.086        14487135002944  338.8823090   17.1844670        3521      0   56230.252737200        1317    19.014    20.617     28.085    2.150       5.379           0      131072            0            1    14487135 
   56234.212917200        18.917        0.069        35212000003542  338.8822730   17.1844860   22h35m31.75s   17d11m04.15s      2               0    9.518027e-07         132         130         115        18.894            0.010     18.943         18.939   18.960       18.955    0.089       0.086        14497228003800  338.8822960   17.1845060        3521      0   56234.216167200        1321    18.902    21.158     28.103    2.450       4.946           0      131072            0            1    14497228 
   56234.244177200        18.941        0.071        35212000003542  338.8822730   17.1844860   22h35m31.75s   17d11m04.15s      2               0    9.518027e-07         132         130         115        18.894            0.010     18.943         18.939   18.960       18.955    0.089       0.086        14497243003634  338.8823150   17.1844960        3521      0   56234.247427200        1321    18.921    21.033     28.087    2.550       4.413           0      131072            0            1    14497243 
   56236.145687200        18.968        0.048        35212000003542  338.8822730   17.1844860   22h35m31.75s   17d11m04.15s      2               0    9.518027e-07         132         130         115        18.894            0.010     18.943         18.939   18.960       18.955    0.089       0.086        14528681004647  338.8822630   17.1844900        3521      0   56236.148787200        1323    18.979    21.506     28.142    2.450       3.806           0      131072            0            1    14528681 
   56238.121187200        18.968        0.047        35212000003542  338.8822730   17.1844860   22h35m31.75s   17d11m04.15s      2               0    9.518027e-07         132         130         115        18.894            0.010     18.943         18.939   18.960       18.955    0.089       0.086        14570745004726  338.8822950   17.1845030        3521      0   56238.124147200        1325    18.983    21.638     28.149    2.050       4.122           0      131072            0            1    14570745 
   56238.091697200        18.952        0.048        35212000003542  338.8822730   17.1844860   22h35m31.75s   17d11m04.15s      2               0    9.518027e-07         132         130         115        18.894            0.010     18.943         18.939   18.960       18.955    0.089       0.086        14570767004529  338.8823000   17.1844820        3521      0   56238.094657200        1325    18.962    21.484     28.144    2.250       4.548           0      131072            0            1    14570767 
   56232.228407200        18.941        0.090        35212000003542  338.8822730   17.1844860   22h35m31.75s   17d11m04.15s      2               0    9.518027e-07         132         130         115        18.894            0.010     18.943         18.939   18.960       18.955    0.089       0.086        14645245003739  338.8822960   17.1845100        3521      0   56232.231797200        1319    18.895    21.083     28.082    2.150       4.089           0      131072            0            1    14645245 
   56251.084597200        18.938        0.053        35212000003542  338.8822730   17.1844860   22h35m31.75s   17d11m04.15s      2               0    9.518027e-07         132         130         115        18.894            0.010     18.943         18.939   18.960       18.955    0.089       0.086        14655503004280  338.8822790   17.1844990        3521      0   56251.086477200        1338    18.950    21.383     28.150    2.050       4.704           0      131072            0            1    14655503 
   56251.114167200        18.912        0.053        35212000003542  338.8822730   17.1844860   22h35m31.75s   17d11m04.15s      2               0    9.518027e-07         132         130         115        18.894            0.010     18.943         18.939   18.960       18.955    0.089       0.086        14655513003949  338.8822860   17.1844770        3521      0   56251.116047200        1338    18.922    21.031     28.150    2.850       3.630           0      131072            0            1    14655513 
   56255.081677200        18.909        0.068        35212000003542  338.8822730   17.1844860   22h35m31.75s   17d11m04.15s      2               0    9.518027e-07         132         130         115        18.894            0.010     18.943         18.939   18.960       18.955    0.089       0.086        14695425003286  338.8823150   17.1845180        3521      0   56255.083207200        1342    18.897    20.682     28.124    2.750       4.020           0      131072            0            1    14695425 
   56255.112127200        18.958        0.073        35212000003542  338.8822730   17.1844860   22h35m31.75s   17d11m04.15s      2               0    9.518027e-07         132         130         115        18.894            0.010     18.943         18.939   18.960       18.955    0.089       0.086        14695453003039  338.8822180   17.1845360        3521      0   56255.113657200        1342    18.962    20.529     28.129    3.350       5.343           0      131072            0            1    14695453 
   56267.144527200        19.089        0.240        35212000003542  338.8822730   17.1844860   22h35m31.75s   17d11m04.15s      2               0    9.518027e-07         132         130         115        18.894            0.010     18.943         18.939   18.960       18.955    0.089       0.086        14755792003927  338.8822840   17.1844820        3521      0   56267.144947200        1354    19.089    21.118     27.967    2.450       4.062           0      131072            0            1    14755792 
   56267.186597200        19.057        0.241        35212000003542  338.8822730   17.1844860   22h35m31.75s   17d11m04.15s      2               0    9.518027e-07         132         130         115        18.894            0.010     18.943         18.939   18.960       18.955    0.089       0.086        14755815003772  338.8823310   17.1844660        3521      0   56267.187007200        1354    19.042    21.131     27.876    2.050       4.332           0      131072            0            1    14755815 
   56265.173377200        19.016        0.238        35212000003542  338.8822730   17.1844860   22h35m31.75s   17d11m04.15s      2               0    9.518027e-07         132         130         115        18.894            0.010     18.943         18.939   18.960       18.955    0.089       0.086        14765152003375  338.8822930   17.1844650        3521      0   56265.173987200        1352    19.241    21.174     27.893    2.250       4.054           0      131072            0            1    14765152 
   56265.143887200        18.885        0.233        35212000003542  338.8822730   17.1844860   22h35m31.75s   17d11m04.15s      2               0    9.518027e-07         132         130         115        18.894            0.010     18.943         18.939   18.960       18.955    0.089       0.086        14765162004619  338.8822380   17.1844860        3521      0   56265.144497200        1352    18.851    21.600     28.045    2.250       3.715           0      131072            0            1    14765162 
   56271.223777200        18.985        0.077        35212000003542  338.8822730   17.1844860   22h35m31.75s   17d11m04.15s      2               0    9.518027e-07         132         130         115        18.894            0.010     18.943         18.939   18.960       18.955    0.089       0.086        14804883002960  338.8821700   17.1844810        3521      0   56271.223807200        1358    18.970    20.635     27.997    3.650       6.117           0      131072            0            1    14804883 
   56257.088927200        18.971        0.074        35212000003542  338.8822730   17.1844860   22h35m31.75s   17d11m04.15s      2               0    9.518027e-07         132         130         115        18.894            0.010     18.943         18.939   18.960       18.955    0.089       0.086        15701492003169  338.8822600   17.1844840        3521      0   56257.090267200        1344    18.971    20.661     28.122    2.850       4.804           0      131072            0            1    15701492 
   56257.119777200        18.889        0.068        35212000003542  338.8822730   17.1844860   22h35m31.75s   17d11m04.15s      2               0    9.518027e-07         132         130         115        18.894            0.010     18.943         18.939   18.960       18.955    0.089       0.086        15701511003444  338.8822880   17.1844760        3521      0   56257.121127200        1344    18.887    20.854     28.123    2.350       3.929           0      131072            0            1    15701511 
