   55783.493537200        13.946        0.031        35212000010058  338.9670140   17.8340410   22h35m52.08s   17d50m02.55s      2               0    4.119850e-07         134          32           0        17.393            0.018     13.937           null   13.931         null    0.041        null        10358489000783  338.9669470   17.8340330        3521      0   55783.498077200         881    13.954    21.705     27.987    2.150       2.419           0    16908294            0            1    10358489 
   55783.450517200        13.967        0.031        35212000010058  338.9670140   17.8340410   22h35m52.08s   17d50m02.55s      2               0    4.119850e-07         134          32           0        17.393            0.018     13.937           null   13.931         null    0.041        null        10358546000864  338.9669470   17.8340600        3521      0   55783.455047200         881    13.963    21.903     28.000    2.050       2.258           0    16908294            0            1    10358546 
   55794.417557200        13.906        0.126        35212000010058  338.9670140   17.8340410   22h35m52.08s   17d50m02.55s      2               0    4.119850e-07         134          32           0        17.393            0.018     13.937           null   13.931         null    0.041        null        10381024000431  338.9669170   17.8340580        3521      0   55794.422517200         892    14.462    20.936     27.859    2.150       2.320           0      131072            0            1    10381024 
   55794.374747200        14.053        0.126        35212000010058  338.9670140   17.8340410   22h35m52.08s   17d50m02.55s      2               0    4.119850e-07         134          32           0        17.393            0.018     13.937           null   13.931         null    0.041        null        10381090000225  338.9669440   17.8340290        3521      0   55794.379707200         892    15.738    20.779     27.906    2.050       2.292           0      131072            0            1    10381090 
   55821.364667200        13.970        0.026        35212000010058  338.9670140   17.8340410   22h35m52.08s   17d50m02.55s      2               0    4.119850e-07         134          32           0        17.393            0.018     13.937           null   13.931         null    0.041        null        10510320000535  338.9669720   17.8340400        3521      0   55821.369947200         919    13.986    21.077     27.969    2.050       2.642           0    16908292            0            1    10510320 
   55821.319317200        13.940        0.026        35212000010058  338.9670140   17.8340410   22h35m52.08s   17d50m02.55s      2               0    4.119850e-07         134          32           0        17.393            0.018     13.937           null   13.931         null    0.041        null        10510348000557  338.9669530   17.8340400        3521      0   55821.324607200         919    13.952    21.065     27.978    2.250       2.482           0      131072            0            1    10510348 
   55471.200687200        13.962        0.032        35212000010058  338.9670140   17.8340410   22h35m52.08s   17d50m02.55s      2               0    4.119850e-07         134          32           0        17.393            0.018     13.937           null   13.931         null    0.041        null        10798349000824  338.9669170   17.8340450        3521      0   55471.205667200         562    13.974    21.790     28.095    2.050       2.228           0    16908292            0            1    10798349 
   55471.244407200        13.976        0.032        35212000010058  338.9670140   17.8340410   22h35m52.08s   17d50m02.55s      2               0    4.119850e-07         134          32           0        17.393            0.018     13.937           null   13.931         null    0.041        null        10798441000836  338.9669080   17.8340330        3521      0   55471.249397200         562    13.981    21.787     28.090    2.050       2.375           0    16908292            0            1    10798441 
   55483.166527200        14.010        0.028        35212000010058  338.9670140   17.8340410   22h35m52.08s   17d50m02.55s      2               0    4.119850e-07         134          32           0        17.393            0.018     13.937           null   13.931         null    0.041        null        10855740000797  338.9669280   17.8340160        3521      0   55483.171037200         577    14.019    21.728     28.082    1.850       2.320           0    16908292            0            1    10855740 
   55483.122857200        13.970        0.028        35212000010058  338.9670140   17.8340410   22h35m52.08s   17d50m02.55s      2               0    4.119850e-07         134          32           0        17.393            0.018     13.937           null   13.931         null    0.041        null        10855795000768  338.9669480   17.8340400        3521      0   55483.127367200         577    13.972    21.553     28.064    2.050       2.213           0    16908292            0            1    10855795 
   55443.230767200        13.974        0.026        35212000010058  338.9670140   17.8340410   22h35m52.08s   17d50m02.55s      2               0    4.119850e-07         134          32           0        17.393            0.018     13.937           null   13.931         null    0.041        null        10908450000898  338.9669450   17.8340290        3521      0   55443.236027200         538    13.970    21.793     28.084    2.050       2.246           0    16908292            0            1    10908450 
   55443.185917200        13.946        0.026        35212000010058  338.9670140   17.8340410   22h35m52.08s   17d50m02.55s      2               0    4.119850e-07         134          32           0        17.393            0.018     13.937           null   13.931         null    0.041        null        10908458000765  338.9669650   17.8340200        3521      0   55443.191177200         538    13.942    21.486     28.053    2.350       2.510           0      131072            0            1    10908458 
   55446.312747200        14.020        0.037        35212000010058  338.9670140   17.8340410   22h35m52.08s   17d50m02.55s      2               0    4.119850e-07         134          32           0        17.393            0.018     13.937           null   13.931         null    0.041        null        10913466000919  338.9669150   17.8340490        3521      0   55446.318037200         541    14.024    22.087     28.090    1.750       2.366           0    16908292            0            1    10913466 
   55446.269397200        14.003        0.037        35212000010058  338.9670140   17.8340410   22h35m52.08s   17d50m02.55s      2               0    4.119850e-07         134          32           0        17.393            0.018     13.937           null   13.931         null    0.041        null        10913512000911  338.9669380   17.8340420        3521      0   55446.274687200         541    14.007    22.005     28.087    1.850       2.423           0    16908292            0            1    10913512 
   55452.163847200        13.987        0.024        35212000010058  338.9670140   17.8340410   22h35m52.08s   17d50m02.55s      2               0    4.119850e-07         134          32           0        17.393            0.018     13.937           null   13.931         null    0.041        null        10932610000750  338.9669430   17.8340300        3521      0   55452.169147200         547    13.994    21.521     28.083    2.050       2.113           0    16908292            0            1    10932610 
   55452.206587200        13.985        0.024        35212000010058  338.9670140   17.8340410   22h35m52.08s   17d50m02.55s      2               0    4.119850e-07         134          32           0        17.393            0.018     13.937           null   13.931         null    0.041        null        10932723000854  338.9669590   17.8340290        3521      0   55452.211887200         547    13.993    21.724     28.099    2.050       2.325           0    16908292            0            1    10932723 
   55467.310857200        13.959        0.053        35212000010058  338.9670140   17.8340410   22h35m52.08s   17d50m02.55s      2               0    4.119850e-07         134          32           0        17.393            0.018     13.937           null   13.931         null    0.041        null        11077739000653  338.9669330   17.8340400        3521      0   55467.315957200         560    13.957    21.316     28.055    2.050       2.295           0    16908292            0            1    11077739 
   55468.221587200        13.963        0.185        35212000010058  338.9670140   17.8340410   22h35m52.08s   17d50m02.55s      2               0    4.119850e-07         134          32           0        17.393            0.018     13.937           null   13.931         null    0.041        null        11078422000799  338.9669210   17.8340430        3521      0   55468.226657200         558    13.999    21.652     28.106    2.050       2.293           0    16908292            0            1    11078422 
   55416.200397200        13.907        0.192        35212000010058  338.9670140   17.8340410   22h35m52.08s   17d50m02.55s      2               0    4.119850e-07         134          32           0        17.393            0.018     13.937           null   13.931         null    0.041        null        11121847000538  338.9669770   17.8340400        3521      0   55416.204827200         515    13.964    20.536     26.918    3.150       3.031           0      131072            0            1    11121847 
   55416.243347200        13.918        0.192        35212000010058  338.9670140   17.8340410   22h35m52.08s   17d50m02.55s      2               0    4.119850e-07         134          32           0        17.393            0.018     13.937           null   13.931         null    0.041        null        11121985000622  338.9669610   17.8340460        3521      0   55416.247777200         515    14.050    21.001     27.134    2.750       2.729           0      131072            0            1    11121985 
   55422.369597200        13.983        0.026        35212000010058  338.9670140   17.8340410   22h35m52.08s   17d50m02.55s      2               0    4.119850e-07         134          32           0        17.393            0.018     13.937           null   13.931         null    0.041        null        11149623000946  338.9669140   17.8340260        3521      0   55422.374307200         521    13.976    22.020     28.116    2.050       2.437           0    16908292            0            1    11149623 
   55422.414337200        13.975        0.026        35212000010058  338.9670140   17.8340410   22h35m52.08s   17d50m02.55s      2               0    4.119850e-07         134          32           0        17.393            0.018     13.937           null   13.931         null    0.041        null        11149774000915  338.9669260   17.8340500        3521      0   55422.419057200         521    13.972    21.946     28.114    2.150       2.558           0    16908294            0            1    11149774 
   55429.226357200        14.014        0.026        35212000010058  338.9670140   17.8340410   22h35m52.08s   17d50m02.55s      2               0    4.119850e-07         134          32           0        17.393            0.018     13.937           null   13.931         null    0.041        null        11200816000631  338.9669380   17.8340550        3521      0   55429.231317200         528    14.013    21.110     28.069    1.950       2.246           0    16908292            0            1    11200816 
   55429.183207200        13.981        0.026        35212000010058  338.9670140   17.8340410   22h35m52.08s   17d50m02.55s      2               0    4.119850e-07         134          32           0        17.393            0.018     13.937           null   13.931         null    0.041        null        11201013000575  338.9669620   17.8340450        3521      0   55429.188167200         528    13.973    20.807     28.017    2.150       2.242           0    16908292            0            1    11201013 
   55436.224917200        13.962        0.033        35212000010058  338.9670140   17.8340410   22h35m52.08s   17d50m02.55s      2               0    4.119850e-07         134          32           0        17.393            0.018     13.937           null   13.931         null    0.041        null        11207843000568  338.9669550   17.8340510        3521      0   55436.230067200         609    13.955    20.701     28.064    2.350       2.470           0    16908292            0            1    11207843 
   55436.176617200        13.939        0.033        35212000010058  338.9670140   17.8340410   22h35m52.08s   17d50m02.55s      2               0    4.119850e-07         134          32           0        17.393            0.018     13.937           null   13.931         null    0.041        null        11208062000522  338.9669650   17.8340760        3521      0   55436.181767200         609    13.921    20.521     28.014    2.650       2.733           0      131072            0            1    11208062 
   55426.169847200        13.948        0.066        35212000010058  338.9670140   17.8340410   22h35m52.08s   17d50m02.55s      2               0    4.119850e-07         134          32           0        17.393            0.018     13.937           null   13.931         null    0.041        null        11224126000572  338.9669160   17.8340400        3521      0   55426.174707200         525    13.844    20.468     27.820    3.150       3.287           0      131072            0            1    11224126 
   55439.224367200        14.003        0.027        35212000010058  338.9670140   17.8340410   22h35m52.08s   17d50m02.55s      2               0    4.119850e-07         134          32           0        17.393            0.018     13.937           null   13.931         null    0.041        null        11225283000822  338.9669330   17.8340280        3521      0   55439.229567200         534    14.000    21.655     28.068    1.950       2.391           0    16908292            0            1    11225283 
   55439.179857200        13.954        0.027        35212000010058  338.9670140   17.8340410   22h35m52.08s   17d50m02.55s      2               0    4.119850e-07         134          32           0        17.393            0.018     13.937           null   13.931         null    0.041        null        11225325000792  338.9669580   17.8340710        3521      0   55439.185067200         534    13.945    21.500     28.026    2.250       2.356           0    16908292            0            1    11225325 
   55382.429197200        13.963        0.025        35212000010058  338.9670140   17.8340410   22h35m52.08s   17d50m02.55s      2               0    4.119850e-07         134          32           0        17.393            0.018     13.937           null   13.931         null    0.041        null        11241165000777  338.9669210   17.8340320        3521      0   55382.431397200         481    13.972    21.602     28.128    2.150       2.602           0    16908292            0            1    11241165 
   55382.386187200        13.975        0.025        35212000010058  338.9670140   17.8340410   22h35m52.08s   17d50m02.55s      2               0    4.119850e-07         134          32           0        17.393            0.018     13.937           null   13.931         null    0.041        null        11241179000746  338.9669470   17.8340140        3521      0   55382.388377200         481    13.986    21.482     28.114    2.250       2.611           0    16908292            0            1    11241179 
   55387.460507200        13.993        0.190        35212000010058  338.9670140   17.8340410   22h35m52.08s   17d50m02.55s      2               0    4.119850e-07         134          32           0        17.393            0.018     13.937           null   13.931         null    0.041        null        11261130000915  338.9669280   17.8340700        3521      0   55387.463097200         486    13.765    21.575     27.877    2.250       2.596           0    16908292            0            1    11261130 
   55387.412087200        14.042        0.190        35212000010058  338.9670140   17.8340410   22h35m52.08s   17d50m02.55s      2               0    4.119850e-07         134          32           0        17.393            0.018     13.937           null   13.931         null    0.041        null        11261216001039  338.9669420   17.8340130        3521      0   55387.414667200         486    13.923    22.015     27.981    1.850       2.261           0    19005444            0            1    11261216 
   55349.467407200        13.979        0.057        35212000010058  338.9670140   17.8340410   22h35m52.08s   17d50m02.55s      2               0    4.119850e-07         134          32           0        17.393            0.018     13.937           null   13.931         null    0.041        null        11335384000654  338.9669540   17.8340390        3521      0   55349.466757200         449    14.003    21.046     28.129    2.350       2.668           0    16908292            0            1    11335384 
   55364.433677200        13.938        0.031        35212000010058  338.9670140   17.8340410   22h35m52.08s   17d50m02.55s      2               0    4.119850e-07         134          32           0        17.393            0.018     13.937           null   13.931         null    0.041        null        11389733000861  338.9669520   17.8340500        3521      0   55364.434347200         463    13.935    21.705     28.123    2.350       2.484           0      131074            0            1    11389733 
   55364.386147200        13.947        0.031        35212000010058  338.9670140   17.8340410   22h35m52.08s   17d50m02.55s      2               0    4.119850e-07         134          32           0        17.393            0.018     13.937           null   13.931         null    0.041        null        11389735000816  338.9669670   17.8340240        3521      0   55364.386807200         463    13.934    21.559     28.087    2.450       2.547           0    16908292            0            1    11389735 
   55419.358367200        13.898        0.263        35212000010058  338.9670140   17.8340410   22h35m52.08s   17d50m02.55s      2               0    4.119850e-07         134          32           0        17.393            0.018     13.937           null   13.931         null    0.041        null        11395185000719  338.9669620   17.8340410        3521      0   55419.362947200         518    13.716    21.159     27.055    2.250       2.322           0      131072            0            1    11395185 
   55419.401647200        13.918        0.263        35212000010058  338.9670140   17.8340410   22h35m52.08s   17d50m02.55s      2               0    4.119850e-07         134          32           0        17.393            0.018     13.937           null   13.931         null    0.041        null        11395348000651  338.9669590   17.8340450        3521      0   55419.406227200         518    13.850    21.146     27.072    2.450       2.585           0      131072            0            1    11395348 
   55369.460177200        14.006        0.029        35212000010058  338.9670140   17.8340410   22h35m52.08s   17d50m02.55s      2               0    4.119850e-07         134          32           0        17.393            0.018     13.937           null   13.931         null    0.041        null        11410009000948  338.9669410   17.8340580        3521      0   55369.461277200         468    14.016    21.929     28.139    1.950       2.133           0    16908292            0            1    11410009 
   55372.400097200        13.987        0.026        35212000010058  338.9670140   17.8340410   22h35m52.08s   17d50m02.55s      2               0    4.119850e-07         134          32           0        17.393            0.018     13.937           null   13.931         null    0.041        null        11411275000625  338.9669540   17.8340100        3521      0   55372.401447200         471    13.985    21.105     28.122    2.050       2.266           0    16908292            0            1    11411275 
   55372.356507200        13.941        0.026        35212000010058  338.9670140   17.8340410   22h35m52.08s   17d50m02.55s      2               0    4.119850e-07         134          32           0        17.393            0.018     13.937           null   13.931         null    0.041        null        11411338000554  338.9669580   17.8340300        3521      0   55372.357857200         471    13.935    20.704     28.089    2.550       2.699           0    16908292            0            1    11411338 
   55371.453437200        14.024        0.025        35212000010058  338.9670140   17.8340410   22h35m52.08s   17d50m02.55s      2               0    4.119850e-07         134          32           0        17.393            0.018     13.937           null   13.931         null    0.041        null        11414051000881  338.9669520   17.8340420        3521      0   55371.454717200         470    14.034    21.697     28.158    2.050       1.716           0    16908292            0            1    11414051 
   55370.457827200        13.959        0.025        35212000010058  338.9670140   17.8340410   22h35m52.08s   17d50m02.55s      2               0    4.119850e-07         134          32           0        17.393            0.018     13.937           null   13.931         null    0.041        null        11416228000943  338.9669240   17.8340370        3521      0   55370.459017200         469    13.977    21.953     28.159    2.050       2.401           0    16908292            0            1    11416228 
   55377.357017200        13.938        0.026        35212000010058  338.9670140   17.8340410   22h35m52.08s   17d50m02.55s      2               0    4.119850e-07         134          32           0        17.393            0.018     13.937           null   13.931         null    0.041        null        11430718000559  338.9669540   17.8340600        3521      0   55377.358787200         476    13.934    20.808     28.077    2.350       2.494           0    16908292            0            1    11430718 
   55377.401227200        13.960        0.026        35212000010058  338.9670140   17.8340410   22h35m52.08s   17d50m02.55s      2               0    4.119850e-07         134          32           0        17.393            0.018     13.937           null   13.931         null    0.041        null        11430750000584  338.9669540   17.8340310        3521      0   55377.403007200         476    13.959    20.885     28.101    2.350       2.476           0    16908292            0            1    11430750 
   55137.187677200        13.965        0.026        35212000010058  338.9670140   17.8340410   22h35m52.08s   17d50m02.55s      2               0    4.119850e-07         134          32           0        17.393            0.018     13.937           null   13.931         null    0.041        null        11786718000527  338.9669080   17.8340290        3521      0   55137.191017200         244    13.956    20.605     28.172    2.450       2.843           0    16908292            0            1    11786718 
   55138.179157200        13.941        0.041        35212000010058  338.9670140   17.8340410   22h35m52.08s   17d50m02.55s      2               0    4.119850e-07         134          32           0        17.393            0.018     13.937           null   13.931         null    0.041        null        11790096000557  338.9669230   17.8340480        3521      0   55138.182427200         245    13.922    20.574     28.150    2.650       2.950           0    16908292            0            1    11790096 
   55142.163267200        13.940        0.027        35212000010058  338.9670140   17.8340410   22h35m52.08s   17d50m02.55s      2               0    4.119850e-07         134          32           0        17.393            0.018     13.937           null   13.931         null    0.041        null        11794238000843  338.9669220   17.8340250        3521      0   55142.166237200         282    13.934    21.612     28.171    2.250       2.479           0    16908292            0            1    11794238 
   55142.118957200        13.938        0.027        35212000010058  338.9670140   17.8340410   22h35m52.08s   17d50m02.55s      2               0    4.119850e-07         134          32           0        17.393            0.018     13.937           null   13.931         null    0.041        null        11794342000801  338.9669150   17.8340290        3521      0   55142.121927200         282    13.934    21.467     28.167    2.450       2.679           0    16908288            0            1    11794342 
   55123.223387200        13.964        0.029        35212000010058  338.9670140   17.8340410   22h35m52.08s   17d50m02.55s      2               0    4.119850e-07         134          32           0        17.393            0.018     13.937           null   13.931         null    0.041        null        11812691000602  338.9669040   17.8340460        3521      0   55123.227627200         232    13.974    21.712     28.183    2.150       2.867           0    16908294            0            1    11812691 
   55045.207707200        13.953        0.026        35212000010058  338.9670140   17.8340410   22h35m52.08s   17d50m02.55s      2               0    4.119850e-07         134          32           0        17.393            0.018     13.937           null   13.931         null    0.041        null        11858039000403  338.9669480   17.8340320        3521      0   55045.211847200         159    13.935    20.316     27.629    2.950       3.003           0      131072            0            1    11858039 
   55045.289337200        14.021        0.026        35212000010058  338.9670140   17.8340410   22h35m52.08s   17d50m02.55s      2               0    4.119850e-07         134          32           0        17.393            0.018     13.937           null   13.931         null    0.041        null        11858047000565  338.9669400   17.8340560        3521      0   55045.293477200         159    14.024    21.116     27.744    2.050       2.125           0    16908292            0            1    11858047 
   55049.426157200        14.033        0.026        35212000010058  338.9670140   17.8340410   22h35m52.08s   17d50m02.55s      2               0    4.119850e-07         134          32           0        17.393            0.018     13.937           null   13.931         null    0.041        null        11863107000418  338.9669410   17.8340470        3521      0   55049.430517200         163    14.033    20.334     27.755    2.150       2.428           0    16908292            0            1    11863107 
   55054.221717200        13.925        0.055        35212000010058  338.9670140   17.8340410   22h35m52.08s   17d50m02.55s      2               0    4.119850e-07         134          32           0        17.393            0.018     13.937           null   13.931         null    0.041        null        11869744000380  338.9669600   17.8340430        3521      0   55054.226297200         168    13.892    20.092     27.562    3.350       3.418           0      131072            0            1    11869744 
   55066.328927200        14.017        0.027        35212000010058  338.9670140   17.8340410   22h35m52.08s   17d50m02.55s      2               0    4.119850e-07         134          32           0        17.393            0.018     13.937           null   13.931         null    0.041        null        11884044000808  338.9669150   17.8340430        3521      0   55066.333957200         180    14.002    21.846     27.693    1.850       2.554           0    16908292            0            1    11884044 
   55066.284507200        14.036        0.027        35212000010058  338.9670140   17.8340410   22h35m52.08s   17d50m02.55s      2               0    4.119850e-07         134          32           0        17.393            0.018     13.937           null   13.931         null    0.041        null        11884061000795  338.9669320   17.8340460        3521      0   55066.289537200         180    14.045    21.919     27.673    1.650       2.171           0    16908292            0            1    11884061 
   55061.271507200        14.029        0.024        35212000010058  338.9670140   17.8340410   22h35m52.08s   17d50m02.55s      2               0    4.119850e-07         134          32           0        17.393            0.018     13.937           null   13.931         null    0.041        null        11893490000789  338.9669540   17.8340630        3521      0   55061.276377200         175    14.028    21.781     27.756    1.950       1.904           0    16908292            0            1    11893490 
   55061.369177200        13.966        0.024        35212000010058  338.9670140   17.8340410   22h35m52.08s   17d50m02.55s      2               0    4.119850e-07         134          32           0        17.393            0.018     13.937           null   13.931         null    0.041        null        11893514000825  338.9669110   17.8340560        3521      0   55061.374047200         175    13.964    21.818     27.757    2.150       2.461           0    16908294            0            1    11893514 
   55056.350197200        13.991        0.023        35212000010058  338.9670140   17.8340410   22h35m52.08s   17d50m02.55s      2               0    4.119850e-07         134          32           0        17.393            0.018     13.937           null   13.931         null    0.041        null        11899269000630  338.9669480   17.8340430        3521      0   55056.354877200         170    13.993    21.347     27.747    2.150       2.265           0    16908292            0            1    11899269 
   55056.268047200        13.990        0.023        35212000010058  338.9670140   17.8340410   22h35m52.08s   17d50m02.55s      2               0    4.119850e-07         134          32           0        17.393            0.018     13.937           null   13.931         null    0.041        null        11899280000647  338.9669550   17.8340410        3521      0   55056.272717200         170    13.986    21.401     27.723    2.150       2.299           0    16908292            0            1    11899280 
   55087.280887200        13.987        0.022        35212000010058  338.9670140   17.8340410   22h35m52.08s   17d50m02.55s      2               0    4.119850e-07         134          32           0        17.393            0.018     13.937           null   13.931         null    0.041        null        11918661000715  338.9669630   17.8340410        3521      0   55087.286197200         199    13.991    21.826     27.758    1.950       2.120           0    16908294            0            1    11918661 
   55087.325037200        13.966        0.022        35212000010058  338.9670140   17.8340410   22h35m52.08s   17d50m02.55s      2               0    4.119850e-07         134          32           0        17.393            0.018     13.937           null   13.931         null    0.041        null        11918675000650  338.9669640   17.8340390        3521      0   55087.330337200         199    13.976    21.702     27.758    2.150       2.436           0    16908292            0            1    11918675 
   55019.451217200        13.939        0.031        35212000010058  338.9670140   17.8340410   22h35m52.08s   17d50m02.55s      2               0    4.119850e-07         134          32           0        17.393            0.018     13.937           null   13.931         null    0.041        null        11920831000587  338.9669250   17.8340390        3521      0   55019.453587200         133    13.902    20.494     27.677    2.450       2.700           0    16908292            0            1    11920831 
   55019.390137200        13.939        0.031        35212000010058  338.9670140   17.8340410   22h35m52.08s   17d50m02.55s      2               0    4.119850e-07         134          32           0        17.393            0.018     13.937           null   13.931         null    0.041        null        11920877000557  338.9669410   17.8340490        3521      0   55019.392507200         133    13.900    20.416     27.665    2.450       2.639           0    16908292            0            1    11920877 
   55032.282817200        13.765        0.060        35212000010058  338.9670140   17.8340410   22h35m52.08s   17d50m02.55s      2               0    4.119850e-07         134          32           0        17.393            0.018     13.937           null   13.931         null    0.041        null        11956016000348  338.9669570   17.8340580        3521      0   55032.286137200         146    15.034    21.155     27.601    2.150       2.148           0      131072            0            1    11956016 
   55031.383737200        13.998        0.033        35212000010058  338.9670140   17.8340410   22h35m52.08s   17d50m02.55s      2               0    4.119850e-07         134          32           0        17.393            0.018     13.937           null   13.931         null    0.041        null        11957451000792  338.9669330   17.8340720        3521      0   55031.387007200         145    14.006    21.787     27.705    1.950       2.249           0    16908292            0            1    11957451 
   55039.420947200        13.985        0.026        35212000010058  338.9670140   17.8340410   22h35m52.08s   17d50m02.55s      2               0    4.119850e-07         134          32           0        17.393            0.018     13.937           null   13.931         null    0.041        null        11989864000801  338.9669190   17.8340550        3521      0   55039.424747200         153    13.962    21.704     27.704    2.150       2.435           0    16908292            0            1    11989864 
   55039.376907200        13.984        0.026        35212000010058  338.9670140   17.8340410   22h35m52.08s   17d50m02.55s      2               0    4.119850e-07         134          32           0        17.393            0.018     13.937           null   13.931         null    0.041        null        11989960000776  338.9669400   17.8340570        3521      0   55039.380697200         153    13.962    21.712     27.682    2.050       2.316           0    16908292            0            1    11989960 
   55498.219327200        13.955        0.202        35212000010058  338.9670140   17.8340410   22h35m52.08s   17d50m02.55s      2               0    4.119850e-07         134          32           0        17.393            0.018     13.937           null   13.931         null    0.041        null        12783020000625  338.9669650   17.8340390        3521      0   55498.222967200         593    14.203    21.304     28.034    2.050       2.432           0    16908292            0            1    12783020 
   55498.274697200        14.001        0.202        35212000010058  338.9670140   17.8340410   22h35m52.08s   17d50m02.55s      2               0    4.119850e-07         134          32           0        17.393            0.018     13.937           null   13.931         null    0.041        null        12783276000741  338.9669750   17.8340310        3521      0   55498.278327200         593    13.877    21.308     27.971    2.050       2.282           0    16908292            0            1    12783276 
   55458.418447200        13.932        0.026        35212000010058  338.9670140   17.8340410   22h35m52.08s   17d50m02.55s      2               0    4.119850e-07         134          32           0        17.393            0.018     13.937           null   13.931         null    0.041        null        12794775000637  338.9669630   17.8340420        3521      0   55458.423707200         553    13.925    21.102     28.065    2.250       2.561           0    16908292            0            1    12794775 
   55458.351667200        13.938        0.026        35212000010058  338.9670140   17.8340410   22h35m52.08s   17d50m02.55s      2               0    4.119850e-07         134          32           0        17.393            0.018     13.937           null   13.931         null    0.041        null        12794931000567  338.9669640   17.8340450        3521      0   55458.356927200         553    13.942    21.018     28.096    2.150       2.450           0    16908292            0            1    12794931 
   55480.170497200        13.967        0.025        35212000010058  338.9670140   17.8340410   22h35m52.08s   17d50m02.55s      2               0    4.119850e-07         134          32           0        17.393            0.018     13.937           null   13.931         null    0.041        null        12807129000783  338.9669660   17.8340390        3521      0   55480.175147200         574    13.978    21.533     28.084    2.150       2.465           0    16908292            0            1    12807129 
   55480.128187200        13.987        0.025        35212000010058  338.9670140   17.8340410   22h35m52.08s   17d50m02.55s      2               0    4.119850e-07         134          32           0        17.393            0.018     13.937           null   13.931         null    0.041        null        12807144000796  338.9669610   17.8340490        3521      0   55480.132837200         574    14.001    21.604     28.062    2.050       2.280           0    16908292            0            1    12807144 
   56202.157977200        14.009        0.027        35212000010058  338.9670140   17.8340410   22h35m52.08s   17d50m02.55s      2               0    4.119850e-07         134          32           0        17.393            0.018     13.937           null   13.931         null    0.041        null        14272769000516  338.9669750   17.8340340        3521      0   56202.162947200        1299    14.030    20.839     28.099    2.050       2.526           0    16908292            0            1    14272769 
   56202.128807200        13.975        0.027        35212000010058  338.9670140   17.8340410   22h35m52.08s   17d50m02.55s      2               0    4.119850e-07         134          32           0        17.393            0.018     13.937           null   13.931         null    0.041        null        14272772000510  338.9669730   17.8340330        3521      0   56202.133787200        1299    13.992    20.757     28.087    2.250       2.503           0    16908292            0            1    14272772 
   56202.187427200        13.967        0.027        35212000010058  338.9670140   17.8340410   22h35m52.08s   17d50m02.55s      2               0    4.119850e-07         134          32           0        17.393            0.018     13.937           null   13.931         null    0.041        null        14272805000513  338.9669760   17.8340380        3521      0   56202.192407200        1299    13.972    20.800     28.107    2.250       2.463           0    16908292            0            1    14272805 
   56204.112797200        13.949        0.385        35212000010058  338.9670140   17.8340410   22h35m52.08s   17d50m02.55s      2               0    4.119850e-07         134          32           0        17.393            0.018     13.937           null   13.931         null    0.041        null        14313881000384  338.9669560   17.8340440        3521      0   56204.117707200        1301    14.387    20.545     27.683    2.650       2.813           0      131072            0            1    14313881 
   56204.143157200        13.898        0.385        35212000010058  338.9670140   17.8340410   22h35m52.08s   17d50m02.55s      2               0    4.119850e-07         134          32           0        17.393            0.018     13.937           null   13.931         null    0.041        null        14313904000494  338.9669580   17.8340350        3521      0   56204.148067200        1301    14.081    20.908     27.732    2.250       2.395           0      131072            0            1    14313904 
   56204.173637200        13.938        0.384        35212000010058  338.9670140   17.8340410   22h35m52.08s   17d50m02.55s      2               0    4.119850e-07         134          32           0        17.393            0.018     13.937           null   13.931         null    0.041        null        14313929000621  338.9669590   17.8340400        3521      0   56204.178537200        1301    13.578    20.864     27.731    2.450       2.741           0    16908292            0            1    14313929 
   56206.113627200        13.963        0.103        35212000010058  338.9670140   17.8340410   22h35m52.08s   17d50m02.55s      2               0    4.119850e-07         134          32           0        17.393            0.018     13.937           null   13.931         null    0.041        null        14340024000709  338.9669690   17.8340350        3521      0   56206.118457200        1303    14.005    21.419     28.150    2.550       2.928           0    16908292            0            1    14340024 
   56206.149307200        13.967        0.103        35212000010058  338.9670140   17.8340410   22h35m52.08s   17d50m02.55s      2               0    4.119850e-07         134          32           0        17.393            0.018     13.937           null   13.931         null    0.041        null        14340045000778  338.9669620   17.8340460        3521      0   56206.154137200        1303    14.008    21.725     28.154    2.150       2.547           0    16908292            0            1    14340045 
   56206.179597200        13.954        0.103        35212000010058  338.9670140   17.8340410   22h35m52.08s   17d50m02.55s      2               0    4.119850e-07         134          32           0        17.393            0.018     13.937           null   13.931         null    0.041        null        14340075000767  338.9669680   17.8340420        3521      0   56206.184427200        1303    13.977    21.795     28.141    2.050       2.312           0    16908292            0            1    14340075 
   56228.184547200        13.968        0.024        35212000010058  338.9670140   17.8340410   22h35m52.08s   17d50m02.55s      2               0    4.119850e-07         134          32           0        17.393            0.018     13.937           null   13.931         null    0.041        null        14450753000516  338.9669690   17.8340280        3521      0   56228.188217200        1315    13.960    20.725     28.129    2.350       2.910           0    16908292            0            1    14450753 
   56228.215327200        13.953        0.024        35212000010058  338.9670140   17.8340410   22h35m52.08s   17d50m02.55s      2               0    4.119850e-07         134          32           0        17.393            0.018     13.937           null   13.931         null    0.041        null        14450769000449  338.9669530   17.8340430        3521      0   56228.218997200        1315    13.959    20.633     28.125    2.450       2.709           0    16908292            0            1    14450769 
   56230.249197200        13.980        0.023        35212000010058  338.9670140   17.8340410   22h35m52.08s   17d50m02.55s      2               0    4.119850e-07         134          32           0        17.393            0.018     13.937           null   13.931         null    0.041        null        14487135000476  338.9669800   17.8340260        3521      0   56230.252737200        1317    13.979    20.617     28.098    2.150       2.550           0    16908292            0            1    14487135 
   56234.212917200        13.939        0.046        35212000010058  338.9670140   17.8340410   22h35m52.08s   17d50m02.55s      2               0    4.119850e-07         134          32           0        17.393            0.018     13.937           null   13.931         null    0.041        null        14497228000604  338.9669560   17.8340340        3521      0   56234.216167200        1321    13.924    21.158     28.100    2.450       2.669           0    16908292            0            1    14497228 
   56234.244177200        13.936        0.046        35212000010058  338.9670140   17.8340410   22h35m52.08s   17d50m02.55s      2               0    4.119850e-07         134          32           0        17.393            0.018     13.937           null   13.931         null    0.041        null        14497243000587  338.9669630   17.8340400        3521      0   56234.247427200        1321    13.915    21.033     28.084    2.550       2.900           0    16908292            0            1    14497243 
   56236.145687200        13.945        0.027        35212000010058  338.9670140   17.8340410   22h35m52.08s   17d50m02.55s      2               0    4.119850e-07         134          32           0        17.393            0.018     13.937           null   13.931         null    0.041        null        14528681000668  338.9669620   17.8340400        3521      0   56236.148787200        1323    13.956    21.506     28.143    2.450       2.737           0    16908294            0            1    14528681 
   56238.121187200        13.964        0.025        35212000010058  338.9670140   17.8340410   22h35m52.08s   17d50m02.55s      2               0    4.119850e-07         134          32           0        17.393            0.018     13.937           null   13.931         null    0.041        null        14570745000676  338.9669630   17.8340320        3521      0   56238.124147200        1325    13.978    21.638     28.139    2.050       2.276           0    16908292            0            1    14570745 
   56238.091697200        13.962        0.025        35212000010058  338.9670140   17.8340410   22h35m52.08s   17d50m02.55s      2               0    4.119850e-07         134          32           0        17.393            0.018     13.937           null   13.931         null    0.041        null        14570767000669  338.9669640   17.8340240        3521      0   56238.094657200        1325    13.972    21.484     28.134    2.250       2.609           0    16908292            0            1    14570767 
   56232.228407200        13.954        0.070        35212000010058  338.9670140   17.8340410   22h35m52.08s   17d50m02.55s      2               0    4.119850e-07         134          32           0        17.393            0.018     13.937           null   13.931         null    0.041        null        14645245000533  338.9669640   17.8340280        3521      0   56232.231797200        1319    13.908    21.083     28.076    2.150       2.621           0    16908292            0            1    14645245 
   56251.084597200        13.997        0.024        35212000010058  338.9670140   17.8340410   22h35m52.08s   17d50m02.55s      2               0    4.119850e-07         134          32           0        17.393            0.018     13.937           null   13.931         null    0.041        null        14655503000622  338.9669570   17.8340250        3521      0   56251.086477200        1338    14.009    21.383     28.143    2.050       2.380           0    16908292            0            1    14655503 
   56251.114167200        13.949        0.024        35212000010058  338.9670140   17.8340410   22h35m52.08s   17d50m02.55s      2               0    4.119850e-07         134          32           0        17.393            0.018     13.937           null   13.931         null    0.041        null        14655513000577  338.9669580   17.8340340        3521      0   56251.116047200        1338    13.959    21.031     28.143    2.850       3.134           0    16908292            0            1    14655513 
   56255.081677200        13.939        0.026        35212000010058  338.9670140   17.8340410   22h35m52.08s   17d50m02.55s      2               0    4.119850e-07         134          32           0        17.393            0.018     13.937           null   13.931         null    0.041        null        14695425000497  338.9669620   17.8340310        3521      0   56255.083207200        1342    13.927    20.682     28.124    2.750       2.896           0    16908292            0            1    14695425 
   56255.112127200        13.924        0.026        35212000010058  338.9670140   17.8340410   22h35m52.08s   17d50m02.55s      2               0    4.119850e-07         134          32           0        17.393            0.018     13.937           null   13.931         null    0.041        null        14695453000434  338.9669600   17.8340350        3521      0   56255.113657200        1342    13.928    20.529     28.129    3.350       3.522           0      131074            0            1    14695453 
   56267.144527200        13.935        0.233        35212000010058  338.9670140   17.8340410   22h35m52.08s   17d50m02.55s      2               0    4.119850e-07         134          32           0        17.393            0.018     13.937           null   13.931         null    0.041        null        14755792000634  338.9669580   17.8340370        3521      0   56267.144947200        1354    13.934    21.118     27.961    2.450       2.596           0      131072            0            1    14755792 
   56267.186597200        13.947        0.233        35212000010058  338.9670140   17.8340410   22h35m52.08s   17d50m02.55s      2               0    4.119850e-07         134          32           0        17.393            0.018     13.937           null   13.931         null    0.041        null        14755815000599  338.9669660   17.8340290        3521      0   56267.187007200        1354    13.932    21.131     27.870    2.050       2.237           0    16908292            0            1    14755815 
   56265.173377200        13.950        0.229        35212000010058  338.9670140   17.8340410   22h35m52.08s   17d50m02.55s      2               0    4.119850e-07         134          32           0        17.393            0.018     13.937           null   13.931         null    0.041        null        14765152000507  338.9669550   17.8340330        3521      0   56265.173987200        1352    14.175    21.174     27.937    2.250       2.420           0      131072            0            1    14765152 
   56265.143887200        13.970        0.229        35212000010058  338.9670140   17.8340410   22h35m52.08s   17d50m02.55s      2               0    4.119850e-07         134          32           0        17.393            0.018     13.937           null   13.931         null    0.041        null        14765162000684  338.9669590   17.8340320        3521      0   56265.144497200        1352    13.937    21.600     28.089    2.250       2.468           0    16908294            0            1    14765162 
   56271.223777200        13.927        0.040        35212000010058  338.9670140   17.8340410   22h35m52.08s   17d50m02.55s      2               0    4.119850e-07         134          32           0        17.393            0.018     13.937           null   13.931         null    0.041        null        14804883000439  338.9669430   17.8340360        3521      0   56271.223807200        1358    13.911    20.635     27.998    3.650       3.714           0      131074            0            1    14804883 
   56257.088927200        13.940        0.026        35212000010058  338.9670140   17.8340410   22h35m52.08s   17d50m02.55s      2               0    4.119850e-07         134          32           0        17.393            0.018     13.937           null   13.931         null    0.041        null        15701492000505  338.9669540   17.8340350        3521      0   56257.090267200        1344    13.939    20.661     28.120    2.850       3.054           0      131072            0            1    15701492 
   56257.119777200        13.938        0.026        35212000010058  338.9670140   17.8340410   22h35m52.08s   17d50m02.55s      2               0    4.119850e-07         134          32           0        17.393            0.018     13.937           null   13.931         null    0.041        null        15701511000488  338.9669600   17.8340250        3521      0   56257.121127200        1344    13.936    20.854     28.122    2.350       2.708           0    16908292            0            1    15701511 
   56911.286797200        13.936        0.028        35212000010058  338.9670140   17.8340410   22h35m52.08s   17d50m02.55s      2               0    4.119850e-07         134          32           0        17.393            0.018     13.937           null   13.931         null    0.041        null        21288343000486  338.9669590   17.8340250        3521      0   56911.292097200        1975    13.911    20.637     28.045    2.350       2.588           0    16908292            0            1    21288343 
