   55783.493537200        13.061        0.031        35212010002068  339.4747950   17.0709770   22h37m53.95s   17d04m15.52s      2               0    5.621518e-07         134          14           0        15.722            0.017     13.017           null   13.048         null    0.123        null        10358266005172  339.4748600   17.0708730        3521      1   55783.498077200         881    13.059    21.462     27.708    2.350       2.771           0    16908292            0            1    10358266 
   55783.450517200        13.109        0.031        35212010002068  339.4747950   17.0709770   22h37m53.95s   17d04m15.52s      2               0    5.621518e-07         134          14           0        15.722            0.017     13.017           null   13.048         null    0.123        null        10358322005523  339.4748330   17.0708740        3521      1   55783.455047200         881    13.101    21.660     27.723    2.250       2.646           0    16908292            0            1    10358322 
   55794.417557200        13.036        0.115        35212010002068  339.4747950   17.0709770   22h37m53.95s   17d04m15.52s      2               0    5.621518e-07         134          14           0        15.722            0.017     13.017           null   13.048         null    0.123        null        10380774002744  339.4748230   17.0708670        3521      1   55794.422517200         892    13.526    20.913     27.586    1.950       2.275           0    16908292            0            1    10380774 
   55794.374747200        12.881        0.115        35212010002068  339.4747950   17.0709770   22h37m53.95s   17d04m15.52s      2               0    5.621518e-07         134          14           0        15.722            0.017     13.017           null   13.048         null    0.123        null        10380859001777  339.4748470   17.0708730        3521      1   55794.379707200         892    14.736    20.633     27.624    1.950       1.845           0      131072            0            1    10380859 
   55821.364667200        13.186        0.029        35212010002068  339.4747950   17.0709770   22h37m53.95s   17d04m15.52s      2               0    5.621518e-07         134          14           0        15.722            0.017     13.017           null   13.048         null    0.123        null        10511298004036  339.4748740   17.0708750        3521      1   55821.369947200         919    13.196    20.981     27.702    1.950       2.652           0    16908292            0            1    10511298 
   55821.319317200        13.147        0.029        35212010002068  339.4747950   17.0709770   22h37m53.95s   17d04m15.52s      2               0    5.621518e-07         134          14           0        15.722            0.017     13.017           null   13.048         null    0.123        null        10511326004059  339.4748660   17.0708820        3521      1   55821.324607200         919    13.153    20.962     27.712    2.150       2.653           0    16908292            0            1    10511326 
   55471.200687200        13.124        0.117        35212010002068  339.4747950   17.0709770   22h37m53.95s   17d04m15.52s      2               0    5.621518e-07         134          14           0        15.722            0.017     13.017           null   13.048         null    0.123        null        10799056005438  339.4748550   17.0708490        3521      1   55471.205667200         562    13.184    21.646     27.870    2.150       2.811           0    16908292            0            1    10799056 
   55471.244407200        13.166        0.117        35212010002068  339.4747950   17.0709770   22h37m53.95s   17d04m15.52s      2               0    5.621518e-07         134          14           0        15.722            0.017     13.017           null   13.048         null    0.123        null        10799148004949  339.4748540   17.0708870        3521      1   55471.249397200         562    13.152    21.684     27.798    1.950       2.615           0    16908292            0            1    10799148 
   55483.166527200        13.187        0.028        35212010002068  339.4747950   17.0709770   22h37m53.95s   17d04m15.52s      2               0    5.621518e-07         134          14           0        15.722            0.017     13.017           null   13.048         null    0.123        null        10856278004965  339.4748460   17.0708730        3521      1   55483.171037200         577    13.186    21.472     27.814    2.050       2.347           0    16908292            0            1    10856278 
   55483.122857200        13.112        0.028        35212010002068  339.4747950   17.0709770   22h37m53.95s   17d04m15.52s      2               0    5.621518e-07         134          14           0        15.722            0.017     13.017           null   13.048         null    0.123        null        10856333004834  339.4748650   17.0708890        3521      1   55483.127367200         577    13.103    21.361     27.796    2.150       2.724           0    16908292            0            1    10856333 
   55443.230767200        13.118        0.029        35212010002068  339.4747950   17.0709770   22h37m53.95s   17d04m15.52s      2               0    5.621518e-07         134          14           0        15.722            0.017     13.017           null   13.048         null    0.123        null        10906546005248  339.4748680   17.0709060        3521      1   55443.236027200         538    13.116    21.593     27.793    2.150       3.103           0    16908292            0            1    10906546 
   55443.185917200        13.055        0.029        35212010002068  339.4747950   17.0709770   22h37m53.95s   17d04m15.52s      2               0    5.621518e-07         134          14           0        15.722            0.017     13.017           null   13.048         null    0.123        null        10906554004631  339.4748600   17.0708730        3521      1   55443.191177200         538    13.053    21.292     27.762    2.450       2.961           0    16908292            0            1    10906554 
   55446.312747200        13.193        0.038        35212010002068  339.4747950   17.0709770   22h37m53.95s   17d04m15.52s      2               0    5.621518e-07         134          14           0        15.722            0.017     13.017           null   13.048         null    0.123        null        10912220005649  339.4748390   17.0709080        3521      1   55446.318037200         541    13.185    21.874     27.800    1.850       2.368           0    16908292            0            1    10912220 
   55446.269397200        13.172        0.038        35212010002068  339.4747950   17.0709770   22h37m53.95s   17d04m15.52s      2               0    5.621518e-07         134          14           0        15.722            0.017     13.017           null   13.048         null    0.123        null        10912266005757  339.4748370   17.0708680        3521      1   55446.274687200         541    13.161    21.793     27.799    1.950       2.481           0    16908292            0            1    10912266 
   55452.163847200        13.119        0.025        35212010002068  339.4747950   17.0709770   22h37m53.95s   17d04m15.52s      2               0    5.621518e-07         134          14           0        15.722            0.017     13.017           null   13.048         null    0.123        null        10932338004976  339.4748570   17.0708890        3521      1   55452.169147200         547    13.116    21.398     27.808    2.050       2.440           0    16908292            0            1    10932338 
   55452.206587200        13.118        0.025        35212010002068  339.4747950   17.0709770   22h37m53.95s   17d04m15.52s      2               0    5.621518e-07         134          14           0        15.722            0.017     13.017           null   13.048         null    0.123        null        10932452005060  339.4748630   17.0708710        3521      1   55452.211887200         547    13.120    21.478     27.824    2.250       2.718           0    16908292            0            1    10932452 
   55467.310857200        13.149        0.070        35212010002068  339.4747950   17.0709770   22h37m53.95s   17d04m15.52s      2               0    5.621518e-07         134          14           0        15.722            0.017     13.017           null   13.048         null    0.123        null        11077173004416  339.4748480   17.0708760        3521      1   55467.315957200         560    13.160    21.126     27.810    2.150       2.771           0    16908292            0            1    11077173 
   55468.221587200        13.158        0.250        35212010002068  339.4747950   17.0709770   22h37m53.95s   17d04m15.52s      2               0    5.621518e-07         134          14           0        15.722            0.017     13.017           null   13.048         null    0.123        null        11078099004936  339.4748530   17.0708740        3521      1   55468.226657200         558    13.179    21.447     27.855    2.250       2.710           0    16908292            0            1    11078099 
   55416.200397200        13.033        0.185        35212010002068  339.4747950   17.0709770   22h37m53.95s   17d04m15.52s      2               0    5.621518e-07         134          14           0        15.722            0.017     13.017           null   13.048         null    0.123        null        11122123002825  339.4748510   17.0708740        3521      1   55416.204827200         515    13.093    20.301     26.645    3.350       3.847           0      131072            0            1    11122123 
   55416.243347200        13.022        0.185        35212010002068  339.4747950   17.0709770   22h37m53.95s   17d04m15.52s      2               0    5.621518e-07         134          14           0        15.722            0.017     13.017           null   13.048         null    0.123        null        11122261003284  339.4748810   17.0708740        3521      1   55416.247777200         515    13.171    20.735     26.869    3.050       3.639           0      131072            0            1    11122261 
   55422.369597200        13.103        0.030        35212010002068  339.4747950   17.0709770   22h37m53.95s   17d04m15.52s      2               0    5.621518e-07         134          14           0        15.722            0.017     13.017           null   13.048         null    0.123        null        11147816005457  339.4748660   17.0708740        3521      1   55422.374307200         521    13.106    21.780     27.808    2.150       2.619           0    16908294            0            1    11147816 
   55422.414337200        13.115        0.030        35212010002068  339.4747950   17.0709770   22h37m53.95s   17d04m15.52s      2               0    5.621518e-07         134          14           0        15.722            0.017     13.017           null   13.048         null    0.123        null        11147968005148  339.4748540   17.0708760        3521      1   55422.419057200         521    13.122    21.759     27.806    2.150       2.617           0    16908294            0            1    11147968 
   55429.226357200        13.137        0.026        35212010002068  339.4747950   17.0709770   22h37m53.95s   17d04m15.52s      2               0    5.621518e-07         134          14           0        15.722            0.017     13.017           null   13.048         null    0.123        null        11192005003834  339.4748610   17.0708790        3521      1   55429.231317200         528    13.136    20.845     27.779    2.150       2.880           0    16908292            0            1    11192005 
   55429.183207200        13.086        0.026        35212010002068  339.4747950   17.0709770   22h37m53.95s   17d04m15.52s      2               0    5.621518e-07         134          14           0        15.722            0.017     13.017           null   13.048         null    0.123        null        11192202003522  339.4748500   17.0708660        3521      1   55429.188167200         528    13.080    20.598     27.731    2.250       2.867           0    16908292            0            1    11192202 
   55426.169847200        13.024        0.073        35212010002068  339.4747950   17.0709770   22h37m53.95s   17d04m15.52s      2               0    5.621518e-07         134          14           0        15.722            0.017     13.017           null   13.048         null    0.123        null        11197114003425  339.4748380   17.0708990        3521      1   55426.174707200         525    12.940    20.178     27.513    3.450       3.872           0      131074            0            1    11197114 
   55436.224917200        13.075        0.032        35212010002068  339.4747950   17.0709770   22h37m53.95s   17d04m15.52s      2               0    5.621518e-07         134          14           0        15.722            0.017     13.017           null   13.048         null    0.123        null        11208660003218  339.4748650   17.0708590        3521      1   55436.230067200         609    13.073    20.460     27.758    2.450       3.142           0    16908292            0            1    11208660 
   55436.176617200        13.009        0.032        35212010002068  339.4747950   17.0709770   22h37m53.95s   17d04m15.52s      2               0    5.621518e-07         134          14           0        15.722            0.017     13.017           null   13.048         null    0.123        null        11208880002968  339.4748530   17.0708810        3521      1   55436.181767200         609    13.002    20.253     27.716    2.850       3.479           0    16908292            0            1    11208880 
   55439.224367200        13.136        0.029        35212010002068  339.4747950   17.0709770   22h37m53.95s   17d04m15.52s      2               0    5.621518e-07         134          14           0        15.722            0.017     13.017           null   13.048         null    0.123        null        11225032004660  339.4748640   17.0708580        3521      1   55439.229567200         534    13.133    21.365     27.766    2.150       2.723           0    16908292            0            1    11225032 
   55439.179857200        13.048        0.029        35212010002068  339.4747950   17.0709770   22h37m53.95s   17d04m15.52s      2               0    5.621518e-07         134          14           0        15.722            0.017     13.017           null   13.048         null    0.123        null        11225074004488  339.4748580   17.0708690        3521      1   55439.185067200         534    13.044    21.185     27.726    2.550       3.103           0    16908292            0            1    11225074 
   55382.429197200        13.159        0.026        35212010002068  339.4747950   17.0709770   22h37m53.95s   17d04m15.52s      2               0    5.621518e-07         134          14           0        15.722            0.017     13.017           null   13.048         null    0.123        null        11241403004854  339.4748400   17.0708640        3521      1   55382.431397200         481    13.161    21.348     27.838    2.350       2.992           0    16908292            0            1    11241403 
   55382.386187200        13.098        0.026        35212010002068  339.4747950   17.0709770   22h37m53.95s   17d04m15.52s      2               0    5.621518e-07         134          14           0        15.722            0.017     13.017           null   13.048         null    0.123        null        11241417004446  339.4748400   17.0708730        3521      1   55382.388377200         481    13.101    21.276     27.824    2.350       2.788           0    16908292            0            1    11241417 
   55387.460507200        13.086        0.126        35212010002068  339.4747950   17.0709770   22h37m53.95s   17d04m15.52s      2               0    5.621518e-07         134          14           0        15.722            0.017     13.017           null   13.048         null    0.123        null        11260633005212  339.4748400   17.0708770        3521      1   55387.463097200         486    12.948    21.532     27.614    2.250       2.638           0    16908294            0            1    11260633 
   55387.412087200        13.120        0.126        35212010002068  339.4747950   17.0709770   22h37m53.95s   17d04m15.52s      2               0    5.621518e-07         134          14           0        15.722            0.017     13.017           null   13.048         null    0.123        null        11260799005256  339.4748320   17.0709190        3521      1   55387.414667200         486    13.027    21.786     27.655    1.950       2.600           0    16908294            0            1    11260799 
   55349.467407200        13.067        0.057        35212010002068  339.4747950   17.0709770   22h37m53.95s   17d04m15.52s      2               0    5.621518e-07         134          14           0        15.722            0.017     13.017           null   13.048         null    0.123        null        11335566004068  339.4748600   17.0708760        3521      1   55349.466757200         449    13.079    20.830     27.826    2.450       2.964           0    16908292            0            1    11335566 
   55419.358367200        13.019        0.206        35212010002068  339.4747950   17.0709770   22h37m53.95s   17d04m15.52s      2               0    5.621518e-07         134          14           0        15.722            0.017     13.017           null   13.048         null    0.123        null        11390524003917  339.4748620   17.0708760        3521      1   55419.362947200         518    12.893    20.961     26.866    2.450       2.789           0      131074            0            1    11390524 
   55419.401647200        13.013        0.206        35212010002068  339.4747950   17.0709770   22h37m53.95s   17d04m15.52s      2               0    5.621518e-07         134          14           0        15.722            0.017     13.017           null   13.048         null    0.123        null        11390685003678  339.4748560   17.0708640        3521      1   55419.406227200         518    12.984    20.948     26.880    2.650       2.911           0      131072            0            1    11390685 
   55364.433677200        13.027        0.030        35212010002068  339.4747950   17.0709770   22h37m53.95s   17d04m15.52s      2               0    5.621518e-07         134          14           0        15.722            0.017     13.017           null   13.048         null    0.123        null        11392975004685  339.4748520   17.0708640        3521      1   55364.434347200         463    13.027    21.417     27.780    2.550       3.047           0    16908294            0            1    11392975 
   55364.386147200        13.024        0.030        35212010002068  339.4747950   17.0709770   22h37m53.95s   17d04m15.52s      2               0    5.621518e-07         134          14           0        15.722            0.017     13.017           null   13.048         null    0.123        null        11392977004431  339.4748570   17.0708630        3521      1   55364.386807200         463    13.018    21.278     27.745    2.650       3.155           0    16908294            0            1    11392977 
   55369.460177200        13.121        0.026        35212010002068  339.4747950   17.0709770   22h37m53.95s   17d04m15.52s      2               0    5.621518e-07         134          14           0        15.722            0.017     13.017           null   13.048         null    0.123        null        11408518005069  339.4748410   17.0708630        3521      1   55369.461277200         468    13.118    21.678     27.835    2.150       2.796           0    16908292            0            1    11408518 
   55372.400097200        13.120        0.027        35212010002068  339.4747950   17.0709770   22h37m53.95s   17d04m15.52s      2               0    5.621518e-07         134          14           0        15.722            0.017     13.017           null   13.048         null    0.123        null        11411059003797  339.4748510   17.0708810        3521      1   55372.401447200         471    13.117    20.834     27.816    2.250       2.788           0    16908292            0            1    11411059 
   55372.356507200        13.047        0.027        35212010002068  339.4747950   17.0709770   22h37m53.95s   17d04m15.52s      2               0    5.621518e-07         134          14           0        15.722            0.017     13.017           null   13.048         null    0.123        null        11411122003202  339.4748510   17.0708600        3521      1   55372.357857200         471    13.046    20.454     27.787    2.750       3.188           0    16908292            0            1    11411122 
   55371.453437200        13.173        0.024        35212010002068  339.4747950   17.0709770   22h37m53.95s   17d04m15.52s      2               0    5.621518e-07         134          14           0        15.722            0.017     13.017           null   13.048         null    0.123        null        11413396004781  339.4748490   17.0708710        3521      1   55371.454717200         470    13.172    21.479     27.845    2.150       2.723           0    16908292            0            1    11413396 
   55370.457827200        13.156        0.025        35212010002068  339.4747950   17.0709770   22h37m53.95s   17d04m15.52s      2               0    5.621518e-07         134          14           0        15.722            0.017     13.017           null   13.048         null    0.123        null        11415784004991  339.4748490   17.0708720        3521      1   55370.459017200         469    13.161    21.749     27.853    2.150       2.709           0    16908292            0            1    11415784 
   55377.357017200        13.038        0.027        35212010002068  339.4747950   17.0709770   22h37m53.95s   17d04m15.52s      2               0    5.621518e-07         134          14           0        15.722            0.017     13.017           null   13.048         null    0.123        null        11430952003452  339.4748560   17.0708730        3521      1   55377.358787200         476    13.040    20.528     27.755    2.550       2.929           0    16908292            0            1    11430952 
   55377.401227200        13.048        0.027        35212010002068  339.4747950   17.0709770   22h37m53.95s   17d04m15.52s      2               0    5.621518e-07         134          14           0        15.722            0.017     13.017           null   13.048         null    0.123        null        11430984003373  339.4748660   17.0708570        3521      1   55377.403007200         476    13.054    20.607     27.779    2.550       2.949           0    16908294            0            1    11430984 
   55137.187677200        13.166        0.026        35212010002068  339.4747950   17.0709770   22h37m53.95s   17d04m15.52s      2               0    5.621518e-07         134          14           0        15.722            0.017     13.017           null   13.048         null    0.123        null        11785647003132  339.4748650   17.0708590        3521      1   55137.191017200         244    13.170    20.532     27.881    2.250       3.007           0    16908292            0            1    11785647 
   55138.179157200        13.105        0.040        35212010002068  339.4747950   17.0709770   22h37m53.95s   17d04m15.52s      2               0    5.621518e-07         134          14           0        15.722            0.017     13.017           null   13.048         null    0.123        null        11788716003339  339.4748730   17.0708870        3521      1   55138.182427200         245    13.096    20.407     27.852    2.650       3.182           0    16908292            0            1    11788716 
   55142.163267200        13.118        0.027        35212010002068  339.4747950   17.0709770   22h37m53.95s   17d04m15.52s      2               0    5.621518e-07         134          14           0        15.722            0.017     13.017           null   13.048         null    0.123        null        11794001004984  339.4748510   17.0708760        3521      1   55142.166237200         282    13.126    21.440     27.872    2.250       2.916           0    16908292            0            1    11794001 
   55142.118957200        13.103        0.027        35212010002068  339.4747950   17.0709770   22h37m53.95s   17d04m15.52s      2               0    5.621518e-07         134          14           0        15.722            0.017     13.017           null   13.048         null    0.123        null        11794104004765  339.4748560   17.0708730        3521      1   55142.121927200         282    13.114    21.256     27.870    2.550       2.985           0    16908292            0            1    11794104 
   55123.223387200        13.117        0.027        35212010002068  339.4747950   17.0709770   22h37m53.95s   17d04m15.52s      2               0    5.621518e-07         134          14           0        15.722            0.017     13.017           null   13.048         null    0.123        null        11812126005516  339.4748540   17.0709080        3521      1   55123.227627200         232    13.129    21.573     27.912    2.150       3.544           0    16908292            0            1    11812126 
   55045.207707200        13.020        0.027        35212010002068  339.4747950   17.0709770   22h37m53.95s   17d04m15.52s      2               0    5.621518e-07         134          14           0        15.722            0.017     13.017           null   13.048         null    0.123        null        11860485003190  339.4748400   17.0708820        3521      1   55045.211847200         159    13.013    20.084     27.346    3.150       3.781           0    16908292            0            1    11860485 
   55045.289337200        13.248        0.027        35212010002068  339.4747950   17.0709770   22h37m53.95s   17d04m15.52s      2               0    5.621518e-07         134          14           0        15.722            0.017     13.017           null   13.048         null    0.123        null        11860493004515  339.4748550   17.0708980        3521      1   55045.293477200         159    13.254    20.903     27.455    2.150       4.839           0    16908292            0            1    11860493 
   55049.426157200        13.268        0.027        35212010002068  339.4747950   17.0709770   22h37m53.95s   17d04m15.52s      2               0    5.621518e-07         134          14           0        15.722            0.017     13.017           null   13.048         null    0.123        null        11862929003117  339.4748770   17.0708730        3521      1   55049.430517200         163    13.275    20.099     27.420    2.250       3.981           0    16908292            0            1    11862929 
   55054.221717200        13.007        0.055        35212010002068  339.4747950   17.0709770   22h37m53.95s   17d04m15.52s      2               0    5.621518e-07         134          14           0        15.722            0.017     13.017           null   13.048         null    0.123        null        11869567002571  339.4748890   17.0708740        3521      1   55054.226297200         168    12.999    19.814     27.228    3.550       3.646           0      131072            0            1    11869567 
   55066.328927200        13.233        0.032        35212010002068  339.4747950   17.0709770   22h37m53.95s   17d04m15.52s      2               0    5.621518e-07         134          14           0        15.722            0.017     13.017           null   13.048         null    0.123        null        11883377005677  339.4748810   17.0708910        3521      1   55066.333957200         180    13.238    21.585     27.241    1.750       2.512           0    16908295            0            1    11883377 
   55066.284507200        13.221        0.032        35212010002068  339.4747950   17.0709770   22h37m53.95s   17d04m15.52s      2               0    5.621518e-07         134          14           0        15.722            0.017     13.017           null   13.048         null    0.123        null        11883394005448  339.4748720   17.0709460        3521      1   55066.289537200         180    13.249    21.538     27.220    1.750       3.635           0    16908295            0            1    11883394 
   55061.271507200        13.146        0.027        35212010002068  339.4747950   17.0709770   22h37m53.95s   17d04m15.52s      2               0    5.621518e-07         134          14           0        15.722            0.017     13.017           null   13.048         null    0.123        null        11892875005484  339.4748460   17.0708900        3521      1   55061.276377200         175    13.159    21.421     27.359    2.150       3.393           0    16908294            0            1    11892875 
   55061.369177200        13.214        0.027        35212010002068  339.4747950   17.0709770   22h37m53.95s   17d04m15.52s      2               0    5.621518e-07         134          14           0        15.722            0.017     13.017           null   13.048         null    0.123        null        11892899005801  339.4748510   17.0708820        3521      1   55061.374047200         175    13.229    21.563     27.366    2.150       4.131           0    50462726            0            1    11892899 
   55056.350197200        13.155        0.026        35212010002068  339.4747950   17.0709770   22h37m53.95s   17d04m15.52s      2               0    5.621518e-07         134          14           0        15.722            0.017     13.017           null   13.048         null    0.123        null        11898883004826  339.4748460   17.0708640        3521      1   55056.354877200         170    13.164    21.064     27.379    2.250       3.981           0    16908294            0            1    11898883 
   55056.268047200        13.144        0.026        35212010002068  339.4747950   17.0709770   22h37m53.95s   17d04m15.52s      2               0    5.621518e-07         134          14           0        15.722            0.017     13.017           null   13.048         null    0.123        null        11898894005053  339.4748680   17.0708920        3521      1   55056.272717200         170    13.151    21.070     27.352    2.350       3.431           0    16908294            0            1    11898894 
   55019.451217200        13.014        0.034        35212010002068  339.4747950   17.0709770   22h37m53.95s   17d04m15.52s      2               0    5.621518e-07         134          14           0        15.722            0.017     13.017           null   13.048         null    0.123        null        11910381003119  339.4748690   17.0708750        3521      1   55019.453587200         133    13.033    20.197     27.262    2.550       2.856           0    16908294            0            1    11910381 
   55019.390137200        13.016        0.034        35212010002068  339.4747950   17.0709770   22h37m53.95s   17d04m15.52s      2               0    5.621518e-07         134          14           0        15.722            0.017     13.017           null   13.048         null    0.123        null        11910426003056  339.4748460   17.0708710        3521      1   55019.392507200         133    13.030    20.113     27.243    2.550       2.850           0    16908294            0            1    11910426 
   55087.280887200        13.320        0.025        35212010002068  339.4747950   17.0709770   22h37m53.95s   17d04m15.52s      2               0    5.621518e-07         134          14           0        15.722            0.017     13.017           null   13.048         null    0.123        null        11917194006148  339.4748930   17.0708810        3521      1   55087.286197200         199    13.318    21.601     27.424    2.050       3.440           0    16908294            0            1    11917194 
   55087.325037200        13.185        0.025        35212010002068  339.4747950   17.0709770   22h37m53.95s   17d04m15.52s      2               0    5.621518e-07         134          14           0        15.722            0.017     13.017           null   13.048         null    0.123        null        11917208005850  339.4748680   17.0708770        3521      1   55087.330337200         199    13.185    21.481     27.421    2.250       3.333           0    16908292            0            1    11917208 
   55032.282817200        13.264        0.045        35212010002068  339.4747950   17.0709770   22h37m53.95s   17d04m15.52s      2               0    5.621518e-07         134          14           0        15.722            0.017     13.017           null   13.048         null    0.123        null        11954921002512  339.4748890   17.0708700        3521      1   55032.286137200         146    14.617    20.980     27.335    2.250       2.720           0      131072            0            1    11954921 
   55031.383737200        13.372        0.031        35212010002068  339.4747950   17.0709770   22h37m53.95s   17d04m15.52s      2               0    5.621518e-07         134          14           0        15.722            0.017     13.017           null   13.048         null    0.123        null        11956536006121  339.4748880   17.0709200        3521      1   55031.387007200         145    13.373    21.600     27.431    2.050       4.399           0      131072            0            1    11956536 
   55039.420947200        13.268        0.030        35212010002068  339.4747950   17.0709770   22h37m53.95s   17d04m15.52s      2               0    5.621518e-07         134          14           0        15.722            0.017     13.017           null   13.048         null    0.123        null        11983407006075  339.4748880   17.0709020        3521      1   55039.424747200         153    13.268    21.545     27.402    2.150       3.537           0    16908292            0            1    11983407 
   55039.376907200        13.213        0.030        35212010002068  339.4747950   17.0709770   22h37m53.95s   17d04m15.52s      2               0    5.621518e-07         134          14           0        15.722            0.017     13.017           null   13.048         null    0.123        null        11983503005564  339.4748910   17.0708820        3521      1   55039.380697200         153    13.212    21.504     27.382    2.150       3.269           0    16908292            0            1    11983503 
   55498.219327200        13.121        0.196        35212010002068  339.4747950   17.0709770   22h37m53.95s   17d04m15.52s      2               0    5.621518e-07         134          14           0        15.722            0.017     13.017           null   13.048         null    0.123        null        12781517003911  339.4748540   17.0708650        3521      1   55498.222967200         593    13.352    21.108     27.724    2.150       2.632           0    16908292            0            1    12781517 
   55498.274697200        13.164        0.196        35212010002068  339.4747950   17.0709770   22h37m53.95s   17d04m15.52s      2               0    5.621518e-07         134          14           0        15.722            0.017     13.017           null   13.048         null    0.123        null        12781770004532  339.4748750   17.0708720        3521      1   55498.278327200         593    12.993    21.129     27.629    2.050       2.794           0    16908292            0            1    12781770 
   55458.418447200        13.106        0.029        35212010002068  339.4747950   17.0709770   22h37m53.95s   17d04m15.52s      2               0    5.621518e-07         134          14           0        15.722            0.017     13.017           null   13.048         null    0.123        null        12794281003955  339.4748660   17.0708690        3521      1   55458.423707200         553    13.101    20.919     27.793    2.350       2.865           0    16908292            0            1    12794281 
   55458.351667200        13.112        0.029        35212010002068  339.4747950   17.0709770   22h37m53.95s   17d04m15.52s      2               0    5.621518e-07         134          14           0        15.722            0.017     13.017           null   13.048         null    0.123        null        12794437003839  339.4748760   17.0708760        3521      1   55458.356927200         553    13.113    20.824     27.818    2.250       2.776           0    16908292            0            1    12794437 
   55480.170497200        13.153        0.028        35212010002068  339.4747950   17.0709770   22h37m53.95s   17d04m15.52s      2               0    5.621518e-07         134          14           0        15.722            0.017     13.017           null   13.048         null    0.123        null        12805116004966  339.4748740   17.0708590        3521      1   55480.175147200         574    13.154    21.375     27.813    2.250       2.679           0    16908292            0            1    12805116 
   55480.128187200        13.106        0.028        35212010002068  339.4747950   17.0709770   22h37m53.95s   17d04m15.52s      2               0    5.621518e-07         134          14           0        15.722            0.017     13.017           null   13.048         null    0.123        null        12805131004805  339.4748660   17.0708730        3521      1   55480.132837200         574    13.110    21.312     27.790    2.350       2.414           0    16908292            0            1    12805131 
   56202.157977200        13.188        0.028        35212010002068  339.4747950   17.0709770   22h37m53.95s   17d04m15.52s      2               0    5.621518e-07         134          14           0        15.722            0.017     13.017           null   13.048         null    0.123        null        14273573003486  339.4748510   17.0708600        3521      1   56202.162947200        1299    13.204    20.632     27.833    2.150       2.647           0    16908292            0            1    14273573 
   56202.128807200        13.150        0.028        35212010002068  339.4747950   17.0709770   22h37m53.95s   17d04m15.52s      2               0    5.621518e-07         134          14           0        15.722            0.017     13.017           null   13.048         null    0.123        null        14273576003480  339.4748560   17.0708670        3521      1   56202.133787200        1299    13.162    20.554     27.820    2.350       2.807           0    16908292            0            1    14273576 
   56202.187427200        13.158        0.028        35212010002068  339.4747950   17.0709770   22h37m53.95s   17d04m15.52s      2               0    5.621518e-07         134          14           0        15.722            0.017     13.017           null   13.048         null    0.123        null        14273609003507  339.4748610   17.0708570        3521      1   56202.192407200        1299    13.161    20.600     27.841    2.350       2.740           0    16908292            0            1    14273609 
   56204.112797200        12.981        0.373        35212010002068  339.4747950   17.0709770   22h37m53.95s   17d04m15.52s      2               0    5.621518e-07         134          14           0        15.722            0.017     13.017           null   13.048         null    0.123        null        14314176002554  339.4748180   17.0708600        3521      1   56204.117707200        1301    13.492    20.324     27.455    2.850       3.047           0      131072            0            1    14314176 
   56204.143157200        13.023        0.373        35212010002068  339.4747950   17.0709770   22h37m53.95s   17d04m15.52s      2               0    5.621518e-07         134          14           0        15.722            0.017     13.017           null   13.048         null    0.123        null        14314199003438  339.4748280   17.0708750        3521      1   56204.148067200        1301    13.246    20.719     27.529    2.450       2.576           0    16908292            0            1    14314199 
   56204.173637200        13.100        0.373        35212010002068  339.4747950   17.0709770   22h37m53.95s   17d04m15.52s      2               0    5.621518e-07         134          14           0        15.722            0.017     13.017           null   13.048         null    0.123        null        14314224004420  339.4748530   17.0708660        3521      1   56204.178537200        1301    12.810    20.716     27.534    2.550       3.125           0    16908292            0            1    14314224 
   56206.113627200        13.123        0.108        35212010002068  339.4747950   17.0709770   22h37m53.95s   17d04m15.52s      2               0    5.621518e-07         134          14           0        15.722            0.017     13.017           null   13.048         null    0.123        null        14340308004918  339.4748370   17.0708880        3521      1   56206.118457200        1303    13.154    21.239     27.891    2.650       3.211           0    16908292            0            1    14340308 
   56206.149307200        13.156        0.108        35212010002068  339.4747950   17.0709770   22h37m53.95s   17d04m15.52s      2               0    5.621518e-07         134          14           0        15.722            0.017     13.017           null   13.048         null    0.123        null        14340329005115  339.4748520   17.0708710        3521      1   56206.154137200        1303    13.184    21.490     27.896    2.350       2.698           0    16908292            0            1    14340329 
   56206.179597200        13.185        0.108        35212010002068  339.4747950   17.0709770   22h37m53.95s   17d04m15.52s      2               0    5.621518e-07         134          14           0        15.722            0.017     13.017           null   13.048         null    0.123        null        14340359005196  339.4748620   17.0708740        3521      1   56206.184427200        1303    13.192    21.606     27.881    2.150       2.640           0    16908292            0            1    14340359 
   56228.184547200        13.179        0.025        35212010002068  339.4747950   17.0709770   22h37m53.95s   17d04m15.52s      2               0    5.621518e-07         134          14           0        15.722            0.017     13.017           null   13.048         null    0.123        null        14450215003604  339.4748490   17.0708540        3521      1   56228.188217200        1315    13.174    20.579     27.864    2.350       3.521           0    16908292            0            1    14450215 
   56228.215327200        13.135        0.025        35212010002068  339.4747950   17.0709770   22h37m53.95s   17d04m15.52s      2               0    5.621518e-07         134          14           0        15.722            0.017     13.017           null   13.048         null    0.123        null        14450231003164  339.4748590   17.0708790        3521      1   56228.218997200        1315    13.142    20.445     27.861    2.550       2.854           0    16908292            0            1    14450231 
   56230.249197200        13.217        0.025        35212010002068  339.4747950   17.0709770   22h37m53.95s   17d04m15.52s      2               0    5.621518e-07         134          14           0        15.722            0.017     13.017           null   13.048         null    0.123        null        14487301003235  339.4748400   17.0708700        3521      1   56230.252737200        1317    13.223    20.471     27.843    2.150       2.905           0    16908292            0            1    14487301 
   56234.212917200        13.105        0.048        35212010002068  339.4747950   17.0709770   22h37m53.95s   17d04m15.52s      2               0    5.621518e-07         134          14           0        15.722            0.017     13.017           null   13.048         null    0.123        null        14497523004230  339.4748440   17.0708710        3521      1   56234.216167200        1321    13.088    20.978     27.840    2.550       2.825           0    16908292            0            1    14497523 
   56234.244177200        13.102        0.048        35212010002068  339.4747950   17.0709770   22h37m53.95s   17d04m15.52s      2               0    5.621518e-07         134          14           0        15.722            0.017     13.017           null   13.048         null    0.123        null        14497538004036  339.4748320   17.0708690        3521      1   56234.247427200        1321    13.079    20.855     27.824    2.650       3.116           0    16908292            0            1    14497538 
   56236.145687200        13.129        0.028        35212010002068  339.4747950   17.0709770   22h37m53.95s   17d04m15.52s      2               0    5.621518e-07         134          14           0        15.722            0.017     13.017           null   13.048         null    0.123        null        14529701005033  339.4748570   17.0708790        3521      1   56236.148787200        1323    13.141    21.327     27.878    2.550       2.995           0    16908292            0            1    14529701 
   56238.121187200        13.190        0.026        35212010002068  339.4747950   17.0709770   22h37m53.95s   17d04m15.52s      2               0    5.621518e-07         134          14           0        15.722            0.017     13.017           null   13.048         null    0.123        null        14571459005149  339.4748620   17.0708840        3521      1   56238.124147200        1325    13.198    21.452     27.879    2.150       2.698           0    16908292            0            1    14571459 
   56238.091697200        13.178        0.026        35212010002068  339.4747950   17.0709770   22h37m53.95s   17d04m15.52s      2               0    5.621518e-07         134          14           0        15.722            0.017     13.017           null   13.048         null    0.123        null        14571481004997  339.4748550   17.0708800        3521      1   56238.094657200        1325    13.183    21.351     27.876    2.250       2.805           0    16908292            0            1    14571481 
   56232.228407200        13.187        0.068        35212010002068  339.4747950   17.0709770   22h37m53.95s   17d04m15.52s      2               0    5.621518e-07         134          14           0        15.722            0.017     13.017           null   13.048         null    0.123        null        14646437004182  339.4748240   17.0708840        3521      1   56232.231797200        1319    13.145    20.945     27.822    2.150       2.786           0    16908292            0            1    14646437 
   56251.084597200        13.184        0.026        35212010002068  339.4747950   17.0709770   22h37m53.95s   17d04m15.52s      2               0    5.621518e-07         134          14           0        15.722            0.017     13.017           null   13.048         null    0.123        null        14656421004674  339.4748520   17.0708810        3521      1   56251.086477200        1338    13.191    21.188     27.879    2.150       2.726           0    16908292            0            1    14656421 
   56251.114167200        13.124        0.026        35212010002068  339.4747950   17.0709770   22h37m53.95s   17d04m15.52s      2               0    5.621518e-07         134          14           0        15.722            0.017     13.017           null   13.048         null    0.123        null        14656431004468  339.4748610   17.0708980        3521      1   56251.116047200        1338    13.130    20.894     27.881    2.850       6.380           0    16908292            0            1    14656431 
   56255.081677200        13.156        0.025        35212010002068  339.4747950   17.0709770   22h37m53.95s   17d04m15.52s      2               0    5.621518e-07         134          14           0        15.722            0.017     13.017           null   13.048         null    0.123        null        14696885003745  339.4748600   17.0708840        3521      1   56255.083207200        1342    13.153    20.578     27.871    2.650       3.342           0    16908292            0            1    14696885 
   56255.112127200        13.030        0.025        35212010002068  339.4747950   17.0709770   22h37m53.95s   17d04m15.52s      2               0    5.621518e-07         134          14           0        15.722            0.017     13.017           null   13.048         null    0.123        null        14696913003339  339.4748490   17.0708740        3521      1   56255.113657200        1342    13.043    20.354     27.874    3.450       3.584           0    16908292            0            1    14696913 
   56267.144527200        13.117        0.234        35212010002068  339.4747950   17.0709770   22h37m53.95s   17d04m15.52s      2               0    5.621518e-07         134          14           0        15.722            0.017     13.017           null   13.048         null    0.123        null        14756100004329  339.4748560   17.0708730        3521      1   56267.144947200        1354    13.121    20.986     27.718    2.450       3.008           0    16908292            0            1    14756100 
   56267.186597200        13.129        0.234        35212010002068  339.4747950   17.0709770   22h37m53.95s   17d04m15.52s      2               0    5.621518e-07         134          14           0        15.722            0.017     13.017           null   13.048         null    0.123        null        14756123004039  339.4748470   17.0708700        3521      1   56267.187007200        1354    13.117    20.949     27.627    2.150       2.507           0    16908292            0            1    14756123 
   56265.173377200        13.067        0.237        35212010002068  339.4747950   17.0709770   22h37m53.95s   17d04m15.52s      2               0    5.621518e-07         134          14           0        15.722            0.017     13.017           null   13.048         null    0.123        null        14765409003789  339.4748530   17.0708730        3521      1   56265.173987200        1352    13.310    20.980     27.680    2.350       2.589           0    16908292            0            1    14765409 
   56265.143887200        13.126        0.237        35212010002068  339.4747950   17.0709770   22h37m53.95s   17d04m15.52s      2               0    5.621518e-07         134          14           0        15.722            0.017     13.017           null   13.048         null    0.123        null        14765419005104  339.4748300   17.0708690        3521      1   56265.144497200        1352    13.120    21.422     27.844    2.350       2.629           0    16908292            0            1    14765419 
   56271.223777200        13.005        0.040        35212010002068  339.4747950   17.0709770   22h37m53.95s   17d04m15.52s      2               0    5.621518e-07         134          14           0        15.722            0.017     13.017           null   13.048         null    0.123        null        14806131003503  339.4748670   17.0708890        3521      1   56271.223807200        1358    12.992    20.514     27.738    3.650       3.766           0      131072            0            1    14806131 
   56257.088927200        13.132        0.026        35212010002068  339.4747950   17.0709770   22h37m53.95s   17d04m15.52s      2               0    5.621518e-07         134          14           0        15.722            0.017     13.017           null   13.048         null    0.123        null        15702199003425  339.4748500   17.0708590        3521      1   56257.090267200        1344    13.129    20.547     27.855    2.750       3.459           0    16908292            0            1    15702199 
   56257.119777200        13.171        0.026        35212010002068  339.4747950   17.0709770   22h37m53.95s   17d04m15.52s      2               0    5.621518e-07         134          14           0        15.722            0.017     13.017           null   13.048         null    0.123        null        15702237003840  339.4748650   17.0708690        3521      1   56257.121127200        1344    13.170    20.763     27.859    2.250       2.882           0    16908292            0            1    15702237 
   56911.286797200        13.124        0.029        35212010002068  339.4747950   17.0709770   22h37m53.95s   17d04m15.52s      2               0    5.621518e-07         134          14           0        15.722            0.017     13.017           null   13.048         null    0.123        null        21287618003292  339.4748460   17.0708700        3521      1   56911.292097200        1975    13.088    20.473     27.747    2.350       2.703           0    16908292            0            1    21287618 
