   55783.493537200        16.165        0.032        35212000005780  339.0328540   17.4300780   22h36m07.88s   17d25m48.28s      2               0    1.381220e-06         132         122         109        16.163            0.002     16.174         16.173   16.181       16.176    0.050       0.020        10358489003029  339.0328690   17.4300940        3521      0   55783.498077200         881    16.174    21.705     27.983    2.150      20.229           0      131074            0            1    10358489 
   55783.450517200        16.161        0.032        35212000005780  339.0328540   17.4300780   22h36m07.88s   17d25m48.28s      2               0    1.381220e-06         132         122         109        16.163            0.002     16.174         16.173   16.181       16.176    0.050       0.020        10358546003354  339.0328450   17.4300820        3521      0   55783.455047200         881    16.157    21.903     27.996    2.050      20.011           0      131074            0            1    10358546 
   55794.417557200        16.196        0.128        35212000005780  339.0328540   17.4300780   22h36m07.88s   17d25m48.28s      2               0    1.381220e-06         132         122         109        16.163            0.002     16.174         16.173   16.181       16.176    0.050       0.020        10381024001672  339.0329040   17.4301620        3521      0   55794.422517200         892    16.752    20.936     27.855    2.150      17.818           0      131074            0            1    10381024 
   55794.374747200        16.659        0.155        35212000005780  339.0328540   17.4300780   22h36m07.88s   17d25m48.28s      2               0    1.381220e-06         132         122         109        16.163            0.002     16.174         16.173   16.181       16.176    0.050       0.020        10381090000948  339.0332250   17.4302710        3521      0   55794.379707200         892    18.344    20.779     27.902    2.050       9.602           0      131074            0            1    10381090 
   55821.364667200        16.194        0.029        35212000005780  339.0328540   17.4300780   22h36m07.88s   17d25m48.28s      2               0    1.381220e-06         132         122         109        16.163            0.002     16.174         16.173   16.181       16.176    0.050       0.020        10510320002182  339.0328440   17.4300420        3521      0   55821.369947200         919    16.210    21.077     27.968    2.050      18.774           0      131072            0            1    10510320 
   55821.319317200        16.163        0.029        35212000005780  339.0328540   17.4300780   22h36m07.88s   17d25m48.28s      2               0    1.381220e-06         132         122         109        16.163            0.002     16.174         16.173   16.181       16.176    0.050       0.020        10510348002251  339.0328730   17.4300840        3521      0   55821.324607200         919    16.175    21.065     27.977    2.250      19.471           0      131074            0            1    10510348 
   55471.200687200        16.163        0.033        35212000005780  339.0328540   17.4300780   22h36m07.88s   17d25m48.28s      2               0    1.381220e-06         132         122         109        16.163            0.002     16.174         16.173   16.181       16.176    0.050       0.020        10798349003132  339.0328300   17.4300740        3521      0   55471.205667200         562    16.175    21.790     28.094    2.050      20.127           0      131074            0            1    10798349 
   55471.244407200        16.157        0.033        35212000005780  339.0328540   17.4300780   22h36m07.88s   17d25m48.28s      2               0    1.381220e-06         132         122         109        16.163            0.002     16.174         16.173   16.181       16.176    0.050       0.020        10798441003174  339.0328600   17.4300860        3521      0   55471.249397200         562    16.162    21.787     28.089    2.050      20.032           0      131074            0            1    10798441 
   55483.166527200        16.163        0.029        35212000005780  339.0328540   17.4300780   22h36m07.88s   17d25m48.28s      2               0    1.381220e-06         132         122         109        16.163            0.002     16.174         16.173   16.181       16.176    0.050       0.020        10855740003013  339.0328810   17.4301120        3521      0   55483.171037200         577    16.173    21.728     28.087    1.850      19.911           0      131074            0            1    10855740 
   55483.122857200        16.150        0.029        35212000005780  339.0328540   17.4300780   22h36m07.88s   17d25m48.28s      2               0    1.381220e-06         132         122         109        16.163            0.002     16.174         16.173   16.181       16.176    0.050       0.020        10855795002863  339.0328500   17.4300890        3521      0   55483.127367200         577    16.152    21.553     28.069    2.050      20.310           0      131074            0            1    10855795 
   55443.230767200        16.143        0.027        35212000005780  339.0328540   17.4300780   22h36m07.88s   17d25m48.28s      2               0    1.381220e-06         132         122         109        16.163            0.002     16.174         16.173   16.181       16.176    0.050       0.020        10908450003300  339.0328020   17.4300660        3521      0   55443.236027200         538    16.139    21.793     28.068    2.050      20.257           0      131074            0            1    10908450 
   55443.185917200        16.137        0.028        35212000005780  339.0328540   17.4300780   22h36m07.88s   17d25m48.28s      2               0    1.381220e-06         132         122         109        16.163            0.002     16.174         16.173   16.181       16.176    0.050       0.020        10908458002847  339.0328260   17.4301010        3521      0   55443.191177200         538    16.134    21.486     28.038    2.350      19.843           0      131074            0            1    10908458 
   55446.312747200        16.166        0.038        35212000005780  339.0328540   17.4300780   22h36m07.88s   17d25m48.28s      2               0    1.381220e-06         132         122         109        16.163            0.002     16.174         16.173   16.181       16.176    0.050       0.020        10913466003554  339.0328420   17.4300640        3521      0   55446.318037200         541    16.170    22.087     28.082    1.750      19.959           0      131074            0            1    10913466 
   55446.269397200        16.172        0.038        35212000005780  339.0328540   17.4300780   22h36m07.88s   17d25m48.28s      2               0    1.381220e-06         132         122         109        16.163            0.002     16.174         16.173   16.181       16.176    0.050       0.020        10913512003417  339.0328630   17.4301120        3521      0   55446.274687200         541    16.177    22.005     28.079    1.850      19.820           0      131074            0            1    10913512 
   55452.163847200        16.169        0.025        35212000005780  339.0328540   17.4300780   22h36m07.88s   17d25m48.28s      2               0    1.381220e-06         132         122         109        16.163            0.002     16.174         16.173   16.181       16.176    0.050       0.020        10932610002980  339.0328210   17.4300690        3521      0   55452.169147200         547    16.176    21.521     28.084    2.050      19.596           0      131074            0            1    10932610 
   55452.206587200        16.142        0.025        35212000005780  339.0328540   17.4300780   22h36m07.88s   17d25m48.28s      2               0    1.381220e-06         132         122         109        16.163            0.002     16.174         16.173   16.181       16.176    0.050       0.020        10932723003109  339.0328220   17.4300660        3521      0   55452.211887200         547    16.149    21.724     28.100    2.050      20.038           0      131074            0            1    10932723 
   55467.310857200        16.186        0.054        35212000005780  339.0328540   17.4300780   22h36m07.88s   17d25m48.28s      2               0    1.381220e-06         132         122         109        16.163            0.002     16.174         16.173   16.181       16.176    0.050       0.020        11077739002537  339.0328200   17.4300600        3521      0   55467.315957200         560    16.184    21.316     28.057    2.050      19.373           0      131074            0            1    11077739 
   55468.221587200        16.182        0.186        35212000005780  339.0328540   17.4300780   22h36m07.88s   17d25m48.28s      2               0    1.381220e-06         132         122         109        16.163            0.002     16.174         16.173   16.181       16.176    0.050       0.020        11078422002975  339.0328600   17.4301010        3521      0   55468.226657200         558    16.219    21.652     28.121    2.050      19.926           0      131074            0            1    11078422 
   55416.200397200        16.209        0.193        35212000005780  339.0328540   17.4300780   22h36m07.88s   17d25m48.28s      2               0    1.381220e-06         132         122         109        16.163            0.002     16.174         16.173   16.181       16.176    0.050       0.020        11121847002077  339.0328920   17.4301210        3521      0   55416.204827200         515    16.266    20.536     26.904    3.150      17.699           0      131074            0            1    11121847 
   55416.243347200        16.184        0.193        35212000005780  339.0328540   17.4300780   22h36m07.88s   17d25m48.28s      2               0    1.381220e-06         132         122         109        16.163            0.002     16.174         16.173   16.181       16.176    0.050       0.020        11121985002221  339.0328690   17.4300870        3521      0   55416.247777200         515    16.315    21.001     27.119    2.750      18.677           0      131074            0            1    11121985 
   55422.369597200        16.148        0.027        35212000005780  339.0328540   17.4300780   22h36m07.88s   17d25m48.28s      2               0    1.381220e-06         132         122         109        16.163            0.002     16.174         16.173   16.181       16.176    0.050       0.020        11149623003542  339.0328480   17.4300970        3521      0   55422.374307200         521    16.141    22.020     28.093    2.050      20.591           0      131074            0            1    11149623 
   55422.414337200        16.139        0.027        35212000005780  339.0328540   17.4300780   22h36m07.88s   17d25m48.28s      2               0    1.381220e-06         132         122         109        16.163            0.002     16.174         16.173   16.181       16.176    0.050       0.020        11149774003418  339.0328400   17.4300840        3521      0   55422.419057200         521    16.136    21.946     28.091    2.150      20.741           0      131074            0            1    11149774 
   55429.226357200        16.217        0.029        35212000005780  339.0328540   17.4300780   22h36m07.88s   17d25m48.28s      2               0    1.381220e-06         132         122         109        16.163            0.002     16.174         16.173   16.181       16.176    0.050       0.020        11200816002332  339.0328050   17.4300420        3521      0   55429.231317200         528    16.216    21.110     28.058    1.950      19.052           0      131074            0            1    11200816 
   55429.183207200        16.185        0.030        35212000005780  339.0328540   17.4300780   22h36m07.88s   17d25m48.28s      2               0    1.381220e-06         132         122         109        16.163            0.002     16.174         16.173   16.181       16.176    0.050       0.020        11201013002126  339.0328760   17.4301280        3521      0   55429.188167200         528    16.177    20.807     28.006    2.150      18.745           0      131074            0            1    11201013 
   55436.224917200        16.164        0.037        35212000005780  339.0328540   17.4300780   22h36m07.88s   17d25m48.28s      2               0    1.381220e-06         132         122         109        16.163            0.002     16.174         16.173   16.181       16.176    0.050       0.020        11207843002061  339.0328200   17.4300590        3521      0   55436.230067200         609    16.156    20.701     28.040    2.350      18.097           0      131074            0            1    11207843 
   55436.176617200        16.212        0.037        35212000005780  339.0328540   17.4300780   22h36m07.88s   17d25m48.28s      2               0    1.381220e-06         132         122         109        16.163            0.002     16.174         16.173   16.181       16.176    0.050       0.020        11208062001903  339.0328490   17.4300720        3521      0   55436.181767200         609    16.194    20.521     27.991    2.650      17.040           0      131074            0            1    11208062 
   55426.169847200        16.201        0.068        35212000005780  339.0328540   17.4300780   22h36m07.88s   17d25m48.28s      2               0    1.381220e-06         132         122         109        16.163            0.002     16.174         16.173   16.181       16.176    0.050       0.020        11224126002067  339.0329150   17.4301000        3521      0   55426.174707200         525    16.097    20.468     27.780    3.150      18.339           0      131074            0            1    11224126 
   55439.224367200        16.167        0.028        35212000005780  339.0328540   17.4300780   22h36m07.88s   17d25m48.28s      2               0    1.381220e-06         132         122         109        16.163            0.002     16.174         16.173   16.181       16.176    0.050       0.020        11225283003010  339.0328300   17.4300700        3521      0   55439.229567200         534    16.164    21.655     28.051    1.950      19.612           0      131074            0            1    11225283 
   55439.179857200        16.170        0.028        35212000005780  339.0328540   17.4300780   22h36m07.88s   17d25m48.28s      2               0    1.381220e-06         132         122         109        16.163            0.002     16.174         16.173   16.181       16.176    0.050       0.020        11225325002954  339.0328320   17.4300880        3521      0   55439.185067200         534    16.161    21.500     28.010    2.250      19.907           0      131074            0            1    11225325 
   55382.429197200        16.167        0.026        35212000005780  339.0328540   17.4300780   22h36m07.88s   17d25m48.28s      2               0    1.381220e-06         132         122         109        16.163            0.002     16.174         16.173   16.181       16.176    0.050       0.020        11241165002963  339.0328130   17.4300520        3521      0   55382.431397200         481    16.176    21.602     28.124    2.150      19.909           0      131074            0            1    11241165 
   55382.386187200        16.162        0.026        35212000005780  339.0328540   17.4300780   22h36m07.88s   17d25m48.28s      2               0    1.381220e-06         132         122         109        16.163            0.002     16.174         16.173   16.181       16.176    0.050       0.020        11241179002838  339.0328660   17.4301070        3521      0   55382.388377200         481    16.173    21.482     28.110    2.250      19.820           0      131074            0            1    11241179 
   55387.460507200        16.184        0.190        35212000005780  339.0328540   17.4300780   22h36m07.88s   17d25m48.28s      2               0    1.381220e-06         132         122         109        16.163            0.002     16.174         16.173   16.181       16.176    0.050       0.020        11261130003292  339.0328280   17.4300530        3521      0   55387.463097200         486    15.956    21.575     27.825    2.250      19.667           0      131074            0            1    11261130 
   55387.412087200        16.154        0.190        35212000005780  339.0328540   17.4300780   22h36m07.88s   17d25m48.28s      2               0    1.381220e-06         132         122         109        16.163            0.002     16.174         16.173   16.181       16.176    0.050       0.020        11261216003766  339.0328390   17.4300760        3521      0   55387.414667200         486    16.035    22.015     27.929    1.850      20.027           0      131074            0            1    11261216 
   55349.467407200        16.157        0.058        35212000005780  339.0328540   17.4300780   22h36m07.88s   17d25m48.28s      2               0    1.381220e-06         132         122         109        16.163            0.002     16.174         16.173   16.181       16.176    0.050       0.020        11335384002432  339.0328140   17.4300590        3521      0   55349.466757200         449    16.180    21.046     28.125    2.350      19.329           0      131074            0            1    11335384 
   55364.433677200        16.174        0.031        35212000005780  339.0328540   17.4300780   22h36m07.88s   17d25m48.28s      2               0    1.381220e-06         132         122         109        16.163            0.002     16.174         16.173   16.181       16.176    0.050       0.020        11389733003182  339.0328360   17.4300790        3521      0   55364.434347200         463    16.171    21.705     28.099    2.350      20.257           0      131074            0            1    11389733 
   55364.386147200        16.157        0.032        35212000005780  339.0328540   17.4300780   22h36m07.88s   17d25m48.28s      2               0    1.381220e-06         132         122         109        16.163            0.002     16.174         16.173   16.181       16.176    0.050       0.020        11389735003019  339.0328500   17.4300530        3521      0   55364.386807200         463    16.145    21.559     28.063    2.450      19.892           0      131074            0            1    11389735 
   55419.358367200        16.159        0.263        35212000005780  339.0328540   17.4300780   22h36m07.88s   17d25m48.28s      2               0    1.381220e-06         132         122         109        16.163            0.002     16.174         16.173   16.181       16.176    0.050       0.020        11395185002684  339.0328490   17.4300700        3521      0   55419.362947200         518    15.978    21.159     27.069    2.250      19.680           0      131074            0            1    11395185 
   55419.401647200        16.138        0.263        35212000005780  339.0328540   17.4300780   22h36m07.88s   17d25m48.28s      2               0    1.381220e-06         132         122         109        16.163            0.002     16.174         16.173   16.181       16.176    0.050       0.020        11395348002417  339.0328990   17.4300780        3521      0   55419.406227200         518    16.070    21.146     27.086    2.450      20.074           0      131074            0            1    11395348 
   55369.460177200        16.155        0.030        35212000005780  339.0328540   17.4300780   22h36m07.88s   17d25m48.28s      2               0    1.381220e-06         132         122         109        16.163            0.002     16.174         16.173   16.181       16.176    0.050       0.020        11410009003438  339.0328570   17.4300920        3521      0   55369.461277200         468    16.166    21.929     28.132    1.950      20.271           0      131074            0            1    11410009 
   55372.400097200        16.192        0.029        35212000005780  339.0328540   17.4300780   22h36m07.88s   17d25m48.28s      2               0    1.381220e-06         132         122         109        16.163            0.002     16.174         16.173   16.181       16.176    0.050       0.020        11411275002336  339.0328450   17.4300980        3521      0   55372.401447200         471    16.190    21.105     28.109    2.050      19.122           0      131074            0            1    11411275 
   55372.356507200        16.182        0.030        35212000005780  339.0328540   17.4300780   22h36m07.88s   17d25m48.28s      2               0    1.381220e-06         132         122         109        16.163            0.002     16.174         16.173   16.181       16.176    0.050       0.020        11411338002049  339.0329320   17.4301150        3521      0   55372.357857200         471    16.176    20.704     28.075    2.550      18.109           0      131074            0            1    11411338 
   55371.453437200        16.158        0.026        35212000005780  339.0328540   17.4300780   22h36m07.88s   17d25m48.28s      2               0    1.381220e-06         132         122         109        16.163            0.002     16.174         16.173   16.181       16.176    0.050       0.020        11414051003207  339.0328160   17.4300600        3521      0   55371.454717200         470    16.167    21.697     28.150    2.050      19.990           0      131074            0            1    11414051 
   55370.457827200        16.170        0.026        35212000005780  339.0328540   17.4300780   22h36m07.88s   17d25m48.28s      2               0    1.381220e-06         132         122         109        16.163            0.002     16.174         16.173   16.181       16.176    0.050       0.020        11416228003433  339.0328240   17.4300840        3521      0   55370.459017200         469    16.188    21.953     28.149    2.050      20.406           0      131074            0            1    11416228 
   55377.357017200        16.184        0.030        35212000005780  339.0328540   17.4300780   22h36m07.88s   17d25m48.28s      2               0    1.381220e-06         132         122         109        16.163            0.002     16.174         16.173   16.181       16.176    0.050       0.020        11430718002081  339.0328330   17.4300670        3521      0   55377.358787200         476    16.180    20.808     28.050    2.350      19.196           0      131074            0            1    11430718 
   55377.401227200        16.172        0.029        35212000005780  339.0328540   17.4300780   22h36m07.88s   17d25m48.28s      2               0    1.381220e-06         132         122         109        16.163            0.002     16.174         16.173   16.181       16.176    0.050       0.020        11430750002151  339.0328240   17.4301030        3521      0   55377.403007200         476    16.171    20.885     28.074    2.350      17.760           0      131074            0            1    11430750 
   55137.187677200        16.224        0.031        35212000005780  339.0328540   17.4300780   22h36m07.88s   17d25m48.28s      2               0    1.381220e-06         132         122         109        16.163            0.002     16.174         16.173   16.181       16.176    0.050       0.020        11786718001928  339.0328950   17.4301170        3521      0   55137.191017200         244    16.216    20.605     28.133    2.450      18.747           0      131074            0            1    11786718 
   55138.179157200        16.208        0.043        35212000005780  339.0328540   17.4300780   22h36m07.88s   17d25m48.28s      2               0    1.381220e-06         132         122         109        16.163            0.002     16.174         16.173   16.181       16.176    0.050       0.020        11790096002014  339.0328390   17.4300820        3521      0   55138.182427200         245    16.189    20.574     28.113    2.650      18.644           0      131074            0            1    11790096 
   55142.163267200        16.176        0.029        35212000005780  339.0328540   17.4300780   22h36m07.88s   17d25m48.28s      2               0    1.381220e-06         132         122         109        16.163            0.002     16.174         16.173   16.181       16.176    0.050       0.020        11794238003010  339.0328210   17.4300820        3521      0   55142.166237200         282    16.169    21.612     28.126    2.250      20.058           0      131074            0            1    11794238 
   55142.118957200        16.181        0.029        35212000005780  339.0328540   17.4300780   22h36m07.88s   17d25m48.28s      2               0    1.381220e-06         132         122         109        16.163            0.002     16.174         16.173   16.181       16.176    0.050       0.020        11794342002886  339.0328430   17.4300640        3521      0   55142.121927200         282    16.177    21.467     28.122    2.450      20.136           0      131074            0            1    11794342 
   55123.223387200        16.175        0.030        35212000005780  339.0328540   17.4300780   22h36m07.88s   17d25m48.28s      2               0    1.381220e-06         132         122         109        16.163            0.002     16.174         16.173   16.181       16.176    0.050       0.020        11812691002831  339.0328400   17.4300770        3521      0   55123.227627200         232    16.185    21.712     28.184    2.150      20.085           0      131074            0            1    11812691 
   55045.207707200        16.191        0.029        35212000005780  339.0328540   17.4300780   22h36m07.88s   17d25m48.28s      2               0    1.381220e-06         132         122         109        16.163            0.002     16.174         16.173   16.181       16.176    0.050       0.020        11858039001843  339.0328770   17.4300780        3521      0   55045.211847200         159    16.174    20.316     27.622    2.950      17.283           0      131074            0            1    11858039 
   55045.289337200        16.177        0.028        35212000005780  339.0328540   17.4300780   22h36m07.88s   17d25m48.28s      2               0    1.381220e-06         132         122         109        16.163            0.002     16.174         16.173   16.181       16.176    0.050       0.020        11858047002466  339.0328600   17.4300970        3521      0   55045.293477200         159    16.180    21.116     27.737    2.050      19.409           0      131074            0            1    11858047 
   55049.426157200        16.217        0.032        35212000005780  339.0328540   17.4300780   22h36m07.88s   17d25m48.28s      2               0    1.381220e-06         132         122         109        16.163            0.002     16.174         16.173   16.181       16.176    0.050       0.020        11863107001768  339.0328250   17.4300810        3521      0   55049.430517200         163    16.217    20.334     27.741    2.150      17.955           0      131074            0            1    11863107 
   55054.221717200        16.207        0.057        35212000005780  339.0328540   17.4300780   22h36m07.88s   17d25m48.28s      2               0    1.381220e-06         132         122         109        16.163            0.002     16.174         16.173   16.181       16.176    0.050       0.020        11869744001661  339.0328340   17.4301000        3521      0   55054.226297200         168    16.174    20.092     27.556    3.350      16.387           0      131075            0            1    11869744 
   55066.328927200        16.165        0.028        35212000005780  339.0328540   17.4300780   22h36m07.88s   17d25m48.28s      2               0    1.381220e-06         132         122         109        16.163            0.002     16.174         16.173   16.181       16.176    0.050       0.020        11884044003425  339.0328390   17.4300940        3521      0   55066.333957200         180    16.150    21.846     27.677    1.850      20.050           0      131074            0            1    11884044 
   55066.284507200        16.161        0.028        35212000005780  339.0328540   17.4300780   22h36m07.88s   17d25m48.28s      2               0    1.381220e-06         132         122         109        16.163            0.002     16.174         16.173   16.181       16.176    0.050       0.020        11884061003365  339.0328240   17.4300790        3521      0   55066.289537200         180    16.170    21.919     27.654    1.650      20.144           0      131074            0            1    11884061 
   55061.271507200        16.185        0.025        35212000005780  339.0328540   17.4300780   22h36m07.88s   17d25m48.28s      2               0    1.381220e-06         132         122         109        16.163            0.002     16.174         16.173   16.181       16.176    0.050       0.020        11893490003342  339.0328230   17.4300670        3521      0   55061.276377200         175    16.183    21.781     27.756    1.950      19.660           0      131074            0            1    11893490 
   55061.369177200        16.153        0.025        35212000005780  339.0328540   17.4300780   22h36m07.88s   17d25m48.28s      2               0    1.381220e-06         132         122         109        16.163            0.002     16.174         16.173   16.181       16.176    0.050       0.020        11893514003460  339.0328180   17.4300600        3521      0   55061.374047200         175    16.151    21.818     27.758    2.150      20.498           0      131074            0            1    11893514 
   55056.350197200        16.173        0.024        35212000005780  339.0328540   17.4300780   22h36m07.88s   17d25m48.28s      2               0    1.381220e-06         132         122         109        16.163            0.002     16.174         16.173   16.181       16.176    0.050       0.020        11899269002789  339.0328300   17.4300860        3521      0   55056.354877200         170    16.175    21.347     27.745    2.150      19.713           0      131074            0            1    11899269 
   55056.268047200        16.157        0.024        35212000005780  339.0328540   17.4300780   22h36m07.88s   17d25m48.28s      2               0    1.381220e-06         132         122         109        16.163            0.002     16.174         16.173   16.181       16.176    0.050       0.020        11899280002849  339.0328440   17.4300660        3521      0   55056.272717200         170    16.154    21.401     27.720    2.150      19.834           0      131074            0            1    11899280 
   55087.280887200        16.177        0.023        35212000005780  339.0328540   17.4300780   22h36m07.88s   17d25m48.28s      2               0    1.381220e-06         132         122         109        16.163            0.002     16.174         16.173   16.181       16.176    0.050       0.020        11918661003358  339.0328830   17.4300750        3521      0   55087.286197200         199    16.182    21.826     27.755    1.950      19.948           0      131074            0            1    11918661 
   55087.325037200        16.156        0.023        35212000005780  339.0328540   17.4300780   22h36m07.88s   17d25m48.28s      2               0    1.381220e-06         132         122         109        16.163            0.002     16.174         16.173   16.181       16.176    0.050       0.020        11918675003140  339.0328560   17.4300670        3521      0   55087.330337200         199    16.166    21.702     27.755    2.150      20.450           0      131074            0            1    11918675 
   55019.451217200        16.230        0.035        35212000005780  339.0328540   17.4300780   22h36m07.88s   17d25m48.28s      2               0    1.381220e-06         132         122         109        16.163            0.002     16.174         16.173   16.181       16.176    0.050       0.020        11920831002052  339.0328210   17.4300960        3521      0   55019.453587200         133    16.193    20.494     27.589    2.450      18.655           0      131072            0            1    11920831 
   55019.390137200        16.206        0.035        35212000005780  339.0328540   17.4300780   22h36m07.88s   17d25m48.28s      2               0    1.381220e-06         132         122         109        16.163            0.002     16.174         16.173   16.181       16.176    0.050       0.020        11920877001984  339.0328760   17.4300680        3521      0   55019.392507200         133    16.167    20.416     27.571    2.450      18.927           0      131074            0            1    11920877 
   55032.282817200        16.512        0.068        35212000005780  339.0328540   17.4300780   22h36m07.88s   17d25m48.28s      2               0    1.381220e-06         132         122         109        16.163            0.002     16.174         16.173   16.181       16.176    0.050       0.020        11956016001486  339.0331460   17.4302800        3521      0   55032.286137200         146    17.781    21.155     27.588    2.150      11.929           0      131075            0            1    11956016 
   55031.383737200        16.165        0.034        35212000005780  339.0328540   17.4300780   22h36m07.88s   17d25m48.28s      2               0    1.381220e-06         132         122         109        16.163            0.002     16.174         16.173   16.181       16.176    0.050       0.020        11957451003336  339.0328180   17.4300640        3521      0   55031.387007200         145    16.174    21.787     27.701    1.950      20.228           0      131074            0            1    11957451 
   55039.420947200        16.162        0.027        35212000005780  339.0328540   17.4300780   22h36m07.88s   17d25m48.28s      2               0    1.381220e-06         132         122         109        16.163            0.002     16.174         16.173   16.181       16.176    0.050       0.020        11989864003333  339.0328490   17.4300700        3521      0   55039.424747200         153    16.140    21.704     27.657    2.150      20.476           0      131074            0            1    11989864 
   55039.376907200        16.190        0.027        35212000005780  339.0328540   17.4300780   22h36m07.88s   17d25m48.28s      2               0    1.381220e-06         132         122         109        16.163            0.002     16.174         16.173   16.181       16.176    0.050       0.020        11989960003263  339.0328150   17.4300540        3521      0   55039.380697200         153    16.167    21.712     27.634    2.050      19.965           0      131074            0            1    11989960 
   55498.219327200        16.200        0.202        35212000005780  339.0328540   17.4300780   22h36m07.88s   17d25m48.28s      2               0    1.381220e-06         132         122         109        16.163            0.002     16.174         16.173   16.181       16.176    0.050       0.020        12783020002316  339.0329530   17.4301320        3521      0   55498.222967200         593    16.448    21.304     28.026    2.050      18.621           0      131074            0            1    12783020 
   55498.274697200        16.170        0.202        35212000005780  339.0328540   17.4300780   22h36m07.88s   17d25m48.28s      2               0    1.381220e-06         132         122         109        16.163            0.002     16.174         16.173   16.181       16.176    0.050       0.020        12783276002791  339.0328160   17.4300430        3521      0   55498.278327200         593    16.046    21.308     27.963    2.050      19.566           0      131074            0            1    12783276 
   55458.418447200        16.176        0.028        35212000005780  339.0328540   17.4300780   22h36m07.88s   17d25m48.28s      2               0    1.381220e-06         132         122         109        16.163            0.002     16.174         16.173   16.181       16.176    0.050       0.020        12794775002349  339.0328770   17.4300950        3521      0   55458.423707200         553    16.168    21.102     28.061    2.250      19.506           0      131074            0            1    12794775 
   55458.351667200        16.176        0.028        35212000005780  339.0328540   17.4300780   22h36m07.88s   17d25m48.28s      2               0    1.381220e-06         132         122         109        16.163            0.002     16.174         16.173   16.181       16.176    0.050       0.020        12794931002186  339.0329030   17.4301000        3521      0   55458.356927200         553    16.180    21.018     28.092    2.150      19.219           0      131074            0            1    12794931 
   55480.170497200        16.200        0.027        35212000005780  339.0328540   17.4300780   22h36m07.88s   17d25m48.28s      2               0    1.381220e-06         132         122         109        16.163            0.002     16.174         16.173   16.181       16.176    0.050       0.020        12807129002953  339.0328140   17.4300110        3521      0   55480.175147200         574    16.211    21.533     28.087    2.150      19.681           0      131074            0            1    12807129 
   55480.128187200        16.191        0.027        35212000005780  339.0328540   17.4300780   22h36m07.88s   17d25m48.28s      2               0    1.381220e-06         132         122         109        16.163            0.002     16.174         16.173   16.181       16.176    0.050       0.020        12807144002978  339.0328500   17.4300660        3521      0   55480.132837200         574    16.205    21.604     28.065    2.050      19.344           0      131074            0            1    12807144 
   56202.157977200        16.172        0.031        35212000005780  339.0328540   17.4300780   22h36m07.88s   17d25m48.28s      2               0    1.381220e-06         132         122         109        16.163            0.002     16.174         16.173   16.181       16.176    0.050       0.020        14272769002023  339.0328050   17.4300280        3521      0   56202.162947200        1299    16.193    20.839     28.090    2.050      18.801           0      131074            0            1    14272769 
   56202.128807200        16.215        0.031        35212000005780  339.0328540   17.4300780   22h36m07.88s   17d25m48.28s      2               0    1.381220e-06         132         122         109        16.163            0.002     16.174         16.173   16.181       16.176    0.050       0.020        14272772001991  339.0328880   17.4300960        3521      0   56202.133787200        1299    16.231    20.757     28.077    2.250      18.279           0      131074            0            1    14272772 
   56202.187427200        16.191        0.030        35212000005780  339.0328540   17.4300780   22h36m07.88s   17d25m48.28s      2               0    1.381220e-06         132         122         109        16.163            0.002     16.174         16.173   16.181       16.176    0.050       0.020        14272805002046  339.0328440   17.4300820        3521      0   56202.192407200        1299    16.196    20.800     28.098    2.250      18.861           0      131074            0            1    14272805 
   56204.112797200        16.312        0.385        35212000005780  339.0328540   17.4300780   22h36m07.88s   17d25m48.28s      2               0    1.381220e-06         132         122         109        16.163            0.002     16.174         16.173   16.181       16.176    0.050       0.020        14313881001550  339.0328550   17.4300710        3521      0   56204.117707200        1301    16.750    20.545     27.690    2.650      17.045           0      131072            0            1    14313881 
   56204.143157200        16.192        0.385        35212000005780  339.0328540   17.4300780   22h36m07.88s   17d25m48.28s      2               0    1.381220e-06         132         122         109        16.163            0.002     16.174         16.173   16.181       16.176    0.050       0.020        14313904001955  339.0328510   17.4300690        3521      0   56204.148067200        1301    16.375    20.908     27.739    2.250      18.349           0      131074            0            1    14313904 
   56204.173637200        16.181        0.385        35212000005780  339.0328540   17.4300780   22h36m07.88s   17d25m48.28s      2               0    1.381220e-06         132         122         109        16.163            0.002     16.174         16.173   16.181       16.176    0.050       0.020        14313929002492  339.0328610   17.4300940        3521      0   56204.178537200        1301    15.821    20.864     27.737    2.450      19.901           0      131074            0            1    14313929 
   56206.113627200        16.195        0.103        35212000005780  339.0328540   17.4300780   22h36m07.88s   17d25m48.28s      2               0    1.381220e-06         132         122         109        16.163            0.002     16.174         16.173   16.181       16.176    0.050       0.020        14340024002804  339.0328570   17.4300960        3521      0   56206.118457200        1303    16.238    21.419     28.151    2.550      19.715           0      131074            0            1    14340024 
   56206.149307200        16.160        0.103        35212000005780  339.0328540   17.4300780   22h36m07.88s   17d25m48.28s      2               0    1.381220e-06         132         122         109        16.163            0.002     16.174         16.173   16.181       16.176    0.050       0.020        14340045002998  339.0328490   17.4300640        3521      0   56206.154137200        1303    16.201    21.725     28.154    2.150      20.310           0      131074            0            1    14340045 
   56206.179597200        16.184        0.103        35212000005780  339.0328540   17.4300780   22h36m07.88s   17d25m48.28s      2               0    1.381220e-06         132         122         109        16.163            0.002     16.174         16.173   16.181       16.176    0.050       0.020        14340075003090  339.0328980   17.4301030        3521      0   56206.184427200        1303    16.206    21.795     28.141    2.050      20.094           0      131074            0            1    14340075 
   56228.184547200        16.200        0.028        35212000005780  339.0328540   17.4300780   22h36m07.88s   17d25m48.28s      2               0    1.381220e-06         132         122         109        16.163            0.002     16.174         16.173   16.181       16.176    0.050       0.020        14450753002028  339.0328770   17.4300840        3521      0   56228.188217200        1315    16.192    20.725     28.123    2.350      19.014           0      131074            0            1    14450753 
   56228.215327200        16.192        0.029        35212000005780  339.0328540   17.4300780   22h36m07.88s   17d25m48.28s      2               0    1.381220e-06         132         122         109        16.163            0.002     16.174         16.173   16.181       16.176    0.050       0.020        14450769001853  339.0327700   17.4300300        3521      0   56228.218997200        1315    16.198    20.633     28.119    2.450      19.423           0      131074            0            1    14450769 
   56230.249197200        16.198        0.029        35212000005780  339.0328540   17.4300780   22h36m07.88s   17d25m48.28s      2               0    1.381220e-06         132         122         109        16.163            0.002     16.174         16.173   16.181       16.176    0.050       0.020        14487135001878  339.0328850   17.4300580        3521      0   56230.252737200        1317    16.197    20.617     28.082    2.150      18.269           0      131074            0            1    14487135 
   56234.212917200        16.170        0.047        35212000005780  339.0328540   17.4300780   22h36m07.88s   17d25m48.28s      2               0    1.381220e-06         132         122         109        16.163            0.002     16.174         16.173   16.181       16.176    0.050       0.020        14497228002380  339.0328730   17.4300960        3521      0   56234.216167200        1321    16.155    21.158     28.099    2.450      19.733           0      131074            0            1    14497228 
   56234.244177200        16.181        0.047        35212000005780  339.0328540   17.4300780   22h36m07.88s   17d25m48.28s      2               0    1.381220e-06         132         122         109        16.163            0.002     16.174         16.173   16.181       16.176    0.050       0.020        14497243002310  339.0328520   17.4300600        3521      0   56234.247427200        1321    16.161    21.033     28.082    2.550      19.719           0      131074            0            1    14497243 
   56236.145687200        16.166        0.028        35212000005780  339.0328540   17.4300780   22h36m07.88s   17d25m48.28s      2               0    1.381220e-06         132         122         109        16.163            0.002     16.174         16.173   16.181       16.176    0.050       0.020        14528681002788  339.0328850   17.4301200        3521      0   56236.148787200        1323    16.176    21.506     28.140    2.450      20.332           0      131074            0            1    14528681 
   56238.121187200        16.166        0.026        35212000005780  339.0328540   17.4300780   22h36m07.88s   17d25m48.28s      2               0    1.381220e-06         132         122         109        16.163            0.002     16.174         16.173   16.181       16.176    0.050       0.020        14570745002822  339.0329220   17.4301220        3521      0   56238.124147200        1325    16.181    21.638     28.143    2.050      20.089           0      131074            0            1    14570745 
   56238.091697200        16.168        0.026        35212000005780  339.0328540   17.4300780   22h36m07.88s   17d25m48.28s      2               0    1.381220e-06         132         122         109        16.163            0.002     16.174         16.173   16.181       16.176    0.050       0.020        14570767002731  339.0328730   17.4300770        3521      0   56238.094657200        1325    16.178    21.484     28.138    2.250      20.021           0      131074            0            1    14570767 
   56232.228407200        16.183        0.071        35212000005780  339.0328540   17.4300780   22h36m07.88s   17d25m48.28s      2               0    1.381220e-06         132         122         109        16.163            0.002     16.174         16.173   16.181       16.176    0.050       0.020        14645245002213  339.0328660   17.4300690        3521      0   56232.231797200        1319    16.137    21.083     28.074    2.150      19.415           0      131074            0            1    14645245 
   56251.084597200        16.176        0.026        35212000005780  339.0328540   17.4300780   22h36m07.88s   17d25m48.28s      2               0    1.381220e-06         132         122         109        16.163            0.002     16.174         16.173   16.181       16.176    0.050       0.020        14655503002591  339.0328820   17.4300850        3521      0   56251.086477200        1338    16.188    21.383     28.148    2.050      19.281           0      131074            0            1    14655503 
   56251.114167200        16.139        0.026        35212000005780  339.0328540   17.4300780   22h36m07.88s   17d25m48.28s      2               0    1.381220e-06         132         122         109        16.163            0.002     16.174         16.173   16.181       16.176    0.050       0.020        14655513002402  339.0328250   17.4300890        3521      0   56251.116047200        1338    16.149    21.031     28.148    2.850      20.166           0      131074            0            1    14655513 
   56255.081677200        16.173        0.029        35212000005780  339.0328540   17.4300780   22h36m07.88s   17d25m48.28s      2               0    1.381220e-06         132         122         109        16.163            0.002     16.174         16.173   16.181       16.176    0.050       0.020        14695425002023  339.0329060   17.4301190        3521      0   56255.083207200        1342    16.160    20.682     28.121    2.750      19.239           0      131074            0            1    14695425 
   56255.112127200        16.185        0.029        35212000005780  339.0328540   17.4300780   22h36m07.88s   17d25m48.28s      2               0    1.381220e-06         132         122         109        16.163            0.002     16.174         16.173   16.181       16.176    0.050       0.020        14695453001841  339.0328470   17.4300610        3521      0   56255.113657200        1342    16.189    20.529     28.126    3.350      16.470           0      131074            0            1    14695453 
   56267.144527200        16.164        0.233        35212000005780  339.0328540   17.4300780   22h36m07.88s   17d25m48.28s      2               0    1.381220e-06         132         122         109        16.163            0.002     16.174         16.173   16.181       16.176    0.050       0.020        14755792002507  339.0329200   17.4300820        3521      0   56267.144947200        1354    16.164    21.118     27.966    2.450      20.008           0      131074            0            1    14755792 
   56267.186597200        16.168        0.233        35212000005780  339.0328540   17.4300780   22h36m07.88s   17d25m48.28s      2               0    1.381220e-06         132         122         109        16.163            0.002     16.174         16.173   16.181       16.176    0.050       0.020        14755815002337  339.0328520   17.4300740        3521      0   56267.187007200        1354    16.154    21.131     27.875    2.050      19.426           0      131074            0            1    14755815 
   56265.173377200        16.156        0.230        35212000005780  339.0328540   17.4300780   22h36m07.88s   17d25m48.28s      2               0    1.381220e-06         132         122         109        16.163            0.002     16.174         16.173   16.181       16.176    0.050       0.020        14765152002084  339.0328510   17.4300820        3521      0   56265.173987200        1352    16.381    21.174     27.900    2.250      19.411           0      131074            0            1    14765152 
   56265.143887200        16.156        0.230        35212000005780  339.0328540   17.4300780   22h36m07.88s   17d25m48.28s      2               0    1.381220e-06         132         122         109        16.163            0.002     16.174         16.173   16.181       16.176    0.050       0.020        14765162002794  339.0328770   17.4300840        3521      0   56265.144497200        1352    16.123    21.600     28.052    2.250      20.458           0      131074            0            1    14765162 
   56271.223777200        16.143        0.042        35212000005780  339.0328540   17.4300780   22h36m07.88s   17d25m48.28s      2               0    1.381220e-06         132         122         109        16.163            0.002     16.174         16.173   16.181       16.176    0.050       0.020        14804883001852  339.0328020   17.4300150        3521      0   56271.223807200        1358    16.128    20.635     27.997    3.650      15.836           0      131075            0            1    14804883 
   56257.088927200        16.204        0.029        35212000005780  339.0328540   17.4300780   22h36m07.88s   17d25m48.28s      2               0    1.381220e-06         132         122         109        16.163            0.002     16.174         16.173   16.181       16.176    0.050       0.020        15701492002012  339.0328750   17.4300360        3521      0   56257.090267200        1344    16.204    20.661     28.117    2.850      19.411           0      131074            0            1    15701492 
   56257.119777200        16.200        0.029        35212000005780  339.0328540   17.4300780   22h36m07.88s   17d25m48.28s      2               0    1.381220e-06         132         122         109        16.163            0.002     16.174         16.173   16.181       16.176    0.050       0.020        15701511002075  339.0328970   17.4301070        3521      0   56257.121127200        1344    16.198    20.854     28.118    2.350      19.229           0      131072            0            1    15701511 
