   55783.493537200        13.443        0.028        35212070002589  339.6411060   15.9877410   22h38m33.87s   15d59m15.87s      2               0    2.714979e-07         134          27           0        15.317            0.026     13.435           null   13.431         null    0.027        null        10359589005000  339.6410590   15.9876590        3521      7   55783.498077200         881    13.446    21.478     27.628    2.350       2.484           0      131072            0            1    10359589 
   55783.450517200        13.462        0.028        35212070002589  339.6411060   15.9877410   22h38m33.87s   15d59m15.87s      2               0    2.714979e-07         134          27           0        15.317            0.026     13.435           null   13.431         null    0.027        null        10359646005587  339.6410520   15.9876440        3521      7   55783.455047200         881    13.461    21.682     27.645    2.250       2.363           0    16908292            0            1    10359646 
   55794.417557200        13.432        0.066        35212070002589  339.6411060   15.9877410   22h38m33.87s   15d59m15.87s      2               0    2.714979e-07         134          27           0        15.317            0.026     13.435           null   13.431         null    0.027        null        10381386002932  339.6410630   15.9876430        3521      7   55794.422517200         892    14.068    20.961     27.604    2.050       2.360           0      131072            0            1    10381386 
   55794.374747200        13.406        0.067        35212070002589  339.6411060   15.9877410   22h38m33.87s   15d59m15.87s      2               0    2.714979e-07         134          27           0        15.317            0.026     13.435           null   13.431         null    0.027        null        10381447001746  339.6410570   15.9876440        3521      7   55794.379707200         892    15.020    20.773     27.604    1.950       2.281           0      131072            0            1    10381447 
   55821.364667200        13.487        0.025        35212070002589  339.6411060   15.9877410   22h38m33.87s   15d59m15.87s      2               0    2.714979e-07         134          27           0        15.317            0.026     13.435           null   13.431         null    0.027        null        10511761003874  339.6410840   15.9876610        3521      7   55821.369947200         919    13.502    21.002     27.615    1.950       2.737           0    16908292            0            1    10511761 
   55821.319317200        13.455        0.025        35212070002589  339.6411060   15.9877410   22h38m33.87s   15d59m15.87s      2               0    2.714979e-07         134          27           0        15.317            0.026     13.435           null   13.431         null    0.027        null        10511789004082  339.6410830   15.9876450        3521      7   55821.324607200         919    13.464    20.933     27.623    2.250       2.666           0    16908292            0            1    10511789 
   55471.200687200        13.493        0.033        35212070002589  339.6411060   15.9877410   22h38m33.87s   15d59m15.87s      2               0    2.714979e-07         134          27           0        15.317            0.026     13.435           null   13.431         null    0.027        null        10798728005403  339.6410640   15.9876360        3521      7   55471.205667200         562    13.496    21.603     27.731    2.150       2.755           0    16908292            0            1    10798728 
   55471.244407200        13.472        0.033        35212070002589  339.6411060   15.9877410   22h38m33.87s   15d59m15.87s      2               0    2.714979e-07         134          27           0        15.317            0.026     13.435           null   13.431         null    0.027        null        10798908005490  339.6410460   15.9876380        3521      7   55471.249397200         562    13.469    21.710     27.727    1.950       2.452           0    16908292            0            1    10798908 
   55483.166527200        13.488        0.026        35212070002589  339.6411060   15.9877410   22h38m33.87s   15d59m15.87s      2               0    2.714979e-07         134          27           0        15.317            0.026     13.435           null   13.431         null    0.027        null        10856541005049  339.6410430   15.9876440        3521      7   55483.171037200         577    13.498    21.493     27.730    2.050       2.353           0    16908292            0            1    10856541 
   55483.122857200        13.466        0.026        35212070002589  339.6411060   15.9877410   22h38m33.87s   15d59m15.87s      2               0    2.714979e-07         134          27           0        15.317            0.026     13.435           null   13.431         null    0.027        null        10856579004779  339.6410770   15.9876340        3521      7   55483.127367200         577    13.469    21.381     27.714    2.150       2.432           0    16908292            0            1    10856579 
   55443.230767200        13.470        0.027        35212070002589  339.6411060   15.9877410   22h38m33.87s   15d59m15.87s      2               0    2.714979e-07         134          27           0        15.317            0.026     13.435           null   13.431         null    0.027        null        10903744005412  339.6410550   15.9876500        3521      7   55443.236027200         538    13.469    21.558     27.734    2.250       2.459           0    16908292            0            1    10903744 
   55443.185917200        13.440        0.027        35212070002589  339.6411060   15.9877410   22h38m33.87s   15d59m15.87s      2               0    2.714979e-07         134          27           0        15.317            0.026     13.435           null   13.431         null    0.027        null        10903752004620  339.6410660   15.9876550        3521      7   55443.191177200         538    13.441    21.224     27.704    2.650       2.714           0      131072            0            1    10903752 
   55446.312747200        13.505        0.030        35212070002589  339.6411060   15.9877410   22h38m33.87s   15d59m15.87s      2               0    2.714979e-07         134          27           0        15.317            0.026     13.435           null   13.431         null    0.027        null        10913218005953  339.6410380   15.9876420        3521      7   55446.318037200         541    13.505    21.894     27.745    1.850       2.408           0    16908292            0            1    10913218 
   55446.269397200        13.497        0.030        35212070002589  339.6411060   15.9877410   22h38m33.87s   15d59m15.87s      2               0    2.714979e-07         134          27           0        15.317            0.026     13.435           null   13.431         null    0.027        null        10913263005834  339.6410540   15.9876330        3521      7   55446.274687200         541    13.498    21.763     27.744    2.050       2.438           0    16908292            0            1    10913263 
   55452.163847200        13.476        0.025        35212070002589  339.6411060   15.9877410   22h38m33.87s   15d59m15.87s      2               0    2.714979e-07         134          27           0        15.317            0.026     13.435           null   13.431         null    0.027        null        10933419004912  339.6410570   15.9876420        3521      7   55452.169147200         547    13.471    21.315     27.718    2.250       2.488           0    16908292            0            1    10933419 
   55452.206587200        13.468        0.025        35212070002589  339.6411060   15.9877410   22h38m33.87s   15d59m15.87s      2               0    2.714979e-07         134          27           0        15.317            0.026     13.435           null   13.431         null    0.027        null        10933530005182  339.6410520   15.9876450        3521      7   55452.211887200         547    13.466    21.492     27.736    2.250       2.699           0    16908292            0            1    10933530 
   55467.310857200        13.490        0.047        35212070002589  339.6411060   15.9877410   22h38m33.87s   15d59m15.87s      2               0    2.714979e-07         134          27           0        15.317            0.026     13.435           null   13.431         null    0.027        null        11078735004263  339.6410570   15.9876570        3521      7   55467.315957200         560    13.464    21.118     27.688    2.150       2.678           0    16908292            0            1    11078735 
   55468.221587200        13.461        0.141        35212070002589  339.6411060   15.9877410   22h38m33.87s   15d59m15.87s      2               0    2.714979e-07         134          27           0        15.317            0.026     13.435           null   13.431         null    0.027        null        11079201004905  339.6410550   15.9876330        3521      7   55468.226657200         558    13.449    21.415     27.721    2.250       2.278           0    16908292            0            1    11079201 
   55416.200397200        13.455        0.174        35212070002589  339.6411060   15.9877410   22h38m33.87s   15d59m15.87s      2               0    2.714979e-07         134          27           0        15.317            0.026     13.435           null   13.431         null    0.027        null        11122677002744  339.6410710   15.9876440        3521      7   55416.204827200         515    13.727    20.373     26.615    3.550       3.490           0      131072            0            1    11122677 
   55416.243347200        13.461        0.174        35212070002589  339.6411060   15.9877410   22h38m33.87s   15d59m15.87s      2               0    2.714979e-07         134          27           0        15.317            0.026     13.435           null   13.431         null    0.027        null        11122812003259  339.6410720   15.9876430        3521      7   55416.247777200         515    13.597    20.584     26.659    3.350       3.312           0      131072            0            1    11122812 
   55422.369597200        13.466        0.027        35212070002589  339.6411060   15.9877410   22h38m33.87s   15d59m15.87s      2               0    2.714979e-07         134          27           0        15.317            0.026     13.435           null   13.431         null    0.027        null        11150393005744  339.6410620   15.9876480        3521      7   55422.374307200         521    13.463    21.800     27.723    2.150       2.618           0    16908294            0            1    11150393 
   55422.414337200        13.440        0.027        35212070002589  339.6411060   15.9877410   22h38m33.87s   15d59m15.87s      2               0    2.714979e-07         134          27           0        15.317            0.026     13.435           null   13.431         null    0.027        null        11150540005531  339.6410550   15.9876280        3521      7   55422.419057200         521    13.437    21.778     27.720    2.150       2.308           0    16908292            0            1    11150540 
   55429.226357200        13.481        0.024        35212070002589  339.6411060   15.9877410   22h38m33.87s   15d59m15.87s      2               0    2.714979e-07         134          27           0        15.317            0.026     13.435           null   13.431         null    0.027        null        11197471003937  339.6410680   15.9876540        3521      7   55429.231317200         528    13.481    20.820     27.700    2.250       2.458           0    29491204            0            1    11197471 
   55429.183207200        13.453        0.024        35212070002589  339.6411060   15.9877410   22h38m33.87s   15d59m15.87s      2               0    2.714979e-07         134          27           0        15.317            0.026     13.435           null   13.431         null    0.027        null        11197663003478  339.6410640   15.9876580        3521      7   55429.188167200         528    13.451    20.487     27.654    2.550       2.479           0    16908292            0            1    11197663 
   55426.169847200        13.431        0.082        35212070002589  339.6411060   15.9877410   22h38m33.87s   15d59m15.87s      2               0    2.714979e-07         134          27           0        15.317            0.026     13.435           null   13.431         null    0.027        null        11200435003270  339.6410660   15.9876330        3521      7   55426.174707200         525    13.273    20.091     27.342    3.550       3.525           0      131072            0            1    11200435 
   55436.224917200        13.446        0.027        35212070002589  339.6411060   15.9877410   22h38m33.87s   15d59m15.87s      2               0    2.714979e-07         134          27           0        15.317            0.026     13.435           null   13.431         null    0.027        null        11210302003346  339.6410650   15.9876600        3521      7   55436.230067200         609    13.432    20.401     27.679    2.650       2.685           0    16908292            0            1    11210302 
   55436.176617200        13.440        0.027        35212070002589  339.6411060   15.9877410   22h38m33.87s   15d59m15.87s      2               0    2.714979e-07         134          27           0        15.317            0.026     13.435           null   13.431         null    0.027        null        11210520002892  339.6410590   15.9876540        3521      7   55436.181767200         609    13.429    20.171     27.640    3.150       3.087           0      131072            0            1    11210520 
   55439.224367200        13.464        0.028        35212070002589  339.6411060   15.9877410   22h38m33.87s   15d59m15.87s      2               0    2.714979e-07         134          27           0        15.317            0.026     13.435           null   13.431         null    0.027        null        11225534004767  339.6410460   15.9876460        3521      7   55439.229567200         534    13.466    21.384     27.680    2.150       2.437           0    16908292            0            1    11225534 
   55439.179857200        13.439        0.028        35212070002589  339.6411060   15.9877410   22h38m33.87s   15d59m15.87s      2               0    2.714979e-07         134          27           0        15.317            0.026     13.435           null   13.431         null    0.027        null        11225576004583  339.6410540   15.9876460        3521      7   55439.185067200         534    13.444    21.205     27.644    2.550       2.572           0    16908288            0            1    11225576 
   55382.429197200        13.457        0.025        35212070002589  339.6411060   15.9877410   22h38m33.87s   15d59m15.87s      2               0    2.714979e-07         134          27           0        15.317            0.026     13.435           null   13.431         null    0.027        null        11243185005031  339.6410500   15.9876350        3521      7   55382.431397200         481    13.454    21.418     27.757    2.250       2.472           0    16908292            0            1    11243185 
   55382.386187200        13.457        0.025        35212070002589  339.6411060   15.9877410   22h38m33.87s   15d59m15.87s      2               0    2.714979e-07         134          27           0        15.317            0.026     13.435           null   13.431         null    0.027        null        11243199004773  339.6410670   15.9876160        3521      7   55382.388377200         481    13.460    21.301     27.745    2.350       2.616           0    16908292            0            1    11243199 
   55387.460507200        13.465        0.173        35212070002589  339.6411060   15.9877410   22h38m33.87s   15d59m15.87s      2               0    2.714979e-07         134          27           0        15.317            0.026     13.435           null   13.431         null    0.027        null        11260571005766  339.6410590   15.9876520        3521      7   55387.463097200         486    13.262    21.518     27.499    2.250       2.503           0    16908294            0            1    11260571 
   55387.412087200        13.472        0.173        35212070002589  339.6411060   15.9877410   22h38m33.87s   15d59m15.87s      2               0    2.714979e-07         134          27           0        15.317            0.026     13.435           null   13.431         null    0.027        null        11260725005993  339.6410680   15.9876200        3521      7   55387.414667200         486    13.327    21.719     27.554    2.050       2.267           0    16908292            0            1    11260725 
   55349.467407200        13.522        0.056        35212070002589  339.6411060   15.9877410   22h38m33.87s   15d59m15.87s      2               0    2.714979e-07         134          27           0        15.317            0.026     13.435           null   13.431         null    0.027        null        11336820003922  339.6410950   15.9876560        3521      7   55349.466757200         449    13.538    20.767     27.750    2.650       2.828           0    33685508            0            1    11336820 
   55419.358367200        13.434        0.240        35212070002589  339.6411060   15.9877410   22h38m33.87s   15d59m15.87s      2               0    2.714979e-07         134          27           0        15.317            0.026     13.435           null   13.431         null    0.027        null        11392094004117  339.6410680   15.9876430        3521      7   55419.362947200         518    13.360    20.961     26.773    2.550       2.445           0      131072            0            1    11392094 
   55419.401647200        13.424        0.240        35212070002589  339.6411060   15.9877410   22h38m33.87s   15d59m15.87s      2               0    2.714979e-07         134          27           0        15.317            0.026     13.435           null   13.431         null    0.027        null        11392257003842  339.6410660   15.9876480        3521      7   55419.406227200         518    13.428    20.994     26.804    2.650       2.712           0      131072            0            1    11392257 
   55364.433677200        13.445        0.027        35212070002589  339.6411060   15.9877410   22h38m33.87s   15d59m15.87s      2               0    2.714979e-07         134          27           0        15.317            0.026     13.435           null   13.431         null    0.027        null        11393814004983  339.6410590   15.9876570        3521      7   55364.434347200         463    13.441    21.400     27.702    2.650       2.748           0    33685504            0            1    11393814 
   55364.386147200        13.446        0.027        35212070002589  339.6411060   15.9877410   22h38m33.87s   15d59m15.87s      2               0    2.714979e-07         134          27           0        15.317            0.026     13.435           null   13.431         null    0.027        null        11393816004455  339.6410690   15.9876460        3521      7   55364.386807200         463    13.438    21.266     27.672    2.750       2.793           0    33685504            0            1    11393816 
   55369.460177200        13.473        0.025        35212070002589  339.6411060   15.9877410   22h38m33.87s   15d59m15.87s      2               0    2.714979e-07         134          27           0        15.317            0.026     13.435           null   13.431         null    0.027        null        11410435005479  339.6410610   15.9876770        3521      7   55369.461277200         468    13.470    21.695     27.761    2.150       2.493           0    16908292            0            1    11410435 
   55372.400097200        13.463        0.024        35212070002589  339.6411060   15.9877410   22h38m33.87s   15d59m15.87s      2               0    2.714979e-07         134          27           0        15.317            0.026     13.435           null   13.431         null    0.027        null        11412759003958  339.6410520   15.9876490        3521      7   55372.401447200         471    13.460    20.816     27.745    2.350       2.804           0    50462724            0            1    11412759 
   55372.356507200        13.448        0.024        35212070002589  339.6411060   15.9877410   22h38m33.87s   15d59m15.87s      2               0    2.714979e-07         134          27           0        15.317            0.026     13.435           null   13.431         null    0.027        null        11412822003227  339.6410640   15.9876470        3521      7   55372.357857200         471    13.446    20.479     27.714    2.750       2.892           0      131072            0            1    11412822 
   55371.453437200        13.491        0.022        35212070002589  339.6411060   15.9877410   22h38m33.87s   15d59m15.87s      2               0    2.714979e-07         134          27           0        15.317            0.026     13.435           null   13.431         null    0.027        null        11414929005201  339.6410530   15.9876300        3521      7   55371.454717200         470    13.492    21.454     27.777    2.250       2.528           0    16908292            0            1    11414929 
   55370.457827200        13.464        0.023        35212070002589  339.6411060   15.9877410   22h38m33.87s   15d59m15.87s      2               0    2.714979e-07         134          27           0        15.317            0.026     13.435           null   13.431         null    0.027        null        11417588005819  339.6410570   15.9876450        3521      7   55370.459017200         469    13.465    21.771     27.774    2.150       2.524           0    16908292            0            1    11417588 
   55377.357017200        13.443        0.026        35212070002589  339.6411060   15.9877410   22h38m33.87s   15d59m15.87s      2               0    2.714979e-07         134          27           0        15.317            0.026     13.435           null   13.431         null    0.027        null        11431649003483  339.6410570   15.9876390        3521      7   55377.358787200         476    13.441    20.549     27.683    2.550       2.714           0      131072            0            1    11431649 
   55377.401227200        13.435        0.026        35212070002589  339.6411060   15.9877410   22h38m33.87s   15d59m15.87s      2               0    2.714979e-07         134          27           0        15.317            0.026     13.435           null   13.431         null    0.027        null        11431681003539  339.6410560   15.9876600        3521      7   55377.403007200         476    13.437    20.585     27.704    2.650       2.803           0      131072            0            1    11431681 
   55137.187677200        13.452        0.026        35212070002589  339.6411060   15.9877410   22h38m33.87s   15d59m15.87s      2               0    2.714979e-07         134          27           0        15.317            0.026     13.435           null   13.431         null    0.027        null        11785152003157  339.6410420   15.9876500        3521      7   55137.191017200         244    13.435    20.478     27.758    2.350       2.872           0    16908292            0            1    11785152 
   55138.179157200        13.447        0.038        35212070002589  339.6411060   15.9877410   22h38m33.87s   15d59m15.87s      2               0    2.714979e-07         134          27           0        15.317            0.026     13.435           null   13.431         null    0.027        null        11789259003373  339.6410440   15.9876490        3521      7   55138.182427200         245    13.438    20.417     27.760    2.650       3.118           0    16908292            0            1    11789259 
   55142.163267200        13.461        0.027        35212070002589  339.6411060   15.9877410   22h38m33.87s   15d59m15.87s      2               0    2.714979e-07         134          27           0        15.317            0.026     13.435           null   13.431         null    0.027        null        11793438004949  339.6410600   15.9876460        3521      7   55142.166237200         282    13.457    21.427     27.740    2.250       2.629           0    33685504            0            1    11793438 
   55142.118957200        13.450        0.027        35212070002589  339.6411060   15.9877410   22h38m33.87s   15d59m15.87s      2               0    2.714979e-07         134          27           0        15.317            0.026     13.435           null   13.431         null    0.027        null        11793541004810  339.6410510   15.9876390        3521      7   55142.121927200         282    13.443    21.279     27.732    2.450       2.784           0    16908292            0            1    11793541 
   55123.223387200        13.462        0.027        35212070002589  339.6411060   15.9877410   22h38m33.87s   15d59m15.87s      2               0    2.714979e-07         134          27           0        15.317            0.026     13.435           null   13.431         null    0.027        null        11812549004460  339.6410420   15.9876320        3521      7   55123.227627200         232    13.462    21.571     27.801    2.150       2.544           0    16908292            0            1    11812549 
   55045.207707200        13.548        0.022        35212070002589  339.6411060   15.9877410   22h38m33.87s   15d59m15.87s      2               0    2.714979e-07         134          27           0        15.317            0.026     13.435           null   13.431         null    0.027        null        11857198002578  339.6410490   15.9876530        3521      7   55045.211847200         159    13.550    20.022     27.258    3.350       4.104           0    16908292            0            1    11857198 
   55045.289337200        13.904        0.022        35212070002589  339.6411060   15.9877410   22h38m33.87s   15d59m15.87s      2               0    2.714979e-07         134          27           0        15.317            0.026     13.435           null   13.431         null    0.027        null        11857206004196  339.6410230   15.9876270        3521      7   55045.293477200         159    13.912    20.863     27.363    2.250       4.603           0    16908292            0            1    11857206 
   55049.426157200        13.812        0.026        35212070002589  339.6411060   15.9877410   22h38m33.87s   15d59m15.87s      2               0    2.714979e-07         134          27           0        15.317            0.026     13.435           null   13.431         null    0.027        null        11864331003156  339.6410080   15.9876730        3521      7   55049.430517200         163    13.824    20.091     27.335    2.250       4.076           0    29491204            0            1    11864331 
   55054.221717200        13.441        0.054        35212070002589  339.6411060   15.9877410   22h38m33.87s   15d59m15.87s      2               0    2.714979e-07         134          27           0        15.317            0.026     13.435           null   13.431         null    0.027        null        11870459002424  339.6410280   15.9876500        3521      7   55054.226297200         168    13.452    19.796     27.154    3.650       3.833           0    16908292            0            1    11870459 
   55066.328927200        13.740        0.031        35212070002589  339.6411060   15.9877410   22h38m33.87s   15d59m15.87s      2               0    2.714979e-07         134          27           0        15.317            0.026     13.435           null   13.431         null    0.027        null        11884267005479  339.6410530   15.9876500        3521      7   55066.333957200         180    13.750    21.527     27.166    1.850       3.690           0    16908292            0            1    11884267 
   55066.284507200        13.811        0.031        35212070002589  339.6411060   15.9877410   22h38m33.87s   15d59m15.87s      2               0    2.714979e-07         134          27           0        15.317            0.026     13.435           null   13.431         null    0.027        null        11884284005183  339.6410320   15.9876130        3521      7   55066.289537200         180    13.846    21.541     27.148    1.750       3.817           0    16908292            0            1    11884284 
   55061.271507200        13.856        0.028        35212070002589  339.6411060   15.9877410   22h38m33.87s   15d59m15.87s      2               0    2.714979e-07         134          27           0        15.317            0.026     13.435           null   13.431         null    0.027        null        11893899004441  339.6410540   15.9876630        3521      7   55061.276377200         175    13.866    21.415     27.279    2.150       3.630           0    16908292            0            1    11893899 
   55061.369177200        13.713        0.028        35212070002589  339.6411060   15.9877410   22h38m33.87s   15d59m15.87s      2               0    2.714979e-07         134          27           0        15.317            0.026     13.435           null   13.431         null    0.027        null        11893923004914  339.6410510   15.9876410        3521      7   55061.374047200         175    13.728    21.555     27.283    2.150       3.461           0    16908292            0            1    11893923 
   55056.350197200        13.671        0.026        35212070002589  339.6411060   15.9877410   22h38m33.87s   15d59m15.87s      2               0    2.714979e-07         134          27           0        15.317            0.026     13.435           null   13.431         null    0.027        null        11900576003999  339.6410580   15.9876270        3521      7   55056.354877200         170    13.688    20.979     27.298    2.450       3.906           0    16908292            0            1    11900576 
   55056.268047200        13.823        0.026        35212070002589  339.6411060   15.9877410   22h38m33.87s   15d59m15.87s      2               0    2.714979e-07         134          27           0        15.317            0.026     13.435           null   13.431         null    0.027        null        11900587004196  339.6411080   15.9876880        3521      7   55056.272717200         170    13.838    21.122     27.275    2.250       4.540           0    16908292            0            1    11900587 
   55019.451217200        13.620        0.036        35212070002589  339.6411060   15.9877410   22h38m33.87s   15d59m15.87s      2               0    2.714979e-07         134          27           0        15.317            0.026     13.435           null   13.431         null    0.027        null        11911019003204  339.6410750   15.9876340        3521      7   55019.453587200         133    13.587    20.125     27.126    2.550       5.001           0    16908292            0            1    11911019 
   55019.390137200        13.604        0.036        35212070002589  339.6411060   15.9877410   22h38m33.87s   15d59m15.87s      2               0    2.714979e-07         134          27           0        15.317            0.026     13.435           null   13.431         null    0.027        null        11911065003085  339.6410700   15.9876450        3521      7   55019.392507200         133    13.575    20.046     27.114    2.550       3.858           0    16908292            0            1    11911065 
   55087.280887200        13.792        0.025        35212070002589  339.6411060   15.9877410   22h38m33.87s   15d59m15.87s      2               0    2.714979e-07         134          27           0        15.317            0.026     13.435           null   13.431         null    0.027        null        11918009005930  339.6411390   15.9876570        3521      7   55087.286197200         199    13.803    21.601     27.358    2.050       3.041           0    16908292            0            1    11918009 
   55087.325037200        13.751        0.025        35212070002589  339.6411060   15.9877410   22h38m33.87s   15d59m15.87s      2               0    2.714979e-07         134          27           0        15.317            0.026     13.435           null   13.431         null    0.027        null        11918023004539  339.6410980   15.9876830        3521      7   55087.330337200         199    13.764    21.491     27.355    2.250       3.948           0    16908292            0            1    11918023 
   55032.282817200        13.318        0.043        35212070002589  339.6411060   15.9877410   22h38m33.87s   15d59m15.87s      2               0    2.714979e-07         134          27           0        15.317            0.026     13.435           null   13.431         null    0.027        null        11955859001717  339.6410460   15.9876640        3521      7   55032.286137200         146    14.950    20.891     27.239    2.450       2.387           0      131072            0            1    11955859 
   55031.383737200        13.933        0.026        35212070002589  339.6411060   15.9877410   22h38m33.87s   15d59m15.87s      2               0    2.714979e-07         134          27           0        15.317            0.026     13.435           null   13.431         null    0.027        null        11957320005909  339.6409970   15.9876140        3521      7   55031.387007200         145    13.935    21.602     27.334    2.050       3.615           0    16908292            0            1    11957320 
   55039.420947200        13.710        0.029        35212070002589  339.6411060   15.9877410   22h38m33.87s   15d59m15.87s      2               0    2.714979e-07         134          27           0        15.317            0.026     13.435           null   13.431         null    0.027        null        11984171005702  339.6410540   15.9876310        3521      7   55039.424747200         153    13.696    21.463     27.254    2.250       4.058           0    16908292            0            1    11984171 
   55039.376907200        13.849        0.029        35212070002589  339.6411060   15.9877410   22h38m33.87s   15d59m15.87s      2               0    2.714979e-07         134          27           0        15.317            0.026     13.435           null   13.431         null    0.027        null        11984267005490  339.6410330   15.9877020        3521      7   55039.380697200         153    13.833    21.472     27.234    2.150       3.653           0    16908292            0            1    11984267 
   55498.219327200        13.425        0.205        35212070002589  339.6411060   15.9877410   22h38m33.87s   15d59m15.87s      2               0    2.714979e-07         134          27           0        15.317            0.026     13.435           null   13.431         null    0.027        null        12783342003900  339.6410710   15.9876490        3521      7   55498.222967200         593    13.673    21.119     27.655    2.150       2.411           0    16908288            0            1    12783342 
   55498.274697200        13.499        0.205        35212070002589  339.6411060   15.9877410   22h38m33.87s   15d59m15.87s      2               0    2.714979e-07         134          27           0        15.317            0.026     13.435           null   13.431         null    0.027        null        12783597004743  339.6410910   15.9876650        3521      7   55498.278327200         593    13.411    21.198     27.626    2.050       2.618           0    16908292            0            1    12783597 
   55458.418447200        13.450        0.027        35212070002589  339.6411060   15.9877410   22h38m33.87s   15d59m15.87s      2               0    2.714979e-07         134          27           0        15.317            0.026     13.435           null   13.431         null    0.027        null        12795269003978  339.6410800   15.9876570        3521      7   55458.423707200         553    13.450    20.934     27.713    2.350       2.720           0    16908292            0            1    12795269 
   55458.351667200        13.459        0.027        35212070002589  339.6411060   15.9877410   22h38m33.87s   15d59m15.87s      2               0    2.714979e-07         134          27           0        15.317            0.026     13.435           null   13.431         null    0.027        null        12795425003813  339.6410880   15.9876620        3521      7   55458.356927200         553    13.462    20.835     27.738    2.250       2.682           0    29491204            0            1    12795425 
   55480.170497200        13.469        0.024        35212070002589  339.6411060   15.9877410   22h38m33.87s   15d59m15.87s      2               0    2.714979e-07         134          27           0        15.317            0.026     13.435           null   13.431         null    0.027        null        12807705005030  339.6410730   15.9876590        3521      7   55480.175147200         574    13.470    21.397     27.718    2.250       2.573           0    16908292            0            1    12807705 
   55480.128187200        13.482        0.024        35212070002589  339.6411060   15.9877410   22h38m33.87s   15d59m15.87s      2               0    2.714979e-07         134          27           0        15.317            0.026     13.435           null   13.431         null    0.027        null        12807720004949  339.6410680   15.9876590        3521      7   55480.132837200         574    13.491    21.381     27.699    2.250       2.582           0    16908292            0            1    12807720 
   56202.157977200        13.484        0.027        35212070002589  339.6411060   15.9877410   22h38m33.87s   15d59m15.87s      2               0    2.714979e-07         134          27           0        15.317            0.026     13.435           null   13.431         null    0.027        null        14273305003519  339.6410740   15.9876590        3521      7   56202.162947200        1299    13.510    20.654     27.754    2.150       2.381           0    16908292            0            1    14273305 
   56202.128807200        13.456        0.027        35212070002589  339.6411060   15.9877410   22h38m33.87s   15d59m15.87s      2               0    2.714979e-07         134          27           0        15.317            0.026     13.435           null   13.431         null    0.027        null        14273308003467  339.6410780   15.9876770        3521      7   56202.133787200        1299    13.477    20.530     27.739    2.450       2.578           0    16908292            0            1    14273308 
   56202.187427200        13.470        0.027        35212070002589  339.6411060   15.9877410   22h38m33.87s   15d59m15.87s      2               0    2.714979e-07         134          27           0        15.317            0.026     13.435           null   13.431         null    0.027        null        14273341003104  339.6410770   15.9876600        3521      7   56202.192407200        1299    13.484    20.579     27.764    2.450       2.725           0    16908292            0            1    14273341 
   56204.112797200        13.432        0.409        35212070002589  339.6411060   15.9877410   22h38m33.87s   15d59m15.87s      2               0    2.714979e-07         134          27           0        15.317            0.026     13.435           null   13.431         null    0.027        null        14316241002573  339.6410680   15.9876530        3521      7   56204.117707200        1301    14.051    20.467     27.477    2.850       2.912           0      131072            0            1    14316241 
   56204.143157200        13.415        0.409        35212070002589  339.6411060   15.9877410   22h38m33.87s   15d59m15.87s      2               0    2.714979e-07         134          27           0        15.317            0.026     13.435           null   13.431         null    0.027        null        14316264003357  339.6410680   15.9876510        3521      7   56204.148067200        1301    13.711    20.749     27.460    2.450       2.568           0      131072            0            1    14316264 
   56204.173637200        13.444        0.409        35212070002589  339.6411060   15.9877410   22h38m33.87s   15d59m15.87s      2               0    2.714979e-07         134          27           0        15.317            0.026     13.435           null   13.431         null    0.027        null        14316289004202  339.6410850   15.9876530        3521      7   56204.178537200        1301    13.107    20.682     27.396    2.550       2.861           0    16908292            0            1    14316289 
   56206.113627200        13.441        0.106        35212070002589  339.6411060   15.9877410   22h38m33.87s   15d59m15.87s      2               0    2.714979e-07         134          27           0        15.317            0.026     13.435           null   13.431         null    0.027        null        14342012004730  339.6410810   15.9876600        3521      7   56206.118457200        1303    13.451    21.228     27.765    2.650       2.899           0    16908292            0            1    14342012 
   56206.149307200        13.443        0.106        35212070002589  339.6411060   15.9877410   22h38m33.87s   15d59m15.87s      2               0    2.714979e-07         134          27           0        15.317            0.026     13.435           null   13.431         null    0.027        null        14342033005006  339.6410840   15.9876640        3521      7   56206.154137200        1303    13.465    21.540     27.782    2.250       2.466           0    16908292            0            1    14342033 
   56206.179597200        13.492        0.106        35212070002589  339.6411060   15.9877410   22h38m33.87s   15d59m15.87s      2               0    2.714979e-07         134          27           0        15.317            0.026     13.435           null   13.431         null    0.027        null        14342063005479  339.6410870   15.9876630        3521      7   56206.184427200        1303    13.505    21.618     27.780    2.150       2.644           0    16908292            0            1    14342063 
   56228.215327200        13.449        0.025        35212070002589  339.6411060   15.9877410   22h38m33.87s   15d59m15.87s      2               0    2.714979e-07         134          27           0        15.317            0.026     13.435           null   13.431         null    0.027        null        14452652002761  339.6410870   15.9876590        3521      7   56228.218997200        1315    13.462    20.503     27.776    2.450       2.726           0    16908292            0            1    14452652 
   56230.249197200        13.505        0.022        35212070002589  339.6411060   15.9877410   22h38m33.87s   15d59m15.87s      2               0    2.714979e-07         134          27           0        15.317            0.026     13.435           null   13.431         null    0.027        null        14489896003277  339.6410960   15.9876660        3521      7   56230.252737200        1317    13.509    20.502     27.757    2.150       2.624           0    16908292            0            1    14489896 
   56234.212917200        13.435        0.047        35212070002589  339.6411060   15.9877410   22h38m33.87s   15d59m15.87s      2               0    2.714979e-07         134          27           0        15.317            0.026     13.435           null   13.431         null    0.027        null        14499588004181  339.6410820   15.9876570        3521      7   56234.216167200        1321    13.422    21.030     27.744    2.450       2.641           0    16908292            0            1    14499588 
   56234.244177200        13.434        0.047        35212070002589  339.6411060   15.9877410   22h38m33.87s   15d59m15.87s      2               0    2.714979e-07         134          27           0        15.317            0.026     13.435           null   13.431         null    0.027        null        14499603004105  339.6410800   15.9876570        3521      7   56234.247427200        1321    13.413    20.865     27.729    2.650       2.977           0    16908292            0            1    14499603 
   56236.145687200        13.451        0.026        35212070002589  339.6411060   15.9877410   22h38m33.87s   15d59m15.87s      2               0    2.714979e-07         134          27           0        15.317            0.026     13.435           null   13.431         null    0.027        null        14531741004615  339.6410770   15.9876490        3521      7   56236.148787200        1323    13.457    21.331     27.775    2.550       2.829           0    16908292            0            1    14531741 
   56238.121187200        13.492        0.023        35212070002589  339.6411060   15.9877410   22h38m33.87s   15d59m15.87s      2               0    2.714979e-07         134          27           0        15.317            0.026     13.435           null   13.431         null    0.027        null        14573601004969  339.6410940   15.9876750        3521      7   56238.124147200        1325    13.500    21.459     27.777    2.150       2.724           0    16908292            0            1    14573601 
   56238.091697200        13.481        0.023        35212070002589  339.6411060   15.9877410   22h38m33.87s   15d59m15.87s      2               0    2.714979e-07         134          27           0        15.317            0.026     13.435           null   13.431         null    0.027        null        14573623004772  339.6410750   15.9876840        3521      7   56238.094657200        1325    13.485    21.357     27.773    2.250       2.843           0    16908292            0            1    14573623 
   56232.228407200        13.491        0.072        35212070002589  339.6411060   15.9877410   22h38m33.87s   15d59m15.87s      2               0    2.714979e-07         134          27           0        15.317            0.026     13.435           null   13.431         null    0.027        null        14647927003673  339.6410850   15.9876730        3521      7   56232.231797200        1319    13.443    20.950     27.723    2.150       2.907           0    16908292            0            1    14647927 
   56251.084597200        13.486        0.025        35212070002589  339.6411060   15.9877410   22h38m33.87s   15d59m15.87s      2               0    2.714979e-07         134          27           0        15.317            0.026     13.435           null   13.431         null    0.027        null        14657670004621  339.6410730   15.9876640        3521      7   56251.086477200        1338    13.490    21.194     27.782    2.150       2.581           0    50462724            0            1    14657670 
   56251.114167200        13.442        0.025        35212070002589  339.6411060   15.9877410   22h38m33.87s   15d59m15.87s      2               0    2.714979e-07         134          27           0        15.317            0.026     13.435           null   13.431         null    0.027        null        14657690004188  339.6410800   15.9876450        3521      7   56251.116047200        1338    13.447    20.867     27.784    2.950       3.174           0    16908288            0            1    14657690 
   56255.081677200        13.461        0.024        35212070002589  339.6411060   15.9877410   22h38m33.87s   15d59m15.87s      2               0    2.714979e-07         134          27           0        15.317            0.026     13.435           null   13.431         null    0.027        null        14698345003541  339.6410800   15.9876580        3521      7   56255.083207200        1342    13.457    20.593     27.777    2.650       3.472           0    16908292            0            1    14698345 
   56255.112127200        13.436        0.024        35212070002589  339.6411060   15.9877410   22h38m33.87s   15d59m15.87s      2               0    2.714979e-07         134          27           0        15.317            0.026     13.435           null   13.431         null    0.027        null        14698373003248  339.6410700   15.9876520        3521      7   56255.113657200        1342    13.449    20.397     27.780    3.350       3.467           0      131072            0            1    14698373 
   56267.144527200        13.428        0.257        35212070002589  339.6411060   15.9877410   22h38m33.87s   15d59m15.87s      2               0    2.714979e-07         134          27           0        15.317            0.026     13.435           null   13.431         null    0.027        null        14758256004098  339.6410800   15.9876610        3521      7   56267.144947200        1354    13.435    20.991     27.600    2.450       2.745           0      131072            0            1    14758256 
   56267.186597200        13.435        0.257        35212070002589  339.6411060   15.9877410   22h38m33.87s   15d59m15.87s      2               0    2.714979e-07         134          27           0        15.317            0.026     13.435           null   13.431         null    0.027        null        14758279004057  339.6410810   15.9876710        3521      7   56267.187007200        1354    13.422    20.938     27.500    2.150       2.590           0    29491204            0            1    14758279 
   56265.173377200        13.426        0.232        35212070002589  339.6411060   15.9877410   22h38m33.87s   15d59m15.87s      2               0    2.714979e-07         134          27           0        15.317            0.026     13.435           null   13.431         null    0.027        null        14766650003665  339.6410760   15.9876610        3521      7   56265.173987200        1352    13.634    20.959     27.506    2.350       2.624           0      131072            0            1    14766650 
   56265.143887200        13.435        0.232        35212070002589  339.6411060   15.9877410   22h38m33.87s   15d59m15.87s      2               0    2.714979e-07         134          27           0        15.317            0.026     13.435           null   13.431         null    0.027        null        14766660004957  339.6410790   15.9876610        3521      7   56265.144497200        1352    13.418    21.438     27.704    2.350       2.713           0    50462726            0            1    14766660 
   56271.223777200        13.427        0.039        35212070002589  339.6411060   15.9877410   22h38m33.87s   15d59m15.87s      2               0    2.714979e-07         134          27           0        15.317            0.026     13.435           null   13.431         null    0.027        null        14804571003212  339.6410660   15.9876710        3521      7   56271.223807200        1358    13.412    20.516     27.639    3.650       3.736           0    33685506            0            1    14804571 
   56257.119777200        13.466        0.025        35212070002589  339.6411060   15.9877410   22h38m33.87s   15d59m15.87s      2               0    2.714979e-07         134          27           0        15.317            0.026     13.435           null   13.431         null    0.027        null        15702081003410  339.6410860   15.9876750        3521      7   56257.121127200        1344    13.473    20.742     27.776    2.350       2.935           0    50462724            0            1    15702081 
   56911.286797200        13.454        0.030        35212070002589  339.6411060   15.9877410   22h38m33.87s   15d59m15.87s      2               0    2.714979e-07         134          27           0        15.317            0.026     13.435           null   13.431         null    0.027        null        21287328003366  339.6410630   15.9876400        3521      7   56911.292097200        1975    13.440    20.515     27.703    2.350       2.575           0    16908292            0            1    21287328 
