   55783.493537200        15.925        0.032        35212000008599  338.5778670   17.6959830   22h34m18.69s   17d41m45.54s      2               0    6.822566e-07         134         133         116        15.928            0.008     15.930         15.929   15.931       15.929    0.014       0.008        10358489001539  338.5778290   17.6959930        3521      0   55783.498077200         881    15.933    21.705     28.005    2.150       2.189           0      131072            0            1    10358489 
   55783.450517200        15.928        0.032        35212000008599  338.5778670   17.6959830   22h34m18.69s   17d41m45.54s      2               0    6.822566e-07         134         133         116        15.928            0.008     15.930         15.929   15.931       15.929    0.014       0.008        10358546001698  338.5778620   17.6959730        3521      0   55783.455047200         881    15.925    21.903     28.017    2.050       2.144           0      131072            0            1    10358546 
   55794.417557200        15.932        0.127        35212000008599  338.5778670   17.6959830   22h34m18.69s   17d41m45.54s      2               0    6.822566e-07         134         133         116        15.928            0.008     15.930         15.929   15.931       15.929    0.014       0.008        10381024000862  338.5778490   17.6959750        3521      0   55794.422517200         892    16.488    20.936     27.872    2.150       2.133           0      131072            0            1    10381024 
   55794.374747200        15.941        0.128        35212000008599  338.5778670   17.6959830   22h34m18.69s   17d41m45.54s      2               0    6.822566e-07         134         133         116        15.928            0.008     15.930         15.929   15.931       15.929    0.014       0.008        10381090000473  338.5778340   17.6959480        3521      0   55794.379707200         892    17.625    20.779     27.920    2.050       2.113           0      131072            0            1    10381090 
   55821.364667200        15.923        0.027        35212000008599  338.5778670   17.6959830   22h34m18.69s   17d41m45.54s      2               0    6.822566e-07         134         133         116        15.928            0.008     15.930         15.929   15.931       15.929    0.014       0.008        10510320001092  338.5778880   17.6959920        3521      0   55821.369947200         919    15.939    21.077     27.984    2.050       2.117           0      131072            0            1    10510320 
   55821.319317200        15.943        0.027        35212000008599  338.5778670   17.6959830   22h34m18.69s   17d41m45.54s      2               0    6.822566e-07         134         133         116        15.928            0.008     15.930         15.929   15.931       15.929    0.014       0.008        10510348001137  338.5777910   17.6960110        3521      0   55821.324607200         919    15.955    21.065     27.993    2.250       2.261           0      131072            0            1    10510348 
   55471.200687200        15.922        0.032        35212000008599  338.5778670   17.6959830   22h34m18.69s   17d41m45.54s      2               0    6.822566e-07         134         133         116        15.928            0.008     15.930         15.929   15.931       15.929    0.014       0.008        10798349001575  338.5777850   17.6959550        3521      0   55471.205667200         562    15.934    21.790     28.119    2.050       2.051           0      131072            0            1    10798349 
   55471.244407200        15.932        0.032        35212000008599  338.5778670   17.6959830   22h34m18.69s   17d41m45.54s      2               0    6.822566e-07         134         133         116        15.928            0.008     15.930         15.929   15.931       15.929    0.014       0.008        10798441001631  338.5778420   17.6959440        3521      0   55471.249397200         562    15.937    21.787     28.115    2.050       2.068           0      131072            0            1    10798441 
   55483.122857200        15.924        0.028        35212000008599  338.5778670   17.6959830   22h34m18.69s   17d41m45.54s      2               0    6.822566e-07         134         133         116        15.928            0.008     15.930         15.929   15.931       15.929    0.014       0.008        10855795001471  338.5778600   17.6959650        3521      0   55483.127367200         577    15.926    21.553     28.084    2.050       2.108           0      131072            0            1    10855795 
   55443.230767200        15.932        0.027        35212000008599  338.5778670   17.6959830   22h34m18.69s   17d41m45.54s      2               0    6.822566e-07         134         133         116        15.928            0.008     15.930         15.929   15.931       15.929    0.014       0.008        10908450001696  338.5778730   17.6959520        3521      0   55443.236027200         538    15.928    21.793     28.103    2.050       2.171           0      131072            0            1    10908450 
   55443.185917200        15.936        0.027        35212000008599  338.5778670   17.6959830   22h34m18.69s   17d41m45.54s      2               0    6.822566e-07         134         133         116        15.928            0.008     15.930         15.929   15.931       15.929    0.014       0.008        10908458001470  338.5778770   17.6959640        3521      0   55443.191177200         538    15.933    21.486     28.072    2.350       2.482           0      131072            0            1    10908458 
   55446.312747200        15.938        0.037        35212000008599  338.5778670   17.6959830   22h34m18.69s   17d41m45.54s      2               0    6.822566e-07         134         133         116        15.928            0.008     15.930         15.929   15.931       15.929    0.014       0.008        10913466001804  338.5777690   17.6959760        3521      0   55446.318037200         541    15.941    22.087     28.111    1.750       1.972           0      131072            0            1    10913466 
   55446.269397200        15.924        0.037        35212000008599  338.5778670   17.6959830   22h34m18.69s   17d41m45.54s      2               0    6.822566e-07         134         133         116        15.928            0.008     15.930         15.929   15.931       15.929    0.014       0.008        10913512001749  338.5778270   17.6959250        3521      0   55446.274687200         541    15.929    22.005     28.108    1.850       1.937           0      131072            0            1    10913512 
   55452.163847200        15.930        0.024        35212000008599  338.5778670   17.6959830   22h34m18.69s   17d41m45.54s      2               0    6.822566e-07         134         133         116        15.928            0.008     15.930         15.929   15.931       15.929    0.014       0.008        10932610001489  338.5778160   17.6959630        3521      0   55452.169147200         547    15.937    21.521     28.101    2.050       2.170           0      131072            0            1    10932610 
   55452.206587200        15.931        0.024        35212000008599  338.5778670   17.6959830   22h34m18.69s   17d41m45.54s      2               0    6.822566e-07         134         133         116        15.928            0.008     15.930         15.929   15.931       15.929    0.014       0.008        10932723001609  338.5778720   17.6959540        3521      0   55452.211887200         547    15.938    21.724     28.117    2.050       2.200           0      131072            0            1    10932723 
   55467.310857200        15.932        0.053        35212000008599  338.5778670   17.6959830   22h34m18.69s   17d41m45.54s      2               0    6.822566e-07         134         133         116        15.928            0.008     15.930         15.929   15.931       15.929    0.014       0.008        11077739001281  338.5778010   17.6959840        3521      0   55467.315957200         560    15.930    21.316     28.084    2.050       2.055           0      131072            0            1    11077739 
   55468.221587200        15.930        0.186        35212000008599  338.5778670   17.6959830   22h34m18.69s   17d41m45.54s      2               0    6.822566e-07         134         133         116        15.928            0.008     15.930         15.929   15.931       15.929    0.014       0.008        11078422001513  338.5778180   17.6959680        3521      0   55468.226657200         558    15.966    21.652     28.131    2.050       2.145           0      131072            0            1    11078422 
   55416.200397200        15.904        0.192        35212000008599  338.5778670   17.6959830   22h34m18.69s   17d41m45.54s      2               0    6.822566e-07         134         133         116        15.928            0.008     15.930         15.929   15.931       15.929    0.014       0.008        11121847001039  338.5778890   17.6959560        3521      0   55416.204827200         515    15.961    20.536     26.950    3.150       3.289           0      131072            0            1    11121847 
   55416.243347200        15.912        0.192        35212000008599  338.5778670   17.6959830   22h34m18.69s   17d41m45.54s      2               0    6.822566e-07         134         133         116        15.928            0.008     15.930         15.929   15.931       15.929    0.014       0.008        11121985001163  338.5778790   17.6959890        3521      0   55416.247777200         515    16.043    21.001     27.166    2.750       2.879           0      131072            0            1    11121985 
   55422.369597200        15.932        0.027        35212000008599  338.5778670   17.6959830   22h34m18.69s   17d41m45.54s      2               0    6.822566e-07         134         133         116        15.928            0.008     15.930         15.929   15.931       15.929    0.014       0.008        11149623001851  338.5778460   17.6959630        3521      0   55422.374307200         521    15.926    22.020     28.148    2.050       2.170           0      131072            0            1    11149623 
   55422.414337200        15.927        0.027        35212000008599  338.5778670   17.6959830   22h34m18.69s   17d41m45.54s      2               0    6.822566e-07         134         133         116        15.928            0.008     15.930         15.929   15.931       15.929    0.014       0.008        11149774001736  338.5778340   17.6959730        3521      0   55422.419057200         521    15.924    21.946     28.147    2.150       2.210           0      131072            0            1    11149774 
   55429.226357200        15.924        0.027        35212000008599  338.5778670   17.6959830   22h34m18.69s   17d41m45.54s      2               0    6.822566e-07         134         133         116        15.928            0.008     15.930         15.929   15.931       15.929    0.014       0.008        11200816001211  338.5778760   17.6959390        3521      0   55429.231317200         528    15.924    21.110     28.083    1.950       2.093           0      131072            0            1    11200816 
   55429.183207200        15.928        0.027        35212000008599  338.5778670   17.6959830   22h34m18.69s   17d41m45.54s      2               0    6.822566e-07         134         133         116        15.928            0.008     15.930         15.929   15.931       15.929    0.014       0.008        11201013001097  338.5778540   17.6959620        3521      0   55429.188167200         528    15.920    20.807     28.031    2.150       2.317           0      131072            0            1    11201013 
   55436.224917200        15.932        0.034        35212000008599  338.5778670   17.6959830   22h34m18.69s   17d41m45.54s      2               0    6.822566e-07         134         133         116        15.928            0.008     15.930         15.929   15.931       15.929    0.014       0.008        11207843001092  338.5778370   17.6959720        3521      0   55436.230067200         609    15.925    20.701     28.093    2.350       2.420           0      131072            0            1    11207843 
   55436.176617200        15.942        0.034        35212000008599  338.5778670   17.6959830   22h34m18.69s   17d41m45.54s      2               0    6.822566e-07         134         133         116        15.928            0.008     15.930         15.929   15.931       15.929    0.014       0.008        11208062001004  338.5778740   17.6959830        3521      0   55436.181767200         609    15.924    20.521     28.043    2.650       2.762           0      131072            0            1    11208062 
   55426.169847200        15.954        0.067        35212000008599  338.5778670   17.6959830   22h34m18.69s   17d41m45.54s      2               0    6.822566e-07         134         133         116        15.928            0.008     15.930         15.929   15.931       15.929    0.014       0.008        11224126001098  338.5778390   17.6959800        3521      0   55426.174707200         525    15.850    20.468     27.858    3.150       3.147           0      131072            0            1    11224126 
   55439.224367200        15.930        0.027        35212000008599  338.5778670   17.6959830   22h34m18.69s   17d41m45.54s      2               0    6.822566e-07         134         133         116        15.928            0.008     15.930         15.929   15.931       15.929    0.014       0.008        11225283001554  338.5778040   17.6959930        3521      0   55439.229567200         534    15.927    21.655     28.102    1.950       2.080           0      131072            0            1    11225283 
   55439.179857200        15.927        0.027        35212000008599  338.5778670   17.6959830   22h34m18.69s   17d41m45.54s      2               0    6.822566e-07         134         133         116        15.928            0.008     15.930         15.929   15.931       15.929    0.014       0.008        11225325001531  338.5778760   17.6959780        3521      0   55439.185067200         534    15.918    21.500     28.060    2.250       2.313           0      131072            0            1    11225325 
   55382.429197200        15.919        0.025        35212000008599  338.5778670   17.6959830   22h34m18.69s   17d41m45.54s      2               0    6.822566e-07         134         133         116        15.928            0.008     15.930         15.929   15.931       15.929    0.014       0.008        11241165001507  338.5778530   17.6959260        3521      0   55382.431397200         481    15.928    21.602     28.137    2.150       2.317           0      131072            0            1    11241165 
   55382.386187200        15.929        0.025        35212000008599  338.5778670   17.6959830   22h34m18.69s   17d41m45.54s      2               0    6.822566e-07         134         133         116        15.928            0.008     15.930         15.929   15.931       15.929    0.014       0.008        11241179001450  338.5778640   17.6959210        3521      0   55382.388377200         481    15.940    21.482     28.124    2.250       2.307           0      131072            0            1    11241179 
   55387.460507200        15.940        0.190        35212000008599  338.5778670   17.6959830   22h34m18.69s   17d41m45.54s      2               0    6.822566e-07         134         133         116        15.928            0.008     15.930         15.929   15.931       15.929    0.014       0.008        11261130001711  338.5778500   17.6959910        3521      0   55387.463097200         486    15.712    21.575     27.886    2.250       2.227           0      131072            0            1    11261130 
   55349.467407200        15.930        0.057        35212000008599  338.5778670   17.6959830   22h34m18.69s   17d41m45.54s      2               0    6.822566e-07         134         133         116        15.928            0.008     15.930         15.929   15.931       15.929    0.014       0.008        11335384001261  338.5778870   17.6959760        3521      0   55349.466757200         449    15.953    21.046     28.129    2.350       2.473           0      131072            0            1    11335384 
   55364.433677200        15.935        0.031        35212000008599  338.5778670   17.6959830   22h34m18.69s   17d41m45.54s      2               0    6.822566e-07         134         133         116        15.928            0.008     15.930         15.929   15.931       15.929    0.014       0.008        11389733001652  338.5778730   17.6959480        3521      0   55364.434347200         463    15.932    21.705     28.135    2.350       2.487           0      131072            0            1    11389733 
   55364.386147200        15.932        0.031        35212000008599  338.5778670   17.6959830   22h34m18.69s   17d41m45.54s      2               0    6.822566e-07         134         133         116        15.928            0.008     15.930         15.929   15.931       15.929    0.014       0.008        11389735001558  338.5778800   17.6959640        3521      0   55364.386807200         463    15.919    21.559     28.098    2.450       2.583           0      131072            0            1    11389735 
   55419.358367200        15.927        0.263        35212000008599  338.5778670   17.6959830   22h34m18.69s   17d41m45.54s      2               0    6.822566e-07         134         133         116        15.928            0.008     15.930         15.929   15.931       15.929    0.014       0.008        11395185001382  338.5778770   17.6959900        3521      0   55419.362947200         518    15.745    21.159     27.108    2.250       2.376           0      131072            0            1    11395185 
   55419.401647200        15.971        0.263        35212000008599  338.5778670   17.6959830   22h34m18.69s   17d41m45.54s      2               0    6.822566e-07         134         133         116        15.928            0.008     15.930         15.929   15.931       15.929    0.014       0.008        11395348001238  338.5778800   17.6959990        3521      0   55419.406227200         518    15.903    21.146     27.125    2.450       2.534           0      131072            0            1    11395348 
   55369.460177200        15.926        0.030        35212000008599  338.5778670   17.6959830   22h34m18.69s   17d41m45.54s      2               0    6.822566e-07         134         133         116        15.928            0.008     15.930         15.929   15.931       15.929    0.014       0.008        11410009001790  338.5778700   17.6959800        3521      0   55369.461277200         468    15.936    21.929     28.146    1.950       2.097           0      131072            0            1    11410009 
   55372.400097200        15.921        0.026        35212000008599  338.5778670   17.6959830   22h34m18.69s   17d41m45.54s      2               0    6.822566e-07         134         133         116        15.928            0.008     15.930         15.929   15.931       15.929    0.014       0.008        11411275001214  338.5778530   17.6959410        3521      0   55372.401447200         471    15.919    21.105     28.131    2.050       2.204           0      131072            0            1    11411275 
   55372.356507200        15.931        0.027        35212000008599  338.5778670   17.6959830   22h34m18.69s   17d41m45.54s      2               0    6.822566e-07         134         133         116        15.928            0.008     15.930         15.929   15.931       15.929    0.014       0.008        11411338001072  338.5778720   17.6960060        3521      0   55372.357857200         471    15.925    20.704     28.097    2.550       2.646           0      131072            0            1    11411338 
   55371.453437200        15.924        0.025        35212000008599  338.5778670   17.6959830   22h34m18.69s   17d41m45.54s      2               0    6.822566e-07         134         133         116        15.928            0.008     15.930         15.929   15.931       15.929    0.014       0.008        11414051001667  338.5778720   17.6959890        3521      0   55371.454717200         470    15.933    21.697     28.167    2.050       2.142           0      131072            0            1    11414051 
   55370.457827200        15.920        0.025        35212000008599  338.5778670   17.6959830   22h34m18.69s   17d41m45.54s      2               0    6.822566e-07         134         133         116        15.928            0.008     15.930         15.929   15.931       15.929    0.014       0.008        11416228001790  338.5778360   17.6959590        3521      0   55370.459017200         469    15.938    21.953     28.165    2.050       2.077           0      131072            0            1    11416228 
   55377.357017200        15.933        0.027        35212000008599  338.5778670   17.6959830   22h34m18.69s   17d41m45.54s      2               0    6.822566e-07         134         133         116        15.928            0.008     15.930         15.929   15.931       15.929    0.014       0.008        11430718001085  338.5778640   17.6959520        3521      0   55377.358787200         476    15.929    20.808     28.093    2.350       2.460           0      131072            0            1    11430718 
   55377.401227200        15.926        0.027        35212000008599  338.5778670   17.6959830   22h34m18.69s   17d41m45.54s      2               0    6.822566e-07         134         133         116        15.928            0.008     15.930         15.929   15.931       15.929    0.014       0.008        11430750001126  338.5778730   17.6959520        3521      0   55377.403007200         476    15.924    20.885     28.118    2.350       2.464           0      131072            0            1    11430750 
   55137.187677200        15.933        0.027        35212000008599  338.5778670   17.6959830   22h34m18.69s   17d41m45.54s      2               0    6.822566e-07         134         133         116        15.928            0.008     15.930         15.929   15.931       15.929    0.014       0.008        11786718001005  338.5778380   17.6959470        3521      0   55137.191017200         244    15.925    20.605     28.190    2.450       2.506           0      131072            0            1    11786718 
   55138.179157200        15.932        0.041        35212000008599  338.5778670   17.6959830   22h34m18.69s   17d41m45.54s      2               0    6.822566e-07         134         133         116        15.928            0.008     15.930         15.929   15.931       15.929    0.014       0.008        11790096001056  338.5778490   17.6960040        3521      0   55138.182427200         245    15.913    20.574     28.173    2.650       2.718           0      131072            0            1    11790096 
   55142.163267200        15.926        0.028        35212000008599  338.5778670   17.6959830   22h34m18.69s   17d41m45.54s      2               0    6.822566e-07         134         133         116        15.928            0.008     15.930         15.929   15.931       15.929    0.014       0.008        11794238001569  338.5778280   17.6959470        3521      0   55142.166237200         282    15.919    21.612     28.195    2.250       2.229           0      131072            0            1    11794238 
   55142.118957200        15.937        0.028        35212000008599  338.5778670   17.6959830   22h34m18.69s   17d41m45.54s      2               0    6.822566e-07         134         133         116        15.928            0.008     15.930         15.929   15.931       15.929    0.014       0.008        11794342001491  338.5778520   17.6959590        3521      0   55142.121927200         282    15.934    21.467     28.191    2.450       2.445           0      131072            0            1    11794342 
   55123.223387200        15.941        0.030        35212000008599  338.5778670   17.6959830   22h34m18.69s   17d41m45.54s      2               0    6.822566e-07         134         133         116        15.928            0.008     15.930         15.929   15.931       15.929    0.014       0.008        11812691001351  338.5778630   17.6959820        3521      0   55123.227627200         232    15.951    21.712     28.212    2.150       2.258           0      131072            0            1    11812691 
   55045.207707200        15.941        0.026        35212000008599  338.5778670   17.6959830   22h34m18.69s   17d41m45.54s      2               0    6.822566e-07         134         133         116        15.928            0.008     15.930         15.929   15.931       15.929    0.014       0.008        11858039000903  338.5778610   17.6959970        3521      0   55045.211847200         159    15.923    20.316     27.643    2.950       3.014           0      131072            0            1    11858039 
   55045.289337200        15.929        0.026        35212000008599  338.5778670   17.6959830   22h34m18.69s   17d41m45.54s      2               0    6.822566e-07         134         133         116        15.928            0.008     15.930         15.929   15.931       15.929    0.014       0.008        11858047001212  338.5778860   17.6959540        3521      0   55045.293477200         159    15.932    21.116     27.759    2.050       2.114           0      131072            0            1    11858047 
   55049.426157200        15.934        0.027        35212000008599  338.5778670   17.6959830   22h34m18.69s   17d41m45.54s      2               0    6.822566e-07         134         133         116        15.928            0.008     15.930         15.929   15.931       15.929    0.014       0.008        11863107000894  338.5778830   17.6959640        3521      0   55049.430517200         163    15.934    20.334     27.761    2.150       2.244           0      131072            0            1    11863107 
   55054.221717200        15.938        0.055        35212000008599  338.5778670   17.6959830   22h34m18.69s   17d41m45.54s      2               0    6.822566e-07         134         133         116        15.928            0.008     15.930         15.929   15.931       15.929    0.014       0.008        11869744000835  338.5778920   17.6960000        3521      0   55054.226297200         168    15.905    20.092     27.571    3.350       3.267           0      131072            0            1    11869744 
   55066.328927200        15.931        0.027        35212000008599  338.5778670   17.6959830   22h34m18.69s   17d41m45.54s      2               0    6.822566e-07         134         133         116        15.928            0.008     15.930         15.929   15.931       15.929    0.014       0.008        11884044001702  338.5778540   17.6959630        3521      0   55066.333957200         180    15.917    21.846     27.708    1.850       1.936           0      131072            0            1    11884044 
   55066.284507200        15.928        0.027        35212000008599  338.5778670   17.6959830   22h34m18.69s   17d41m45.54s      2               0    6.822566e-07         134         133         116        15.928            0.008     15.930         15.929   15.931       15.929    0.014       0.008        11884061001672  338.5778090   17.6959780        3521      0   55066.289537200         180    15.937    21.919     27.686    1.650       1.716           0      131072            0            1    11884061 
   55061.271507200        15.925        0.024        35212000008599  338.5778670   17.6959830   22h34m18.69s   17d41m45.54s      2               0    6.822566e-07         134         133         116        15.928            0.008     15.930         15.929   15.931       15.929    0.014       0.008        11893490001657  338.5778750   17.6959430        3521      0   55061.276377200         175    15.923    21.781     27.768    1.950       2.037           0      131072            0            1    11893490 
   55061.369177200        15.935        0.024        35212000008599  338.5778670   17.6959830   22h34m18.69s   17d41m45.54s      2               0    6.822566e-07         134         133         116        15.928            0.008     15.930         15.929   15.931       15.929    0.014       0.008        11893514001733  338.5778430   17.6960090        3521      0   55061.374047200         175    15.933    21.818     27.774    2.150       2.275           0    12714000            0            1    11893514 
   55056.350197200        15.929        0.023        35212000008599  338.5778670   17.6959830   22h34m18.69s   17d41m45.54s      2               0    6.822566e-07         134         133         116        15.928            0.008     15.930         15.929   15.931       15.929    0.014       0.008        11899269001370  338.5778830   17.6959570        3521      0   55056.354877200         170    15.931    21.347     27.758    2.150       2.289           0      131072            0            1    11899269 
   55056.268047200        15.928        0.023        35212000008599  338.5778670   17.6959830   22h34m18.69s   17d41m45.54s      2               0    6.822566e-07         134         133         116        15.928            0.008     15.930         15.929   15.931       15.929    0.014       0.008        11899280001387  338.5778850   17.6959570        3521      0   55056.272717200         170    15.924    21.401     27.731    2.150       2.237           0      131072            0            1    11899280 
   55087.280887200        15.934        0.023        35212000008599  338.5778670   17.6959830   22h34m18.69s   17d41m45.54s      2               0    6.822566e-07         134         133         116        15.928            0.008     15.930         15.929   15.931       15.929    0.014       0.008        11918661001624  338.5778800   17.6959840        3521      0   55087.286197200         199    15.939    21.826     27.775    1.950       1.957           0      131072            0            1    11918661 
   55087.325037200        15.941        0.023        35212000008599  338.5778670   17.6959830   22h34m18.69s   17d41m45.54s      2               0    6.822566e-07         134         133         116        15.928            0.008     15.930         15.929   15.931       15.929    0.014       0.008        11918675001506  338.5778660   17.6959770        3521      0   55087.330337200         199    15.951    21.702     27.775    2.150       2.163           0      131072            0            1    11918675 
   55019.451217200        15.944        0.032        35212000008599  338.5778670   17.6959830   22h34m18.69s   17d41m45.54s      2               0    6.822566e-07         134         133         116        15.928            0.008     15.930         15.929   15.931       15.929    0.014       0.008        11920831001100  338.5778560   17.6959820        3521      0   55019.453587200         133    15.907    20.494     27.693    2.450       2.519           0      131072            0            1    11920831 
   55019.390137200        15.923        0.032        35212000008599  338.5778670   17.6959830   22h34m18.69s   17d41m45.54s      2               0    6.822566e-07         134         133         116        15.928            0.008     15.930         15.929   15.931       15.929    0.014       0.008        11920877001061  338.5778670   17.6959720        3521      0   55019.392507200         133    15.884    20.416     27.678    2.450       2.517           0      131072            0            1    11920877 
   55032.282817200        16.012        0.062        35212000008599  338.5778670   17.6959830   22h34m18.69s   17d41m45.54s      2               0    6.822566e-07         134         133         116        15.928            0.008     15.930         15.929   15.931       15.929    0.014       0.008        11956016000759  338.5778950   17.6959690        3521      0   55032.286137200         146    17.282    21.155     27.599    2.150       2.149           0      131072            0            1    11956016 
   55031.383737200        15.920        0.033        35212000008599  338.5778670   17.6959830   22h34m18.69s   17d41m45.54s      2               0    6.822566e-07         134         133         116        15.928            0.008     15.930         15.929   15.931       15.929    0.014       0.008        11957451001651  338.5778260   17.6959420        3521      0   55031.387007200         145    15.928    21.787     27.710    1.950       2.039           0      131072            0            1    11957451 
   55039.420947200        15.925        0.027        35212000008599  338.5778670   17.6959830   22h34m18.69s   17d41m45.54s      2               0    6.822566e-07         134         133         116        15.928            0.008     15.930         15.929   15.931       15.929    0.014       0.008        11989864001687  338.5778780   17.6959780        3521      0   55039.424747200         153    15.903    21.704     27.720    2.150       2.237           0      131072            0            1    11989864 
   55039.376907200        15.923        0.027        35212000008599  338.5778670   17.6959830   22h34m18.69s   17d41m45.54s      2               0    6.822566e-07         134         133         116        15.928            0.008     15.930         15.929   15.931       15.929    0.014       0.008        11989960001623  338.5778570   17.6959980        3521      0   55039.380697200         153    15.901    21.712     27.697    2.050       2.146           0      131072            0            1    11989960 
   55498.219327200        15.920        0.202        35212000008599  338.5778670   17.6959830   22h34m18.69s   17d41m45.54s      2               0    6.822566e-07         134         133         116        15.928            0.008     15.930         15.929   15.931       15.929    0.014       0.008        12783020001205  338.5778570   17.6959890        3521      0   55498.222967200         593    16.167    21.304     28.024    2.050       2.155           0      131072            0            1    12783020 
   55498.274697200        15.918        0.202        35212000008599  338.5778670   17.6959830   22h34m18.69s   17d41m45.54s      2               0    6.822566e-07         134         133         116        15.928            0.008     15.930         15.929   15.931       15.929    0.014       0.008        12783276001438  338.5777970   17.6959700        3521      0   55498.278327200         593    15.794    21.308     27.962    2.050       2.122           0      131072            0            1    12783276 
   55458.418447200        15.931        0.026        35212000008599  338.5778670   17.6959830   22h34m18.69s   17d41m45.54s      2               0    6.822566e-07         134         133         116        15.928            0.008     15.930         15.929   15.931       15.929    0.014       0.008        12794775001207  338.5778500   17.6959730        3521      0   55458.423707200         553    15.923    21.102     28.081    2.250       2.308           0      131072            0            1    12794775 
   55458.351667200        15.927        0.026        35212000008599  338.5778670   17.6959830   22h34m18.69s   17d41m45.54s      2               0    6.822566e-07         134         133         116        15.928            0.008     15.930         15.929   15.931       15.929    0.014       0.008        12794931001111  338.5778770   17.6959850        3521      0   55458.356927200         553    15.931    21.018     28.112    2.150       2.294           0      131072            0            1    12794931 
   55480.170497200        15.921        0.026        35212000008599  338.5778670   17.6959830   22h34m18.69s   17d41m45.54s      2               0    6.822566e-07         134         133         116        15.928            0.008     15.930         15.929   15.931       15.929    0.014       0.008        12807129001507  338.5778780   17.6959950        3521      0   55480.175147200         574    15.932    21.533     28.102    2.150       2.313           0      131072            0            1    12807129 
   55480.128187200        15.927        0.026        35212000008599  338.5778670   17.6959830   22h34m18.69s   17d41m45.54s      2               0    6.822566e-07         134         133         116        15.928            0.008     15.930         15.929   15.931       15.929    0.014       0.008        12807144001525  338.5778180   17.6959850        3521      0   55480.132837200         574    15.942    21.604     28.080    2.050       2.193           0      131072            0            1    12807144 
   56202.157977200        15.921        0.027        35212000008599  338.5778670   17.6959830   22h34m18.69s   17d41m45.54s      2               0    6.822566e-07         134         133         116        15.928            0.008     15.930         15.929   15.931       15.929    0.014       0.008        14272769001039  338.5778760   17.6959780        3521      0   56202.162947200        1299    15.942    20.839     28.115    2.050       2.051           0      131072            0            1    14272769 
   56202.128807200        15.930        0.027        35212000008599  338.5778670   17.6959830   22h34m18.69s   17d41m45.54s      2               0    6.822566e-07         134         133         116        15.928            0.008     15.930         15.929   15.931       15.929    0.014       0.008        14272772001024  338.5778850   17.6959890        3521      0   56202.133787200        1299    15.946    20.757     28.102    2.250       2.343           0      131072            0            1    14272772 
   56202.187427200        15.934        0.027        35212000008599  338.5778670   17.6959830   22h34m18.69s   17d41m45.54s      2               0    6.822566e-07         134         133         116        15.928            0.008     15.930         15.929   15.931       15.929    0.014       0.008        14272805001045  338.5778700   17.6959780        3521      0   56202.192407200        1299    15.939    20.800     28.122    2.250       2.374           0      131072            0            1    14272805 
   56204.112797200        15.890        0.385        35212000008599  338.5778670   17.6959830   22h34m18.69s   17d41m45.54s      2               0    6.822566e-07         134         133         116        15.928            0.008     15.930         15.929   15.931       15.929    0.014       0.008        14313881000790  338.5778730   17.6960060        3521      0   56204.117707200        1301    16.329    20.545     27.686    2.650       2.744           0      131072            0            1    14313881 
   56204.143157200        15.920        0.385        35212000008599  338.5778670   17.6959830   22h34m18.69s   17d41m45.54s      2               0    6.822566e-07         134         133         116        15.928            0.008     15.930         15.929   15.931       15.929    0.014       0.008        14313904001010  338.5778900   17.6960150        3521      0   56204.148067200        1301    16.103    20.908     27.735    2.250       2.376           0      131072            0            1    14313904 
   56204.173637200        15.918        0.385        35212000008599  338.5778670   17.6959830   22h34m18.69s   17d41m45.54s      2               0    6.822566e-07         134         133         116        15.928            0.008     15.930         15.929   15.931       15.929    0.014       0.008        14313929001241  338.5778860   17.6959860        3521      0   56204.178537200        1301    15.558    20.864     27.733    2.450       2.613           0      131072            0            1    14313929 
   56206.113627200        15.911        0.103        35212000008599  338.5778670   17.6959830   22h34m18.69s   17d41m45.54s      2               0    6.822566e-07         134         133         116        15.928            0.008     15.930         15.929   15.931       15.929    0.014       0.008        14340024001413  338.5778840   17.6959840        3521      0   56206.118457200        1303    15.953    21.419     28.152    2.550       2.602           0      131072            0            1    14340024 
   56206.149307200        15.924        0.103        35212000008599  338.5778670   17.6959830   22h34m18.69s   17d41m45.54s      2               0    6.822566e-07         134         133         116        15.928            0.008     15.930         15.929   15.931       15.929    0.014       0.008        14340045001533  338.5778740   17.6959870        3521      0   56206.154137200        1303    15.965    21.725     28.154    2.150       2.293           0      131072            0            1    14340045 
   56206.179597200        15.920        0.103        35212000008599  338.5778670   17.6959830   22h34m18.69s   17d41m45.54s      2               0    6.822566e-07         134         133         116        15.928            0.008     15.930         15.929   15.931       15.929    0.014       0.008        14340075001532  338.5778840   17.6959870        3521      0   56206.184427200        1303    15.942    21.795     28.143    2.050       2.016           0      131072            0            1    14340075 
   56228.184547200        15.931        0.025        35212000008599  338.5778670   17.6959830   22h34m18.69s   17d41m45.54s      2               0    6.822566e-07         134         133         116        15.928            0.008     15.930         15.929   15.931       15.929    0.014       0.008        14450753001034  338.5778700   17.6959900        3521      0   56228.188217200        1315    15.923    20.725     28.145    2.350       2.394           0      131072            0            1    14450753 
   56228.215327200        15.930        0.025        35212000008599  338.5778670   17.6959830   22h34m18.69s   17d41m45.54s      2               0    6.822566e-07         134         133         116        15.928            0.008     15.930         15.929   15.931       15.929    0.014       0.008        14450769000935  338.5778830   17.6959900        3521      0   56228.218997200        1315    15.936    20.633     28.141    2.450       2.534           0      131072            0            1    14450769 
   56230.249197200        15.923        0.024        35212000008599  338.5778670   17.6959830   22h34m18.69s   17d41m45.54s      2               0    6.822566e-07         134         133         116        15.928            0.008     15.930         15.929   15.931       15.929    0.014       0.008        14487135000972  338.5778750   17.6959740        3521      0   56230.252737200        1317    15.923    20.617     28.120    2.150       2.224           0      131072            0            1    14487135 
   56234.212917200        15.928        0.046        35212000008599  338.5778670   17.6959830   22h34m18.69s   17d41m45.54s      2               0    6.822566e-07         134         133         116        15.928            0.008     15.930         15.929   15.931       15.929    0.014       0.008        14497228001215  338.5778790   17.6959930        3521      0   56234.216167200        1321    15.913    21.158     28.123    2.450       2.558           0      131072            0            1    14497228 
   56234.244177200        15.945        0.046        35212000008599  338.5778670   17.6959830   22h34m18.69s   17d41m45.54s      2               0    6.822566e-07         134         133         116        15.928            0.008     15.930         15.929   15.931       15.929    0.014       0.008        14497243001166  338.5778920   17.6960010        3521      0   56234.247427200        1321    15.925    21.033     28.107    2.550       2.690           0      131072            0            1    14497243 
   56236.145687200        15.931        0.027        35212000008599  338.5778670   17.6959830   22h34m18.69s   17d41m45.54s      2               0    6.822566e-07         134         133         116        15.928            0.008     15.930         15.929   15.931       15.929    0.014       0.008        14528681001386  338.5778720   17.6959920        3521      0   56236.148787200        1323    15.942    21.506     28.156    2.450       2.583           0      131072            0            1    14528681 
   56238.121187200        15.932        0.025        35212000008599  338.5778670   17.6959830   22h34m18.69s   17d41m45.54s      2               0    6.822566e-07         134         133         116        15.928            0.008     15.930         15.929   15.931       15.929    0.014       0.008        14570745001390  338.5778720   17.6959910        3521      0   56238.124147200        1325    15.947    21.638     28.156    2.050       2.105           0      131072            0            1    14570745 
   56238.091697200        15.926        0.025        35212000008599  338.5778670   17.6959830   22h34m18.69s   17d41m45.54s      2               0    6.822566e-07         134         133         116        15.928            0.008     15.930         15.929   15.931       15.929    0.014       0.008        14570767001371  338.5778750   17.6959920        3521      0   56238.094657200        1325    15.936    21.484     28.151    2.250       2.287           0      131072            0            1    14570767 
   56232.228407200        15.927        0.070        35212000008599  338.5778670   17.6959830   22h34m18.69s   17d41m45.54s      2               0    6.822566e-07         134         133         116        15.928            0.008     15.930         15.929   15.931       15.929    0.014       0.008        14645245001104  338.5778670   17.6959730        3521      0   56232.231797200        1319    15.881    21.083     28.090    2.150       2.284           0      131072            0            1    14645245 
   56251.084597200        15.935        0.025        35212000008599  338.5778670   17.6959830   22h34m18.69s   17d41m45.54s      2               0    6.822566e-07         134         133         116        15.928            0.008     15.930         15.929   15.931       15.929    0.014       0.008        14655503001287  338.5778200   17.6959860        3521      0   56251.086477200        1338    15.947    21.383     28.162    2.050       2.096           0      131072            0            1    14655503 
   56251.114167200        15.938        0.025        35212000008599  338.5778670   17.6959830   22h34m18.69s   17d41m45.54s      2               0    6.822566e-07         134         133         116        15.928            0.008     15.930         15.929   15.931       15.929    0.014       0.008        14655513001202  338.5778750   17.6959890        3521      0   56251.116047200        1338    15.947    21.031     28.161    2.850       2.742           0      131072            0            1    14655513 
   56255.081677200        15.940        0.027        35212000008599  338.5778670   17.6959830   22h34m18.69s   17d41m45.54s      2               0    6.822566e-07         134         133         116        15.928            0.008     15.930         15.929   15.931       15.929    0.014       0.008        14695425001032  338.5778660   17.6959890        3521      0   56255.083207200        1342    15.928    20.682     28.138    2.750       2.809           0      131072            0            1    14695425 
   56255.112127200        15.929        0.027        35212000008599  338.5778670   17.6959830   22h34m18.69s   17d41m45.54s      2               0    6.822566e-07         134         133         116        15.928            0.008     15.930         15.929   15.931       15.929    0.014       0.008        14695453000911  338.5778850   17.6960090        3521      0   56255.113657200        1342    15.933    20.529     28.143    3.350       3.443           0      131072            0            1    14695453 
   56267.144527200        15.938        0.233        35212000008599  338.5778670   17.6959830   22h34m18.69s   17d41m45.54s      2               0    6.822566e-07         134         133         116        15.928            0.008     15.930         15.929   15.931       15.929    0.014       0.008        14755792001268  338.5778290   17.6960000        3521      0   56267.144947200        1354    15.937    21.118     27.981    2.450       2.474           0      131072            0            1    14755792 
   56267.186597200        15.930        0.233        35212000008599  338.5778670   17.6959830   22h34m18.69s   17d41m45.54s      2               0    6.822566e-07         134         133         116        15.928            0.008     15.930         15.929   15.931       15.929    0.014       0.008        14755815001192  338.5778810   17.6959900        3521      0   56267.187007200        1354    15.915    21.131     27.891    2.050       2.108           0      131072            0            1    14755815 
   56265.173377200        15.919        0.230        35212000008599  338.5778670   17.6959830   22h34m18.69s   17d41m45.54s      2               0    6.822566e-07         134         133         116        15.928            0.008     15.930         15.929   15.931       15.929    0.014       0.008        14765152001040  338.5778520   17.6959960        3521      0   56265.173987200        1352    16.144    21.174     27.902    2.250       2.354           0      131072            0            1    14765152 
   56265.143887200        15.916        0.229        35212000008599  338.5778670   17.6959830   22h34m18.69s   17d41m45.54s      2               0    6.822566e-07         134         133         116        15.928            0.008     15.930         15.929   15.931       15.929    0.014       0.008        14765162001400  338.5778800   17.6960040        3521      0   56265.144497200        1352    15.883    21.600     28.054    2.250       2.310           0      131072            0            1    14765162 
   56271.223777200        15.946        0.041        35212000008599  338.5778670   17.6959830   22h34m18.69s   17d41m45.54s      2               0    6.822566e-07         134         133         116        15.928            0.008     15.930         15.929   15.931       15.929    0.014       0.008        14804883000931  338.5778420   17.6959960        3521      0   56271.223807200        1358    15.931    20.635     28.013    3.650       3.698           0      131072            0            1    14804883 
   56257.088927200        15.940        0.026        35212000008599  338.5778670   17.6959830   22h34m18.69s   17d41m45.54s      2               0    6.822566e-07         134         133         116        15.928            0.008     15.930         15.929   15.931       15.929    0.014       0.008        15701492001025  338.5778900   17.6960080        3521      0   56257.090267200        1344    15.939    20.661     28.142    2.850       2.835           0      131072            0            1    15701492 
   56257.119777200        15.930        0.026        35212000008599  338.5778670   17.6959830   22h34m18.69s   17d41m45.54s      2               0    6.822566e-07         134         133         116        15.928            0.008     15.930         15.929   15.931       15.929    0.014       0.008        15701511001018  338.5778320   17.6959870        3521      0   56257.121127200        1344    15.928    20.854     28.142    2.350       2.539           0      131072            0            1    15701511 
   56911.286797200        15.931        0.029        35212000008599  338.5778670   17.6959830   22h34m18.69s   17d41m45.54s      2               0    6.822566e-07         134         133         116        15.928            0.008     15.930         15.929   15.931       15.929    0.014       0.008        21288343000973  338.5778540   17.6959970        3521      0   56911.292097200        1975    15.906    20.637     28.057    2.350       2.415           0      131072            0            1    21288343 
