   55783.493537200        18.153        0.032        35212060003754  339.0258850   16.0789420   22h36m06.21s   16d04m44.19s      2               0    8.458091e-07         134         133         121        18.118            0.007     18.134         18.132   18.138       18.135    0.043       0.039        10358041003835  339.0258860   16.0789780        3521      6   55783.498077200         881    18.161    21.576     27.559    2.150       2.442           0      131072            0            1    10358041 
   55783.450517200        18.122        0.031        35212060003754  339.0258850   16.0789420   22h36m06.21s   16d04m44.19s      2               0    8.458091e-07         134         133         121        18.118            0.007     18.134         18.132   18.138       18.135    0.043       0.039        10358099004091  339.0258650   16.0789490        3521      6   55783.455047200         881    18.126    21.778     27.575    2.050       2.327           0      131072            0            1    10358099 
   55794.417557200        18.202        0.077        35212060003754  339.0258850   16.0789420   22h36m06.21s   16d04m44.19s      2               0    8.458091e-07         134         133         121        18.118            0.007     18.134         18.132   18.138       18.135    0.043       0.039        10379479002111  339.0258920   16.0789220        3521      6   55794.422517200         892    18.875    20.905     27.532    2.150       2.348           0      131072            0            1    10379479 
   55794.374747200        18.180        0.114        35212060003754  339.0258850   16.0789420   22h36m06.21s   16d04m44.19s      2               0    8.458091e-07         134         133         121        18.118            0.007     18.134         18.132   18.138       18.135    0.043       0.039        10379521001360  339.0258590   16.0789390        3521      6   55794.379707200         892    19.605    20.767     27.529    2.050       2.543           0      131072            0            1    10379521 
   55821.364667200        18.130        0.038        35212060003754  339.0258850   16.0789420   22h36m06.21s   16d04m44.19s      2               0    8.458091e-07         134         133         121        18.118            0.007     18.134         18.132   18.138       18.135    0.043       0.039        10510076002933  339.0258980   16.0789650        3521      6   55821.369947200         919    18.136    20.954     27.536    2.050       2.354           0      131072            0            1    10510076 
   55821.319317200        18.217        0.037        35212060003754  339.0258850   16.0789420   22h36m06.21s   16d04m44.19s      2               0    8.458091e-07         134         133         121        18.118            0.007     18.134         18.132   18.138       18.135    0.043       0.039        10510105003031  339.0259040   16.0789640        3521      6   55821.324607200         919    18.218    20.941     27.544    2.250       2.331           0      131072            0            1    10510105 
   55471.200687200        18.124        0.031        35212060003754  339.0258850   16.0789420   22h36m06.21s   16d04m44.19s      2               0    8.458091e-07         134         133         121        18.118            0.007     18.134         18.132   18.138       18.135    0.043       0.039        10797714004047  339.0258500   16.0789270        3521      6   55471.205667200         562    18.130    21.661     27.662    2.050       2.297           0      131072            0            1    10797714 
   55471.244407200        18.085        0.032        35212060003754  339.0258850   16.0789420   22h36m06.21s   16d04m44.19s      2               0    8.458091e-07         134         133         121        18.118            0.007     18.134         18.132   18.138       18.135    0.043       0.039        10797892004066  339.0258620   16.0789260        3521      6   55471.249397200         562    18.087    21.657     27.658    2.050       2.269           0      131072            0            1    10797892 
   55483.166527200        18.134        0.031        35212060003754  339.0258850   16.0789420   22h36m06.21s   16d04m44.19s      2               0    8.458091e-07         134         133         121        18.118            0.007     18.134         18.132   18.138       18.135    0.043       0.039        10855226003827  339.0258810   16.0789460        3521      6   55483.171037200         577    18.147    21.549     27.659    1.950       2.121           0      131072            0            1    10855226 
   55483.122857200        18.128        0.031        35212060003754  339.0258850   16.0789420   22h36m06.21s   16d04m44.19s      2               0    8.458091e-07         134         133         121        18.118            0.007     18.134         18.132   18.138       18.135    0.043       0.039        10855267003719  339.0258860   16.0789590        3521      6   55483.127367200         577    18.135    21.434     27.643    2.050       2.251           0      131072            0            1    10855267 
   55443.230767200        18.131        0.031        35212060003754  339.0258850   16.0789420   22h36m06.21s   16d04m44.19s      2               0    8.458091e-07         134         133         121        18.118            0.007     18.134         18.132   18.138       18.135    0.043       0.039        10907901004114  339.0258760   16.0789410        3521      6   55443.236027200         538    18.132    21.610     27.645    2.150       2.313           0      131072            0            1    10907901 
   55443.185917200        18.086        0.033        35212060003754  339.0258850   16.0789420   22h36m06.21s   16d04m44.19s      2               0    8.458091e-07         134         133         121        18.118            0.007     18.134         18.132   18.138       18.135    0.043       0.039        10907909003569  339.0258840   16.0789480        3521      6   55443.191177200         538    18.094    21.313     27.616    2.450       2.710           0      131072            0            1    10907909 
   55446.312747200        18.078        0.034        35212060003754  339.0258850   16.0789420   22h36m06.21s   16d04m44.19s      2               0    8.458091e-07         134         133         121        18.118            0.007     18.134         18.132   18.138       18.135    0.043       0.039        10913961004385  339.0258650   16.0789510        3521      6   55446.318037200         541    18.082    21.885     27.651    1.850       2.199           0      131072            0            1    10913961 
   55446.269397200        18.124        0.034        35212060003754  339.0258850   16.0789420   22h36m06.21s   16d04m44.19s      2               0    8.458091e-07         134         133         121        18.118            0.007     18.134         18.132   18.138       18.135    0.043       0.039        10914006004346  339.0258380   16.0789470        3521      6   55446.274687200         541    18.129    21.807     27.648    1.950       2.055           0      131072            0            1    10914006 
   55452.163847200        18.141        0.031        35212060003754  339.0258850   16.0789420   22h36m06.21s   16d04m44.19s      2               0    8.458091e-07         134         133         121        18.118            0.007     18.134         18.132   18.138       18.135    0.043       0.039        10934490003785  339.0259030   16.0789770        3521      6   55452.169147200         547    18.147    21.321     27.658    2.150       2.352           0      131072            0            1    10934490 
   55452.206587200        18.110        0.030        35212060003754  339.0258850   16.0789420   22h36m06.21s   16d04m44.19s      2               0    8.458091e-07         134         133         121        18.118            0.007     18.134         18.132   18.138       18.135    0.043       0.039        10934602004040  339.0258900   16.0789640        3521      6   55452.211887200         547    18.121    21.548     27.674    2.150       2.337           0      131072            0            1    10934602 
   55467.310857200        18.150        0.045        35212060003754  339.0258850   16.0789420   22h36m06.21s   16d04m44.19s      2               0    8.458091e-07         134         133         121        18.118            0.007     18.134         18.132   18.138       18.135    0.043       0.039        11077051003455  339.0258560   16.0789370        3521      6   55467.315957200         560    18.136    21.232     27.627    1.950       2.107           0      131072            0            1    11077051 
   55468.221587200        18.163        0.262        35212060003754  339.0258850   16.0789420   22h36m06.21s   16d04m44.19s      2               0    8.458091e-07         134         133         121        18.118            0.007     18.134         18.132   18.138       18.135    0.043       0.039        11077897003841  339.0258950   16.0789490        3521      6   55468.226657200         558    18.156    21.509     27.644    2.050       2.424           0      131072            0            1    11077897 
   55416.200397200        18.158        0.182        35212060003754  339.0258850   16.0789420   22h36m06.21s   16d04m44.19s      2               0    8.458091e-07         134         133         121        18.118            0.007     18.134         18.132   18.138       18.135    0.043       0.039        11121300002082  339.0258890   16.0789530        3521      6   55416.204827200         515    18.456    20.558     26.538    3.050       3.649           0      131072            0            1    11121300 
   55416.243347200        18.203        0.179        35212060003754  339.0258850   16.0789420   22h36m06.21s   16d04m44.19s      2               0    8.458091e-07         134         133         121        18.118            0.007     18.134         18.132   18.138       18.135    0.043       0.039        11121435002346  339.0258720   16.0789500        3521      6   55416.247777200         515    18.335    20.706     26.553    2.950       3.131           0      131072            0            1    11121435 
   55422.369597200        18.080        0.030        35212060003754  339.0258850   16.0789420   22h36m06.21s   16d04m44.19s      2               0    8.458091e-07         134         133         121        18.118            0.007     18.134         18.132   18.138       18.135    0.043       0.039        11149883004368  339.0258550   16.0789380        3521      6   55422.374307200         521    18.076    21.891     27.671    2.050       2.211           0      131072            0            1    11149883 
   55429.226357200        18.113        0.036        35212060003754  339.0258850   16.0789420   22h36m06.21s   16d04m44.19s      2               0    8.458091e-07         134         133         121        18.118            0.007     18.134         18.132   18.138       18.135    0.043       0.039        11192864003023  339.0258400   16.0789720        3521      6   55429.231317200         528    18.110    20.938     27.637    2.050       2.341           0      131072            0            1    11192864 
   55429.183207200        18.152        0.041        35212060003754  339.0258850   16.0789420   22h36m06.21s   16d04m44.19s      2               0    8.458091e-07         134         133         121        18.118            0.007     18.134         18.132   18.138       18.135    0.043       0.039        11193056002584  339.0258710   16.0789620        3521      6   55429.188167200         528    18.144    20.641     27.588    2.250       2.592           0      131072            0            1    11193056 
   55426.169847200        18.091        0.076        35212060003754  339.0258850   16.0789420   22h36m06.21s   16d04m44.19s      2               0    8.458091e-07         134         133         121        18.118            0.007     18.134         18.132   18.138       18.135    0.043       0.039        11198477002546  339.0258620   16.0789520        3521      6   55426.174707200         525    17.943    20.232     27.305    3.350       3.498           0      131072            0            1    11198477 
   55436.224917200        18.108        0.045        35212060003754  339.0258850   16.0789420   22h36m06.21s   16d04m44.19s      2               0    8.458091e-07         134         133         121        18.118            0.007     18.134         18.132   18.138       18.135    0.043       0.039        11208936002558  339.0258520   16.0789480        3521      6   55436.230067200         609    18.090    20.534     27.623    2.450       2.884           0      131072            0            1    11208936 
   55436.176617200        18.129        0.049        35212060003754  339.0258850   16.0789420   22h36m06.21s   16d04m44.19s      2               0    8.458091e-07         134         133         121        18.118            0.007     18.134         18.132   18.138       18.135    0.043       0.039        11209154002277  339.0259000   16.0789440        3521      6   55436.181767200         609    18.116    20.329     27.584    2.850       3.239           0      131072            0            1    11209154 
   55439.224367200        18.111        0.033        35212060003754  339.0258850   16.0789420   22h36m06.21s   16d04m44.19s      2               0    8.458091e-07         134         133         121        18.118            0.007     18.134         18.132   18.138       18.135    0.043       0.039        11224411003844  339.0258860   16.0789520        3521      6   55439.229567200         534    18.110    21.482     27.630    2.050       2.435           0      131072            0            1    11224411 
   55439.179857200        18.075        0.032        35212060003754  339.0258850   16.0789420   22h36m06.21s   16d04m44.19s      2               0    8.458091e-07         134         133         121        18.118            0.007     18.134         18.132   18.138       18.135    0.043       0.039        11224453003632  339.0258870   16.0789540        3521      6   55439.185067200         534    18.072    21.289     27.589    2.450       2.653           0      131072            0            1    11224453 
   55382.429197200        18.128        0.032        35212060003754  339.0258850   16.0789420   22h36m06.21s   16d04m44.19s      2               0    8.458091e-07         134         133         121        18.118            0.007     18.134         18.132   18.138       18.135    0.043       0.039        11240307003794  339.0258590   16.0789270        3521      6   55382.431397200         481    18.133    21.480     27.701    2.150       2.384           0      131072            0            1    11240307 
   55382.386187200        18.160        0.032        35212060003754  339.0258850   16.0789420   22h36m06.21s   16d04m44.19s      2               0    8.458091e-07         134         133         121        18.118            0.007     18.134         18.132   18.138       18.135    0.043       0.039        11240321003693  339.0259010   16.0789370        3521      6   55382.388377200         481    18.170    21.362     27.689    2.250       2.427           0      131072            0            1    11240321 
   55387.460507200        18.131        0.126        35212060003754  339.0258850   16.0789420   22h36m06.21s   16d04m44.19s      2               0    8.458091e-07         134         133         121        18.118            0.007     18.134         18.132   18.138       18.135    0.043       0.039        11259398004245  339.0258460   16.0789490        3521      6   55387.463097200         486    17.924    21.423     27.440    2.250       2.564           0      131072            0            1    11259398 
   55387.412087200        18.146        0.126        35212060003754  339.0258850   16.0789420   22h36m06.21s   16d04m44.19s      2               0    8.458091e-07         134         133         121        18.118            0.007     18.134         18.132   18.138       18.135    0.043       0.039        11259482004627  339.0258640   16.0789380        3521      6   55387.414667200         486    18.040    21.894     27.535    1.850       2.190           0      131072            0            1    11259482 
   55349.467407200        18.113        0.062        35212060003754  339.0258850   16.0789420   22h36m06.21s   16d04m44.19s      2               0    8.458091e-07         134         133         121        18.118            0.007     18.134         18.132   18.138       18.135    0.043       0.039        11335202003123  339.0258980   16.0789760        3521      6   55349.466757200         449    18.140    20.878     27.717    2.450       2.503           0      131072            0            1    11335202 
   55419.358367200        18.126        0.280        35212060003754  339.0258850   16.0789420   22h36m06.21s   16d04m44.19s      2               0    8.458091e-07         134         133         121        18.118            0.007     18.134         18.132   18.138       18.135    0.043       0.039        11390000002950  339.0258960   16.0789500        3521      6   55419.362947200         518    18.052    21.085     26.697    2.250       2.416           0      131072            0            1    11390000 
   55419.401647200        18.206        0.280        35212060003754  339.0258850   16.0789420   22h36m06.21s   16d04m44.19s      2               0    8.458091e-07         134         133         121        18.118            0.007     18.134         18.132   18.138       18.135    0.043       0.039        11390163002799  339.0259050   16.0789660        3521      6   55419.406227200         518    18.181    21.056     26.726    2.450       2.722           0      131072            0            1    11390163 
   55364.433677200        18.111        0.033        35212060003754  339.0258850   16.0789420   22h36m06.21s   16d04m44.19s      2               0    8.458091e-07         134         133         121        18.118            0.007     18.134         18.132   18.138       18.135    0.043       0.039        11392766003895  339.0258800   16.0789620        3521      6   55364.434347200         463    18.102    21.534     27.687    2.450       2.776           0      131072            0            1    11392766 
   55364.386147200        18.099        0.033        35212060003754  339.0258850   16.0789420   22h36m06.21s   16d04m44.19s      2               0    8.458091e-07         134         133         121        18.118            0.007     18.134         18.132   18.138       18.135    0.043       0.039        11392768003720  339.0259000   16.0789510        3521      6   55364.386807200         463    18.088    21.397     27.656    2.550       2.792           0      131072            0            1    11392768 
   55369.460177200        18.138        0.031        35212060003754  339.0258850   16.0789420   22h36m06.21s   16d04m44.19s      2               0    8.458091e-07         134         133         121        18.118            0.007     18.134         18.132   18.138       18.135    0.043       0.039        11409159004211  339.0258800   16.0789750        3521      6   55369.461277200         468    18.138    21.751     27.707    2.050       2.335           0      131072            0            1    11409159 
   55372.400097200        18.139        0.037        35212060003754  339.0258850   16.0789420   22h36m06.21s   16d04m44.19s      2               0    8.458091e-07         134         133         121        18.118            0.007     18.134         18.132   18.138       18.135    0.043       0.039        11410845002989  339.0258560   16.0789520        3521      6   55372.401447200         471    18.138    20.944     27.705    2.150       2.247           0      131072            0            1    11410845 
   55371.453437200        18.163        0.029        35212060003754  339.0258850   16.0789420   22h36m06.21s   16d04m44.19s      2               0    8.458091e-07         134         133         121        18.118            0.007     18.134         18.132   18.138       18.135    0.043       0.039        11413178004152  339.0258860   16.0789470        3521      6   55371.454717200         470    18.166    21.570     27.730    2.050       2.325           0      131072            0            1    11413178 
   55370.457827200        18.116        0.028        35212060003754  339.0258850   16.0789420   22h36m06.21s   16d04m44.19s      2               0    8.458091e-07         134         133         121        18.118            0.007     18.134         18.132   18.138       18.135    0.043       0.039        11415556004315  339.0258610   16.0789330        3521      6   55370.459017200         469    18.131    21.830     27.726    2.050       2.287           0     2228224            0            1    11415556 
   55377.357017200        18.190        0.041        35212060003754  339.0258850   16.0789420   22h36m06.21s   16d04m44.19s      2               0    8.458091e-07         134         133         121        18.118            0.007     18.134         18.132   18.138       18.135    0.043       0.039        11430484002574  339.0258780   16.0789720        3521      6   55377.358787200         476    18.187    20.642     27.648    2.450       2.584           0      131072            0            1    11430484 
   55377.401227200        18.122        0.040        35212060003754  339.0258850   16.0789420   22h36m06.21s   16d04m44.19s      2               0    8.458091e-07         134         133         121        18.118            0.007     18.134         18.132   18.138       18.135    0.043       0.039        11430516002659  339.0258750   16.0789610        3521      6   55377.403007200         476    18.121    20.716     27.668    2.450       2.686           0      131072            0            1    11430516 
   55137.187677200        18.226        0.047        35212060003754  339.0258850   16.0789420   22h36m06.21s   16d04m44.19s      2               0    8.458091e-07         134         133         121        18.118            0.007     18.134         18.132   18.138       18.135    0.043       0.039        11784938002377  339.0258010   16.0789270        3521      6   55137.191017200         244    18.208    20.525     27.712    2.350       2.584           0      131072            0            1    11784938 
   55138.179157200        18.191        0.055        35212060003754  339.0258850   16.0789420   22h36m06.21s   16d04m44.19s      2               0    8.458091e-07         134         133         121        18.118            0.007     18.134         18.132   18.138       18.135    0.043       0.039        11788423002445  339.0258140   16.0789400        3521      6   55138.182427200         245    18.182    20.468     27.715    2.650       2.583           0      131072            0            1    11788423 
   55142.163267200        18.090        0.034        35212060003754  339.0258850   16.0789420   22h36m06.21s   16d04m44.19s      2               0    8.458091e-07         134         133         121        18.118            0.007     18.134         18.132   18.138       18.135    0.043       0.039        11792873003874  339.0258610   16.0789270        3521      6   55142.166237200         282    18.076    21.477     27.698    2.250       2.459           0      131072            0            1    11792873 
   55142.118957200        18.143        0.034        35212060003754  339.0258850   16.0789420   22h36m06.21s   16d04m44.19s      2               0    8.458091e-07         134         133         121        18.118            0.007     18.134         18.132   18.138       18.135    0.043       0.039        11792976003811  339.0258730   16.0789730        3521      6   55142.121927200         282    18.126    21.326     27.688    2.450       2.677           0      131072            0            1    11792976 
   55123.223387200        18.096        0.032        35212060003754  339.0258850   16.0789420   22h36m06.21s   16d04m44.19s      2               0    8.458091e-07         134         133         121        18.118            0.007     18.134         18.132   18.138       18.135    0.043       0.039        11812972003690  339.0258610   16.0789260        3521      6   55123.227627200         232    18.104    21.530     27.745    2.250       2.524           0      131072            0            1    11812972 
   55045.207707200        18.091        0.043        35212060003754  339.0258850   16.0789420   22h36m06.21s   16d04m44.19s      2               0    8.458091e-07         134         133         121        18.118            0.007     18.134         18.132   18.138       18.135    0.043       0.039        11857617002175  339.0258430   16.0789530        3521      6   55045.211847200         159    18.092    20.100     27.148    3.150       3.549           0      131072            0            1    11857617 
   55045.289337200        18.179        0.034        35212060003754  339.0258850   16.0789420   22h36m06.21s   16d04m44.19s      2               0    8.458091e-07         134         133         121        18.118            0.007     18.134         18.132   18.138       18.135    0.043       0.039        11857630003036  339.0258440   16.0789360        3521      6   55045.293477200         159    18.184    20.967     27.251    2.050       2.202           0      131072            0            1    11857630 
   55049.426157200        18.119        0.050        35212060003754  339.0258850   16.0789420   22h36m06.21s   16d04m44.19s      2               0    8.458091e-07         134         133         121        18.118            0.007     18.134         18.132   18.138       18.135    0.043       0.039        11863980002148  339.0258370   16.0789150        3521      6   55049.430517200         163    18.116    20.192     27.275    2.150       2.397           0      131072            0            1    11863980 
   55054.221717200        18.089        0.070        35212060003754  339.0258850   16.0789420   22h36m06.21s   16d04m44.19s      2               0    8.458091e-07         134         133         121        18.118            0.007     18.134         18.132   18.138       18.135    0.043       0.039        11869211001912  339.0259030   16.0789350        3521      6   55054.226297200         168    18.062    19.934     27.067    3.350       4.023           0      131072            0            1    11869211 
   55066.328927200        18.130        0.033        35212060003754  339.0258850   16.0789420   22h36m06.21s   16d04m44.19s      2               0    8.458091e-07         134         133         121        18.118            0.007     18.134         18.132   18.138       18.135    0.043       0.039        11884713004302  339.0257860   16.0789040        3521      6   55066.333957200         180    18.105    21.672     27.174    1.850       1.987           0      131072            0            1    11884713 
   55066.284507200        18.117        0.033        35212060003754  339.0258850   16.0789420   22h36m06.21s   16d04m44.19s      2               0    8.458091e-07         134         133         121        18.118            0.007     18.134         18.132   18.138       18.135    0.043       0.039        11884730004172  339.0258110   16.0789140        3521      6   55066.289537200         180    18.116    21.748     27.154    1.650       1.745           0      131072            0            1    11884730 
   55061.271507200        18.138        0.030        35212060003754  339.0258850   16.0789420   22h36m06.21s   16d04m44.19s      2               0    8.458091e-07         134         133         121        18.118            0.007     18.134         18.132   18.138       18.135    0.043       0.039        11894894004195  339.0258230   16.0789420        3521      6   55061.276377200         175    18.134    21.556     27.260    2.050       2.123           0      131072            0            1    11894894 
   55061.369177200        18.142        0.030        35212060003754  339.0258850   16.0789420   22h36m06.21s   16d04m44.19s      2               0    8.458091e-07         134         133         121        18.118            0.007     18.134         18.132   18.138       18.135    0.043       0.039        11894918004354  339.0258040   16.0789190        3521      6   55061.374047200         175    18.142    21.640     27.259    2.150       2.324           0      131072            0            1    11894918 
   55056.350197200        18.140        0.032        35212060003754  339.0258850   16.0789420   22h36m06.21s   16d04m44.19s      2               0    8.458091e-07         134         133         121        18.118            0.007     18.134         18.132   18.138       18.135    0.043       0.039        11901129003485  339.0258420   16.0789300        3521      6   55056.354877200         170    18.141    21.140     27.251    2.250       2.328           0      131072            0            1    11901129 
   55056.268047200        18.118        0.031        35212060003754  339.0258850   16.0789420   22h36m06.21s   16d04m44.19s      2               0    8.458091e-07         134         133         121        18.118            0.007     18.134         18.132   18.138       18.135    0.043       0.039        11901140003577  339.0258280   16.0789260        3521      6   55056.272717200         170    18.116    21.242     27.228    2.150       2.165           0      131072            0            1    11901140 
   55019.390137200        18.135        0.052        35212060003754  339.0258850   16.0789420   22h36m06.21s   16d04m44.19s      2               0    8.458091e-07         134         133         121        18.118            0.007     18.134         18.132   18.138       18.135    0.043       0.039        11910250002365  339.0258440   16.0789250        3521      6   55019.392507200         133    18.078    20.292     27.083    2.350       2.612           0      131072            0            1    11910250 
   55087.280887200        18.159        0.028        35212060003754  339.0258850   16.0789420   22h36m06.21s   16d04m44.19s      2               0    8.458091e-07         134         133         121        18.118            0.007     18.134         18.132   18.138       18.135    0.043       0.039        11916868004155  339.0258650   16.0789620        3521      6   55087.286197200         199    18.154    21.661     27.254    1.950       2.036           0      131072            0            1    11916868 
   55087.325037200        18.150        0.029        35212060003754  339.0258850   16.0789420   22h36m06.21s   16d04m44.19s      2               0    8.458091e-07         134         133         121        18.118            0.007     18.134         18.132   18.138       18.135    0.043       0.039        11916882003970  339.0258680   16.0789630        3521      6   55087.330337200         199    18.149    21.543     27.250    2.150       2.220           0      131072            0            1    11916882 
   55032.282817200        18.305        0.097        35212060003754  339.0258850   16.0789420   22h36m06.21s   16d04m44.19s      2               0    8.458091e-07         134         133         121        18.118            0.007     18.134         18.132   18.138       18.135    0.043       0.039        11955700001530  339.0258530   16.0789290        3521      6   55032.286137200         146    19.879    20.958     27.101    2.250       3.891           0      131072            0            1    11955700 
   55031.383737200        18.154        0.032        35212060003754  339.0258850   16.0789420   22h36m06.21s   16d04m44.19s      2               0    8.458091e-07         134         133         121        18.118            0.007     18.134         18.132   18.138       18.135    0.043       0.039        11957715003995  339.0258260   16.0789370        3521      6   55031.387007200         145    18.154    21.620     27.196    1.950       2.098           0      131072            0            1    11957715 
   55039.420947200        18.131        0.033        35212060003754  339.0258850   16.0789420   22h36m06.21s   16d04m44.19s      2               0    8.458091e-07         134         133         121        18.118            0.007     18.134         18.132   18.138       18.135    0.043       0.039        11985720003994  339.0258090   16.0788990        3521      6   55039.424747200         153    18.098    21.536     27.171    2.150       2.243           0      131072            0            1    11985720 
   55039.376907200        18.145        0.034        35212060003754  339.0258850   16.0789420   22h36m06.21s   16d04m44.19s      2               0    8.458091e-07         134         133         121        18.118            0.007     18.134         18.132   18.138       18.135    0.043       0.039        11985816003960  339.0258230   16.0789250        3521      6   55039.380697200         153    18.107    21.548     27.147    2.050       2.150           0      131072            0            1    11985816 
   55498.219327200        18.181        0.194        35212060003754  339.0258850   16.0789420   22h36m06.21s   16d04m44.19s      2               0    8.458091e-07         134         133         121        18.118            0.007     18.134         18.132   18.138       18.135    0.043       0.039        12782467002928  339.0259110   16.0789540        3521      6   55498.222967200         593    18.434    21.125     27.591    2.150       2.459           0      131072            0            1    12782467 
   55498.274697200        18.152        0.192        35212060003754  339.0258850   16.0789420   22h36m06.21s   16d04m44.19s      2               0    8.458091e-07         134         133         121        18.118            0.007     18.134         18.132   18.138       18.135    0.043       0.039        12782853003616  339.0258950   16.0789650        3521      6   55498.278327200         593    18.071    21.221     27.569    2.050       2.266           0      131072            0            1    12782853 
   55458.418447200        18.131        0.038        35212060003754  339.0258850   16.0789420   22h36m06.21s   16d04m44.19s      2               0    8.458091e-07         134         133         121        18.118            0.007     18.134         18.132   18.138       18.135    0.043       0.039        12794528003132  339.0259050   16.0789590        3521      6   55458.423707200         553    18.126    20.977     27.639    2.250       2.493           0      131072            0            1    12794528 
   55458.351667200        18.140        0.041        35212060003754  339.0258850   16.0789420   22h36m06.21s   16d04m44.19s      2               0    8.458091e-07         134         133         121        18.118            0.007     18.134         18.132   18.138       18.135    0.043       0.039        12794684002846  339.0258760   16.0789680        3521      6   55458.356927200         553    18.140    20.888     27.666    2.150       2.273           0      131072            0            1    12794684 
   55480.170497200        18.154        0.030        35212060003754  339.0258850   16.0789420   22h36m06.21s   16d04m44.19s      2               0    8.458091e-07         134         133         121        18.118            0.007     18.134         18.132   18.138       18.135    0.043       0.039        12807417003788  339.0259210   16.0789680        3521      6   55480.175147200         574    18.160    21.385     27.651    2.150       2.424           0      131072            0            1    12807417 
   55480.128187200        18.128        0.030        35212060003754  339.0258850   16.0789420   22h36m06.21s   16d04m44.19s      2               0    8.458091e-07         134         133         121        18.118            0.007     18.134         18.132   18.138       18.135    0.043       0.039        12807432003828  339.0259120   16.0789670        3521      6   55480.132837200         574    18.140    21.438     27.634    2.150       2.456           0      131072            0            1    12807432 
   56202.157977200        18.126        0.042        35212060003754  339.0258850   16.0789420   22h36m06.21s   16d04m44.19s      2               0    8.458091e-07         134         133         121        18.118            0.007     18.134         18.132   18.138       18.135    0.043       0.039        14273037002493  339.0258550   16.0789610        3521      6   56202.162947200        1299    18.149    20.730     27.679    2.050       2.172           0      131072            0            1    14273037 
   56202.128807200        18.120        0.042        35212060003754  339.0258850   16.0789420   22h36m06.21s   16d04m44.19s      2               0    8.458091e-07         134         133         121        18.118            0.007     18.134         18.132   18.138       18.135    0.043       0.039        14273040002482  339.0258850   16.0789790        3521      6   56202.133787200        1299    18.136    20.648     27.664    2.250       2.252           0      131072            0            1    14273040 
   56202.187427200        18.166        0.043        35212060003754  339.0258850   16.0789420   22h36m06.21s   16d04m44.19s      2               0    8.458091e-07         134         133         121        18.118            0.007     18.134         18.132   18.138       18.135    0.043       0.039        14273073002494  339.0258720   16.0789520        3521      6   56202.192407200        1299    18.177    20.646     27.689    2.350       2.784           0      131072            0            1    14273073 
   56204.112797200        18.206        0.410        35212060003754  339.0258850   16.0789420   22h36m06.21s   16d04m44.19s      2               0    8.458091e-07         134         133         121        18.118            0.007     18.134         18.132   18.138       18.135    0.043       0.039        14315356001912  339.0259300   16.0789890        3521      6   56204.117707200        1301    18.818    20.548     27.438    2.650       3.301           0      131072            0            1    14315356 
   56204.143157200        18.208        0.408        35212060003754  339.0258850   16.0789420   22h36m06.21s   16d04m44.19s      2               0    8.458091e-07         134         133         121        18.118            0.007     18.134         18.132   18.138       18.135    0.043       0.039        14315379002451  339.0258870   16.0789390        3521      6   56204.148067200        1301    18.562    20.760     27.406    2.350       2.429           0      131072            0            1    14315379 
   56204.173637200        18.083        0.406        35212060003754  339.0258850   16.0789420   22h36m06.21s   16d04m44.19s      2               0    8.458091e-07         134         133         121        18.118            0.007     18.134         18.132   18.138       18.135    0.043       0.039        14315404003159  339.0259190   16.0789550        3521      6   56204.178537200        1301    17.768    20.709     27.347    2.450       2.754           0      131072            0            1    14315404 
   56206.113627200        18.105        0.105        35212060003754  339.0258850   16.0789420   22h36m06.21s   16d04m44.19s      2               0    8.458091e-07         134         133         121        18.118            0.007     18.134         18.132   18.138       18.135    0.043       0.039        14340592003555  339.0259250   16.0789640        3521      6   56206.118457200        1303    18.135    21.239     27.710    2.650       2.810           0      131072            0            1    14340592 
   56206.149307200        18.058        0.105        35212060003754  339.0258850   16.0789420   22h36m06.21s   16d04m44.19s      2               0    8.458091e-07         134         133         121        18.118            0.007     18.134         18.132   18.138       18.135    0.043       0.039        14340613003829  339.0259170   16.0789680        3521      6   56206.154137200        1303    18.099    21.548     27.727    2.250       2.611           0      131072            0            1    14340613 
   56206.179597200        18.146        0.105        35212060003754  339.0258850   16.0789420   22h36m06.21s   16d04m44.19s      2               0    8.458091e-07         134         133         121        18.118            0.007     18.134         18.132   18.138       18.135    0.043       0.039        14340643003965  339.0259000   16.0789700        3521      6   56206.184427200        1303    18.175    21.676     27.722    2.050       2.333           0      131072            0            1    14340643 
   56228.184547200        18.115        0.042        35212060003754  339.0258850   16.0789420   22h36m06.21s   16d04m44.19s      2               0    8.458091e-07         134         133         121        18.118            0.007     18.134         18.132   18.138       18.135    0.043       0.039        14450484002583  339.0258760   16.0789640        3521      6   56228.188217200        1315    18.108    20.665     27.713    2.250       2.320           0      131072            0            1    14450484 
   56228.215327200        18.060        0.043        35212060003754  339.0258850   16.0789420   22h36m06.21s   16d04m44.19s      2               0    8.458091e-07         134         133         121        18.118            0.007     18.134         18.132   18.138       18.135    0.043       0.039        14450500002335  339.0258780   16.0789620        3521      6   56228.218997200        1315    18.069    20.569     27.709    2.350       2.449           0      131072            0            1    14450500 
   56230.249197200        18.085        0.044        35212060003754  339.0258850   16.0789420   22h36m06.21s   16d04m44.19s      2               0    8.458091e-07         134         133         121        18.118            0.007     18.134         18.132   18.138       18.135    0.043       0.039        14486720002305  339.0258570   16.0789790        3521      6   56230.252737200        1317    18.096    20.573     27.692    2.050       2.099           0      131072            0            1    14486720 
   56234.212917200        18.131        0.053        35212060003754  339.0258850   16.0789420   22h36m06.21s   16d04m44.19s      2               0    8.458091e-07         134         133         121        18.118            0.007     18.134         18.132   18.138       18.135    0.043       0.039        14496638003151  339.0259160   16.0789840        3521      6   56234.216167200        1321    18.122    21.039     27.685    2.450       2.717           0      131072            0            1    14496638 
   56234.244177200        18.143        0.053        35212060003754  339.0258850   16.0789420   22h36m06.21s   16d04m44.19s      2               0    8.458091e-07         134         133         121        18.118            0.007     18.134         18.132   18.138       18.135    0.043       0.039        14496653003068  339.0258910   16.0789740        3521      6   56234.247427200        1321    18.126    20.913     27.668    2.550       2.703           0      131072            0            1    14496653 
   56236.145687200        18.106        0.032        35212060003754  339.0258850   16.0789420   22h36m06.21s   16d04m44.19s      2               0    8.458091e-07         134         133         121        18.118            0.007     18.134         18.132   18.138       18.135    0.043       0.039        14528341003584  339.0259040   16.0789720        3521      6   56236.148787200        1323    18.113    21.375     27.708    2.450       2.683           0      131072            0            1    14528341 
   56238.121187200        18.139        0.030        35212060003754  339.0258850   16.0789420   22h36m06.21s   16d04m44.19s      2               0    8.458091e-07         134         133         121        18.118            0.007     18.134         18.132   18.138       18.135    0.043       0.039        14568960003697  339.0259150   16.0789680        3521      6   56238.124147200        1325    18.147    21.458     27.706    2.150       2.323           0      131072            0            1    14568960 
   56238.091697200        18.164        0.031        35212060003754  339.0258850   16.0789420   22h36m06.21s   16d04m44.19s      2               0    8.458091e-07         134         133         121        18.118            0.007     18.134         18.132   18.138       18.135    0.043       0.039        14568982003623  339.0259140   16.0789720        3521      6   56238.094657200        1325    18.167    21.354     27.700    2.250       2.473           0      131072            0            1    14568982 
   56232.228407200        18.182        0.081        35212060003754  339.0258850   16.0789420   22h36m06.21s   16d04m44.19s      2               0    8.458091e-07         134         133         121        18.118            0.007     18.134         18.132   18.138       18.135    0.043       0.039        14645543003010  339.0258790   16.0789510        3521      6   56232.231797200        1319    18.140    20.972     27.667    2.150       2.262           0      131072            0            1    14645543 
   56251.084597200        18.146        0.032        35212060003754  339.0258850   16.0789420   22h36m06.21s   16d04m44.19s      2               0    8.458091e-07         134         133         121        18.118            0.007     18.134         18.132   18.138       18.135    0.043       0.039        14655197003513  339.0259000   16.0789660        3521      6   56251.086477200        1338    18.159    21.257     27.720    2.050       2.279           0      131072            0            1    14655197 
   56251.114167200        18.137        0.033        35212060003754  339.0258850   16.0789420   22h36m06.21s   16d04m44.19s      2               0    8.458091e-07         134         133         121        18.118            0.007     18.134         18.132   18.138       18.135    0.043       0.039        14655207003253  339.0259160   16.0789430        3521      6   56251.116047200        1338    18.150    20.839     27.720    3.050       2.983           0      131072            0            1    14655207 
   56255.081677200        18.090        0.039        35212060003754  339.0258850   16.0789420   22h36m06.21s   16d04m44.19s      2               0    8.458091e-07         134         133         121        18.118            0.007     18.134         18.132   18.138       18.135    0.043       0.039        14693965002600  339.0258720   16.0789720        3521      6   56255.083207200        1342    18.079    20.568     27.706    2.750       2.964           0      131072            0            1    14693965 
   56255.112127200        18.193        0.042        35212060003754  339.0258850   16.0789420   22h36m06.21s   16d04m44.19s      2               0    8.458091e-07         134         133         121        18.118            0.007     18.134         18.132   18.138       18.135    0.043       0.039        14693993002373  339.0259060   16.0789530        3521      6   56255.113657200        1342    18.204    20.444     27.710    3.250       3.347           0      131072            0            1    14693993 
   56267.144527200        18.111        0.246        35212060003754  339.0258850   16.0789420   22h36m06.21s   16d04m44.19s      2               0    8.458091e-07         134         133         121        18.118            0.007     18.134         18.132   18.138       18.135    0.043       0.039        14757332003180  339.0259190   16.0789610        3521      6   56267.144947200        1354    18.118    20.960     27.552    2.550       2.622           0      131072            0            1    14757332 
   56267.186597200        18.130        0.246        35212060003754  339.0258850   16.0789420   22h36m06.21s   16d04m44.19s      2               0    8.458091e-07         134         133         121        18.118            0.007     18.134         18.132   18.138       18.135    0.043       0.039        14757355003041  339.0259070   16.0789700        3521      6   56267.187007200        1354    18.130    21.021     27.468    2.050       2.216           0      131072            0            1    14757355 
   56265.173377200        18.123        0.236        35212060003754  339.0258850   16.0789420   22h36m06.21s   16d04m44.19s      2               0    8.458091e-07         134         133         121        18.118            0.007     18.134         18.132   18.138       18.135    0.043       0.039        14766155002669  339.0259220   16.0789620        3521      6   56265.173987200        1352    18.335    21.033     27.448    2.250       2.735           0      131072            0            1    14766155 
   56265.143887200        18.161        0.235        35212060003754  339.0258850   16.0789420   22h36m06.21s   16d04m44.19s      2               0    8.458091e-07         134         133         121        18.118            0.007     18.134         18.132   18.138       18.135    0.043       0.039        14766165003450  339.0259050   16.0789520        3521      6   56265.144497200        1352    18.132    21.480     27.624    2.250       2.566           0      131072            0            1    14766165 
   56271.223777200        18.201        0.051        35212060003754  339.0258850   16.0789420   22h36m06.21s   16d04m44.19s      2               0    8.458091e-07         134         133         121        18.118            0.007     18.134         18.132   18.138       18.135    0.043       0.039        14805819002359  339.0259070   16.0789630        3521      6   56271.223807200        1358    18.195    20.542     27.571    3.550       3.928           0      131072            0            1    14805819 
   56257.088927200        18.192        0.044        35212060003754  339.0258850   16.0789420   22h36m06.21s   16d04m44.19s      2               0    8.458091e-07         134         133         121        18.118            0.007     18.134         18.132   18.138       18.135    0.043       0.039        15701302002597  339.0258670   16.0789830        3521      6   56257.090267200        1344    18.197    20.550     27.707    2.850       2.957           0      131072            0            1    15701302 
   56257.119777200        18.238        0.043        35212060003754  339.0258850   16.0789420   22h36m06.21s   16d04m44.19s      2               0    8.458091e-07         134         133         121        18.118            0.007     18.134         18.132   18.138       18.135    0.043       0.039        15701321002635  339.0258660   16.0789690        3521      6   56257.121127200        1344    18.242    20.737     27.712    2.350       2.314           0      131072            0            1    15701321 
   56911.286797200        18.146        0.048        35212060003754  339.0258850   16.0789420   22h36m06.21s   16d04m44.19s      2               0    8.458091e-07         134         133         121        18.118            0.007     18.134         18.132   18.138       18.135    0.043       0.039        21287473002349  339.0258790   16.0789280        3521      6   56911.292097200        1975    18.134    20.587     27.637    2.250       2.643           0      131072            0            1    21287473 
