   55783.493537200        14.599        0.031        35212000002276  339.1457520   17.0703090   22h36m34.98s   17d04m13.11s      2               0    5.871711e-07         133         129         113        14.584            0.006     14.597         14.598   14.596       14.597    0.014       0.006        10358489005596  339.1457650   17.0703480        3521      0   55783.498077200         881    14.607    21.705     27.976    2.150       2.295           0      131072            0            1    10358489 
   55783.450517200        14.601        0.031        35212000002276  339.1457520   17.0703090   22h36m34.98s   17d04m13.11s      2               0    5.871711e-07         133         129         113        14.584            0.006     14.597         14.598   14.596       14.597    0.014       0.006        10358546006262  339.1457820   17.0703490        3521      0   55783.455047200         881    14.598    21.903     27.988    2.050       2.225           0      131072            0            1    10358546 
   55794.417557200        14.580        0.126        35212000002276  339.1457520   17.0703090   22h36m34.98s   17d04m13.11s      2               0    5.871711e-07         133         129         113        14.584            0.006     14.597         14.598   14.596       14.597    0.014       0.006        10381024003079  339.1457250   17.0703280        3521      0   55794.422517200         892    15.136    20.936     27.848    2.150       2.240           0      131072            0            1    10381024 
   55794.374747200        14.540        0.127        35212000002276  339.1457520   17.0703090   22h36m34.98s   17d04m13.11s      2               0    5.871711e-07         133         129         113        14.584            0.006     14.597         14.598   14.596       14.597    0.014       0.006        10381090001815  339.1457500   17.0703360        3521      0   55794.379707200         892    16.224    20.779     27.895    2.050       2.188           0      131072            0            1    10381090 
   55821.364667200        14.598        0.026        35212000002276  339.1457520   17.0703090   22h36m34.98s   17d04m13.11s      2               0    5.871711e-07         133         129         113        14.584            0.006     14.597         14.598   14.596       14.597    0.014       0.006        10510320004194  339.1457770   17.0703060        3521      0   55821.369947200         919    14.614    21.077     27.965    2.050       2.134           0      131072            0            1    10510320 
   55821.319317200        14.595        0.026        35212000002276  339.1457520   17.0703090   22h36m34.98s   17d04m13.11s      2               0    5.871711e-07         133         129         113        14.584            0.006     14.597         14.598   14.596       14.597    0.014       0.006        10510348004320  339.1457750   17.0703000        3521      0   55821.324607200         919    14.607    21.065     27.974    2.250       2.330           0      131072            0            1    10510348 
   55471.200687200        14.594        0.032        35212000002276  339.1457520   17.0703090   22h36m34.98s   17d04m13.11s      2               0    5.871711e-07         133         129         113        14.584            0.006     14.597         14.598   14.596       14.597    0.014       0.006        10798349006201  339.1457590   17.0703220        3521      0   55471.205667200         562    14.605    21.790     28.087    2.050       2.113           0      131072            0            1    10798349 
   55471.244407200        14.593        0.032        35212000002276  339.1457520   17.0703090   22h36m34.98s   17d04m13.11s      2               0    5.871711e-07         133         129         113        14.584            0.006     14.597         14.598   14.596       14.597    0.014       0.006        10798441005982  339.1457220   17.0703430        3521      0   55471.249397200         562    14.597    21.787     28.083    2.050       2.070           0      131072            0            1    10798441 
   55483.166527200        14.598        0.028        35212000002276  339.1457520   17.0703090   22h36m34.98s   17d04m13.11s      2               0    5.871711e-07         133         129         113        14.584            0.006     14.597         14.598   14.596       14.597    0.014       0.006        10855740005582  339.1457250   17.0702900        3521      0   55483.171037200         577    14.608    21.728     28.085    1.850       1.993           0      131072            0            1    10855740 
   55483.122857200        14.599        0.028        35212000002276  339.1457520   17.0703090   22h36m34.98s   17d04m13.11s      2               0    5.871711e-07         133         129         113        14.584            0.006     14.597         14.598   14.596       14.597    0.014       0.006        10855795005279  339.1457660   17.0703770        3521      0   55483.127367200         577    14.600    21.553     28.066    2.050       2.119           0      131072            0            1    10855795 
   55443.230767200        14.600        0.026        35212000002276  339.1457520   17.0703090   22h36m34.98s   17d04m13.11s      2               0    5.871711e-07         133         129         113        14.584            0.006     14.597         14.598   14.596       14.597    0.014       0.006        10908450005996  339.1457380   17.0703000        3521      0   55443.236027200         538    14.596    21.793     28.059    2.050       2.140           0      131072            0            1    10908450 
   55443.185917200        14.601        0.026        35212000002276  339.1457520   17.0703090   22h36m34.98s   17d04m13.11s      2               0    5.871711e-07         133         129         113        14.584            0.006     14.597         14.598   14.596       14.597    0.014       0.006        10908458005136  339.1457430   17.0703750        3521      0   55443.191177200         538    14.598    21.486     28.028    2.350       2.497           0      131072            0            1    10908458 
   55446.312747200        14.597        0.037        35212000002276  339.1457520   17.0703090   22h36m34.98s   17d04m13.11s      2               0    5.871711e-07         133         129         113        14.584            0.006     14.597         14.598   14.596       14.597    0.014       0.006        10913466006630  339.1457200   17.0703580        3521      0   55446.318037200         541    14.600    22.087     28.081    1.750       1.904           0      131072            0            1    10913466 
   55446.269397200        14.600        0.037        35212000002276  339.1457520   17.0703090   22h36m34.98s   17d04m13.11s      2               0    5.871711e-07         133         129         113        14.584            0.006     14.597         14.598   14.596       14.597    0.014       0.006        10913512006336  339.1457420   17.0702830        3521      0   55446.274687200         541    14.604    22.005     28.078    1.850       2.062           0      131072            0            1    10913512 
   55452.163847200        14.603        0.024        35212000002276  339.1457520   17.0703090   22h36m34.98s   17d04m13.11s      2               0    5.871711e-07         133         129         113        14.584            0.006     14.597         14.598   14.596       14.597    0.014       0.006        10932610005502  339.1457400   17.0703130        3521      0   55452.169147200         547    14.610    21.521     28.084    2.050       2.133           0      131072            0            1    10932610 
   55452.206587200        14.607        0.024        35212000002276  339.1457520   17.0703090   22h36m34.98s   17d04m13.11s      2               0    5.871711e-07         133         129         113        14.584            0.006     14.597         14.598   14.596       14.597    0.014       0.006        10932723005715  339.1457660   17.0703580        3521      0   55452.211887200         547    14.614    21.724     28.100    2.050       2.211           0      131072            0            1    10932723 
   55467.310857200        14.594        0.053        35212000002276  339.1457520   17.0703090   22h36m34.98s   17d04m13.11s      2               0    5.871711e-07         133         129         113        14.584            0.006     14.597         14.598   14.596       14.597    0.014       0.006        11077739004787  339.1457600   17.0703770        3521      0   55467.315957200         560    14.592    21.316     28.052    2.050       2.096           0      131072            0            1    11077739 
   55468.221587200        14.626        0.185        35212000002276  339.1457520   17.0703090   22h36m34.98s   17d04m13.11s      2               0    5.871711e-07         133         129         113        14.584            0.006     14.597         14.598   14.596       14.597    0.014       0.006        11078422005359  339.1457320   17.0703500        3521      0   55468.226657200         558    14.663    21.652     28.124    2.050       2.179           0      131072            0            1    11078422 
   55416.200397200        14.600        0.192        35212000002276  339.1457520   17.0703090   22h36m34.98s   17d04m13.11s      2               0    5.871711e-07         133         129         113        14.584            0.006     14.597         14.598   14.596       14.597    0.014       0.006        11121847003464  339.1457850   17.0703000        3521      0   55416.204827200         515    14.657    20.536     26.891    3.150       3.277           0      131072            0            1    11121847 
   55416.243347200        14.597        0.192        35212000002276  339.1457520   17.0703090   22h36m34.98s   17d04m13.11s      2               0    5.871711e-07         133         129         113        14.584            0.006     14.597         14.598   14.596       14.597    0.014       0.006        11121985003904  339.1457520   17.0703140        3521      0   55416.247777200         515    14.729    21.001     27.105    2.750       2.913           0      131072            0            1    11121985 
   55422.369597200        14.589        0.026        35212000002276  339.1457520   17.0703090   22h36m34.98s   17d04m13.11s      2               0    5.871711e-07         133         129         113        14.584            0.006     14.597         14.598   14.596       14.597    0.014       0.006        11149623006545  339.1457500   17.0703110        3521      0   55422.374307200         521    14.583    22.020     28.082    2.050       2.136           0      131072            0            1    11149623 
   55422.414337200        14.591        0.026        35212000002276  339.1457520   17.0703090   22h36m34.98s   17d04m13.11s      2               0    5.871711e-07         133         129         113        14.584            0.006     14.597         14.598   14.596       14.597    0.014       0.006        11149774006320  339.1457380   17.0703330        3521      0   55422.419057200         521    14.589    21.946     28.080    2.150       2.215           0      131072            0            1    11149774 
   55429.226357200        14.601        0.026        35212000002276  339.1457520   17.0703090   22h36m34.98s   17d04m13.11s      2               0    5.871711e-07         133         129         113        14.584            0.006     14.597         14.598   14.596       14.597    0.014       0.006        11200816004308  339.1457380   17.0703700        3521      0   55429.231317200         528    14.600    21.110     28.048    1.950       2.150           0      131072            0            1    11200816 
   55436.224917200        14.590        0.034        35212000002276  339.1457520   17.0703090   22h36m34.98s   17d04m13.11s      2               0    5.871711e-07         133         129         113        14.584            0.006     14.597         14.598   14.596       14.597    0.014       0.006        11207843003667  339.1457650   17.0703650        3521      0   55436.230067200         609    14.583    20.701     28.027    2.350       2.533           0      131072            0            1    11207843 
   55436.176617200        14.589        0.034        35212000002276  339.1457520   17.0703090   22h36m34.98s   17d04m13.11s      2               0    5.871711e-07         133         129         113        14.584            0.006     14.597         14.598   14.596       14.597    0.014       0.006        11208062003359  339.1457600   17.0703190        3521      0   55436.181767200         609    14.571    20.521     27.978    2.650       2.865           0      131088            0            1    11208062 
   55426.169847200        14.582        0.066        35212000002276  339.1457520   17.0703090   22h36m34.98s   17d04m13.11s      2               0    5.871711e-07         133         129         113        14.584            0.006     14.597         14.598   14.596       14.597    0.014       0.006        11224126003712  339.1457170   17.0703560        3521      0   55426.174707200         525    14.478    20.468     27.765    3.150       3.173           0      131072            0            1    11224126 
   55439.224367200        14.597        0.027        35212000002276  339.1457520   17.0703090   22h36m34.98s   17d04m13.11s      2               0    5.871711e-07         133         129         113        14.584            0.006     14.597         14.598   14.596       14.597    0.014       0.006        11225283005369  339.1457590   17.0703590        3521      0   55439.229567200         534    14.594    21.655     28.042    1.950       2.120           0      131072            0            1    11225283 
   55439.179857200        14.594        0.027        35212000002276  339.1457520   17.0703090   22h36m34.98s   17d04m13.11s      2               0    5.871711e-07         133         129         113        14.584            0.006     14.597         14.598   14.596       14.597    0.014       0.006        11225325005335  339.1457580   17.0703800        3521      0   55439.185067200         534    14.585    21.500     28.000    2.250       2.477           0      131072            0            1    11225325 
   55382.429197200        14.603        0.025        35212000002276  339.1457520   17.0703090   22h36m34.98s   17d04m13.11s      2               0    5.871711e-07         133         129         113        14.584            0.006     14.597         14.598   14.596       14.597    0.014       0.006        11241165005512  339.1457310   17.0703270        3521      0   55382.431397200         481    14.612    21.602     28.125    2.150       2.290           0      131072            0            1    11241165 
   55382.386187200        14.600        0.025        35212000002276  339.1457520   17.0703090   22h36m34.98s   17d04m13.11s      2               0    5.871711e-07         133         129         113        14.584            0.006     14.597         14.598   14.596       14.597    0.014       0.006        11241179005316  339.1457490   17.0702870        3521      0   55382.388377200         481    14.611    21.482     28.111    2.250       2.361           0      131072            0            1    11241179 
   55387.460507200        14.552        0.190        35212000002276  339.1457520   17.0703090   22h36m34.98s   17d04m13.11s      2               0    5.871711e-07         133         129         113        14.584            0.006     14.597         14.598   14.596       14.597    0.014       0.006        11261130006060  339.1457090   17.0703210        3521      0   55387.463097200         486    14.324    21.575     27.779    2.250       2.310           0      131072            0            1    11261130 
   55387.412087200        14.553        0.190        35212000002276  339.1457520   17.0703090   22h36m34.98s   17d04m13.11s      2               0    5.871711e-07         133         129         113        14.584            0.006     14.597         14.598   14.596       14.597    0.014       0.006        11261216006868  339.1457650   17.0703260        3521      0   55387.414667200         486    14.434    22.015     27.884    1.850       1.977           0      131072            0            1    11261216 
   55349.467407200        14.599        0.057        35212000002276  339.1457520   17.0703090   22h36m34.98s   17d04m13.11s      2               0    5.871711e-07         133         129         113        14.584            0.006     14.597         14.598   14.596       14.597    0.014       0.006        11335384004367  339.1457740   17.0703360        3521      0   55349.466757200         449    14.622    21.046     28.118    2.350       2.492           0      131072            0            1    11335384 
   55364.433677200        14.589        0.031        35212000002276  339.1457520   17.0703090   22h36m34.98s   17d04m13.11s      2               0    5.871711e-07         133         129         113        14.584            0.006     14.597         14.598   14.596       14.597    0.014       0.006        11389733005746  339.1457420   17.0703260        3521      0   55364.434347200         463    14.586    21.705     28.079    2.350       2.615           0      131072            0            1    11389733 
   55364.386147200        14.596        0.031        35212000002276  339.1457520   17.0703090   22h36m34.98s   17d04m13.11s      2               0    5.871711e-07         133         129         113        14.584            0.006     14.597         14.598   14.596       14.597    0.014       0.006        11389735005492  339.1457580   17.0703110        3521      0   55364.386807200         463    14.583    21.559     28.042    2.450       2.541           0      131072            0            1    11389735 
   55419.358367200        14.569        0.263        35212000002276  339.1457520   17.0703090   22h36m34.98s   17d04m13.11s      2               0    5.871711e-07         133         129         113        14.584            0.006     14.597         14.598   14.596       14.597    0.014       0.006        11395185004839  339.1458000   17.0703400        3521      0   55419.362947200         518    14.387    21.159     27.042    2.250       2.352           0      131072            0            1    11395185 
   55419.401647200        14.546        0.263        35212000002276  339.1457520   17.0703090   22h36m34.98s   17d04m13.11s      2               0    5.871711e-07         133         129         113        14.584            0.006     14.597         14.598   14.596       14.597    0.014       0.006        11395348004533  339.1457970   17.0703260        3521      0   55419.406227200         518    14.478    21.146     27.061    2.450       2.528           0      131072            0            1    11395348 
   55369.460177200        14.599        0.030        35212000002276  339.1457520   17.0703090   22h36m34.98s   17d04m13.11s      2               0    5.871711e-07         133         129         113        14.584            0.006     14.597         14.598   14.596       14.597    0.014       0.006        11410009006237  339.1457410   17.0703260        3521      0   55369.461277200         468    14.610    21.929     28.128    1.950       2.123           0      131072            0            1    11410009 
   55372.400097200        14.597        0.026        35212000002276  339.1457520   17.0703090   22h36m34.98s   17d04m13.11s      2               0    5.871711e-07         133         129         113        14.584            0.006     14.597         14.598   14.596       14.597    0.014       0.006        11411275004318  339.1457310   17.0702950        3521      0   55372.401447200         471    14.594    21.105     28.091    2.050       2.245           0      131072            0            1    11411275 
   55372.356507200        14.591        0.026        35212000002276  339.1457520   17.0703090   22h36m34.98s   17d04m13.11s      2               0    5.871711e-07         133         129         113        14.584            0.006     14.597         14.598   14.596       14.597    0.014       0.006        11411338003711  339.1457530   17.0703270        3521      0   55372.357857200         471    14.585    20.704     28.057    2.550       2.622           0      131072            0            1    11411338 
   55371.453437200        14.607        0.025        35212000002276  339.1457520   17.0703090   22h36m34.98s   17d04m13.11s      2               0    5.871711e-07         133         129         113        14.584            0.006     14.597         14.598   14.596       14.597    0.014       0.006        11414051005820  339.1457360   17.0703340        3521      0   55371.454717200         470    14.616    21.697     28.141    2.050       2.169           0      131072            0            1    11414051 
   55370.457827200        14.592        0.025        35212000002276  339.1457520   17.0703090   22h36m34.98s   17d04m13.11s      2               0    5.871711e-07         133         129         113        14.584            0.006     14.597         14.598   14.596       14.597    0.014       0.006        11416228006240  339.1457460   17.0703220        3521      0   55370.459017200         469    14.610    21.953     28.135    2.050       2.079           0      131072            0            1    11416228 
   55377.357017200        14.599        0.026        35212000002276  339.1457520   17.0703090   22h36m34.98s   17d04m13.11s      2               0    5.871711e-07         133         129         113        14.584            0.006     14.597         14.598   14.596       14.597    0.014       0.006        11430718003798  339.1457450   17.0703040        3521      0   55377.358787200         476    14.595    20.808     28.033    2.350       2.458           0      131072            0            1    11430718 
   55377.401227200        14.598        0.026        35212000002276  339.1457520   17.0703090   22h36m34.98s   17d04m13.11s      2               0    5.871711e-07         133         129         113        14.584            0.006     14.597         14.598   14.596       14.597    0.014       0.006        11430750003834  339.1457450   17.0703330        3521      0   55377.403007200         476    14.597    20.885     28.057    2.350       2.442           0      131072            0            1    11430750 
   55137.187677200        14.592        0.026        35212000002276  339.1457520   17.0703090   22h36m34.98s   17d04m13.11s      2               0    5.871711e-07         133         129         113        14.584            0.006     14.597         14.598   14.596       14.597    0.014       0.006        11786718003471  339.1457380   17.0703120        3521      0   55137.191017200         244    14.583    20.605     28.116    2.450       2.510           0      131072            0            1    11786718 
   55138.179157200        14.604        0.041        35212000002276  339.1457520   17.0703090   22h36m34.98s   17d04m13.11s      2               0    5.871711e-07         133         129         113        14.584            0.006     14.597         14.598   14.596       14.597    0.014       0.006        11790096003561  339.1457380   17.0703140        3521      0   55138.182427200         245    14.585    20.574     28.099    2.650       2.752           0      131072            0            1    11790096 
   55142.163267200        14.603        0.028        35212000002276  339.1457520   17.0703090   22h36m34.98s   17d04m13.11s      2               0    5.871711e-07         133         129         113        14.584            0.006     14.597         14.598   14.596       14.597    0.014       0.006        11794238005539  339.1457210   17.0703020        3521      0   55142.166237200         282    14.597    21.612     28.107    2.250       2.368           0      131072            0            1    11794238 
   55142.118957200        14.594        0.028        35212000002276  339.1457520   17.0703090   22h36m34.98s   17d04m13.11s      2               0    5.871711e-07         133         129         113        14.584            0.006     14.597         14.598   14.596       14.597    0.014       0.006        11794342005261  339.1457450   17.0702990        3521      0   55142.121927200         282    14.590    21.467     28.103    2.450       2.460           0      131072            0            1    11794342 
   55123.223387200        14.590        0.029        35212000002276  339.1457520   17.0703090   22h36m34.98s   17d04m13.11s      2               0    5.871711e-07         133         129         113        14.584            0.006     14.597         14.598   14.596       14.597    0.014       0.006        11812691005959  339.1456820   17.0702950        3521      0   55123.227627200         232    14.600    21.712     28.173    2.150       2.278           0      131072            0            1    11812691 
   55045.207707200        14.604        0.026        35212000002276  339.1457520   17.0703090   22h36m34.98s   17d04m13.11s      2               0    5.871711e-07         133         129         113        14.584            0.006     14.597         14.598   14.596       14.597    0.014       0.006        11858039003632  339.1457560   17.0703750        3521      0   55045.211847200         159    14.586    20.316     27.606    2.950       3.144           0      131088            0            1    11858039 
   55045.289337200        14.603        0.026        35212000002276  339.1457520   17.0703090   22h36m34.98s   17d04m13.11s      2               0    5.871711e-07         133         129         113        14.584            0.006     14.597         14.598   14.596       14.597    0.014       0.006        11858047004887  339.1457780   17.0703140        3521      0   55045.293477200         159    14.606    21.116     27.721    2.050       2.179           0      131072            0            1    11858047 
   55049.426157200        14.599        0.026        35212000002276  339.1457520   17.0703090   22h36m34.98s   17d04m13.11s      2               0    5.871711e-07         133         129         113        14.584            0.006     14.597         14.598   14.596       14.597    0.014       0.006        11863107003445  339.1457470   17.0703190        3521      0   55049.430517200         163    14.600    20.334     27.718    2.150       2.273           0      131072            0            1    11863107 
   55054.221717200        14.601        0.055        35212000002276  339.1457520   17.0703090   22h36m34.98s   17d04m13.11s      2               0    5.871711e-07         133         129         113        14.584            0.006     14.597         14.598   14.596       14.597    0.014       0.006        11869744003139  339.1457690   17.0703190        3521      0   55054.226297200         168    14.568    20.092     27.535    3.350       3.487           0      131072            0            1    11869744 
   55066.328927200        14.610        0.027        35212000002276  339.1457520   17.0703090   22h36m34.98s   17d04m13.11s      2               0    5.871711e-07         133         129         113        14.584            0.006     14.597         14.598   14.596       14.597    0.014       0.006        11884044006787  339.1456970   17.0703020        3521      0   55066.333957200         180    14.595    21.846     27.626    1.850       1.896           0      131072            0            1    11884044 
   55066.284507200        14.611        0.027        35212000002276  339.1457520   17.0703090   22h36m34.98s   17d04m13.11s      2               0    5.871711e-07         133         129         113        14.584            0.006     14.597         14.598   14.596       14.597    0.014       0.006        11884061006786  339.1457410   17.0703190        3521      0   55066.289537200         180    14.620    21.919     27.603    1.650       1.897           0      131072            0            1    11884061 
   55061.271507200        14.588        0.024        35212000002276  339.1457520   17.0703090   22h36m34.98s   17d04m13.11s      2               0    5.871711e-07         133         129         113        14.584            0.006     14.597         14.598   14.596       14.597    0.014       0.006        11893490006644  339.1457310   17.0702710        3521      0   55061.276377200         175    14.587    21.781     27.727    1.950       2.242           0      131072            0            1    11893490 
   55061.369177200        14.608        0.024        35212000002276  339.1457520   17.0703090   22h36m34.98s   17d04m13.11s      2               0    5.871711e-07         133         129         113        14.584            0.006     14.597         14.598   14.596       14.597    0.014       0.006        11893514007023  339.1457140   17.0703150        3521      0   55061.374047200         175    14.606    21.818     27.734    2.150       2.346           0      131072            0            1    11893514 
   55056.350197200        14.600        0.023        35212000002276  339.1457520   17.0703090   22h36m34.98s   17d04m13.11s      2               0    5.871711e-07         133         129         113        14.584            0.006     14.597         14.598   14.596       14.597    0.014       0.006        11899269005464  339.1457500   17.0703240        3521      0   55056.354877200         170    14.602    21.347     27.721    2.150       2.302           0      131072            0            1    11899269 
   55056.268047200        14.598        0.023        35212000002276  339.1457520   17.0703090   22h36m34.98s   17d04m13.11s      2               0    5.871711e-07         133         129         113        14.584            0.006     14.597         14.598   14.596       14.597    0.014       0.006        11899280005767  339.1457530   17.0702860        3521      0   55056.272717200         170    14.594    21.401     27.693    2.150       2.246           0      131072            0            1    11899280 
   55087.280887200        14.603        0.022        35212000002276  339.1457520   17.0703090   22h36m34.98s   17d04m13.11s      2               0    5.871711e-07         133         129         113        14.584            0.006     14.597         14.598   14.596       14.597    0.014       0.006        11918661007033  339.1457700   17.0702990        3521      0   55087.286197200         199    14.608    21.826     27.740    1.950       2.198           0      131072            0            1    11918661 
   55087.325037200        14.607        0.022        35212000002276  339.1457520   17.0703090   22h36m34.98s   17d04m13.11s      2               0    5.871711e-07         133         129         113        14.584            0.006     14.597         14.598   14.596       14.597    0.014       0.006        11918675006627  339.1457730   17.0702970        3521      0   55087.330337200         199    14.617    21.702     27.740    2.150       2.262           0      131072            0            1    11918675 
   55019.451217200        14.595        0.031        35212000002276  339.1457520   17.0703090   22h36m34.98s   17d04m13.11s      2               0    5.871711e-07         133         129         113        14.584            0.006     14.597         14.598   14.596       14.597    0.014       0.006        11920831003633  339.1457230   17.0703010        3521      0   55019.453587200         133    14.558    20.494     27.554    2.450       2.515           0      131072            0            1    11920831 
   55019.390137200        14.596        0.031        35212000002276  339.1457520   17.0703090   22h36m34.98s   17d04m13.11s      2               0    5.871711e-07         133         129         113        14.584            0.006     14.597         14.598   14.596       14.597    0.014       0.006        11920877003328  339.1457430   17.0703410        3521      0   55019.392507200         133    14.557    20.416     27.541    2.450       2.537           0      131072            0            1    11920877 
   55031.383737200        14.607        0.033        35212000002276  339.1457520   17.0703090   22h36m34.98s   17d04m13.11s      2               0    5.871711e-07         133         129         113        14.584            0.006     14.597         14.598   14.596       14.597    0.014       0.006        11957451006708  339.1457440   17.0703160        3521      0   55031.387007200         145    14.616    21.787     27.693    1.950       2.141           0      131072            0            1    11957451 
   55039.420947200        14.605        0.026        35212000002276  339.1457520   17.0703090   22h36m34.98s   17d04m13.11s      2               0    5.871711e-07         133         129         113        14.584            0.006     14.597         14.598   14.596       14.597    0.014       0.006        11989864006613  339.1457180   17.0703260        3521      0   55039.424747200         153    14.582    21.704     27.643    2.150       2.244           0      131072            0            1    11989864 
   55039.376907200        14.592        0.026        35212000002276  339.1457520   17.0703090   22h36m34.98s   17d04m13.11s      2               0    5.871711e-07         133         129         113        14.584            0.006     14.597         14.598   14.596       14.597    0.014       0.006        11989960006493  339.1457470   17.0703350        3521      0   55039.380697200         153    14.569    21.712     27.621    2.050       2.094           0      131072            0            1    11989960 
   55498.219327200        14.596        0.202        35212000002276  339.1457520   17.0703090   22h36m34.98s   17d04m13.11s      2               0    5.871711e-07         133         129         113        14.584            0.006     14.597         14.598   14.596       14.597    0.014       0.006        12783020004212  339.1457890   17.0702990        3521      0   55498.222967200         593    14.843    21.304     28.000    2.050       2.161           0      131072            0            1    12783020 
   55498.274697200        14.592        0.202        35212000002276  339.1457520   17.0703090   22h36m34.98s   17d04m13.11s      2               0    5.871711e-07         133         129         113        14.584            0.006     14.597         14.598   14.596       14.597    0.014       0.006        12783276005147  339.1457900   17.0703090        3521      0   55498.278327200         593    14.469    21.308     27.938    2.050       2.154           0      131072            0            1    12783276 
   55458.418447200        14.599        0.026        35212000002276  339.1457520   17.0703090   22h36m34.98s   17d04m13.11s      2               0    5.871711e-07         133         129         113        14.584            0.006     14.597         14.598   14.596       14.597    0.014       0.006        12794775004082  339.1457890   17.0703040        3521      0   55458.423707200         553    14.591    21.102     28.052    2.250       2.299           0      131072            0            1    12794775 
   55458.351667200        14.600        0.026        35212000002276  339.1457520   17.0703090   22h36m34.98s   17d04m13.11s      2               0    5.871711e-07         133         129         113        14.584            0.006     14.597         14.598   14.596       14.597    0.014       0.006        12794931004048  339.1457740   17.0703060        3521      0   55458.356927200         553    14.604    21.018     28.083    2.150       2.289           0      131072            0            1    12794931 
   55480.170497200        14.601        0.025        35212000002276  339.1457520   17.0703090   22h36m34.98s   17d04m13.11s      2               0    5.871711e-07         133         129         113        14.584            0.006     14.597         14.598   14.596       14.597    0.014       0.006        12807129005219  339.1457780   17.0703100        3521      0   55480.175147200         574    14.613    21.533     28.083    2.150       2.346           0      131072            0            1    12807129 
   55480.128187200        14.608        0.025        35212000002276  339.1457520   17.0703090   22h36m34.98s   17d04m13.11s      2               0    5.871711e-07         133         129         113        14.584            0.006     14.597         14.598   14.596       14.597    0.014       0.006        12807144005517  339.1457700   17.0703080        3521      0   55480.132837200         574    14.622    21.604     28.061    2.050       2.185           0      131072            0            1    12807144 
   56202.157977200        14.609        0.027        35212000002276  339.1457520   17.0703090   22h36m34.98s   17d04m13.11s      2               0    5.871711e-07         133         129         113        14.584            0.006     14.597         14.598   14.596       14.597    0.014       0.006        14272769003831  339.1457840   17.0703080        3521      0   56202.162947200        1299    14.630    20.839     28.081    2.050       2.174           0      131072            0            1    14272769 
   56202.128807200        14.604        0.027        35212000002276  339.1457520   17.0703090   22h36m34.98s   17d04m13.11s      2               0    5.871711e-07         133         129         113        14.584            0.006     14.597         14.598   14.596       14.597    0.014       0.006        14272772003580  339.1457920   17.0703020        3521      0   56202.133787200        1299    14.620    20.757     28.068    2.250       2.318           0      131072            0            1    14272772 
   56202.187427200        14.599        0.027        35212000002276  339.1457520   17.0703090   22h36m34.98s   17d04m13.11s      2               0    5.871711e-07         133         129         113        14.584            0.006     14.597         14.598   14.596       14.597    0.014       0.006        14272805003825  339.1457860   17.0703090        3521      0   56202.192407200        1299    14.605    20.800     28.088    2.250       2.408           0      131072            0            1    14272805 
   56204.112797200        14.617        0.385        35212000002276  339.1457520   17.0703090   22h36m34.98s   17d04m13.11s      2               0    5.871711e-07         133         129         113        14.584            0.006     14.597         14.598   14.596       14.597    0.014       0.006        14313881002913  339.1458010   17.0703360        3521      0   56204.117707200        1301    15.055    20.545     27.704    2.650       2.740           0      131072            0            1    14313881 
   56204.143157200        14.639        0.385        35212000002276  339.1457520   17.0703090   22h36m34.98s   17d04m13.11s      2               0    5.871711e-07         133         129         113        14.584            0.006     14.597         14.598   14.596       14.597    0.014       0.006        14313904003669  339.1457790   17.0703070        3521      0   56204.148067200        1301    14.822    20.908     27.753    2.250       2.403           0      131072            0            1    14313904 
   56204.173637200        14.630        0.385        35212000002276  339.1457520   17.0703090   22h36m34.98s   17d04m13.11s      2               0    5.871711e-07         133         129         113        14.584            0.006     14.597         14.598   14.596       14.597    0.014       0.006        14313929004810  339.1457870   17.0703010        3521      0   56204.178537200        1301    14.270    20.864     27.752    2.450       2.590           0      131072            0            1    14313929 
   56206.113627200        14.588        0.103        35212000002276  339.1457520   17.0703090   22h36m34.98s   17d04m13.11s      2               0    5.871711e-07         133         129         113        14.584            0.006     14.597         14.598   14.596       14.597    0.014       0.006        14340024005292  339.1457890   17.0703040        3521      0   56206.118457200        1303    14.630    21.419     28.140    2.550       2.620           0      131072            0            1    14340024 
   56206.149307200        14.592        0.103        35212000002276  339.1457520   17.0703090   22h36m34.98s   17d04m13.11s      2               0    5.871711e-07         133         129         113        14.584            0.006     14.597         14.598   14.596       14.597    0.014       0.006        14340045005542  339.1457900   17.0703080        3521      0   56206.154137200        1303    14.633    21.725     28.144    2.150       2.255           0      131072            0            1    14340045 
   56206.179597200        14.598        0.103        35212000002276  339.1457520   17.0703090   22h36m34.98s   17d04m13.11s      2               0    5.871711e-07         133         129         113        14.584            0.006     14.597         14.598   14.596       14.597    0.014       0.006        14340075005918  339.1457950   17.0703080        3521      0   56206.184427200        1303    14.621    21.795     28.131    2.050       2.138           0      131072            0            1    14340075 
   56228.184547200        14.604        0.024        35212000002276  339.1457520   17.0703090   22h36m34.98s   17d04m13.11s      2               0    5.871711e-07         133         129         113        14.584            0.006     14.597         14.598   14.596       14.597    0.014       0.006        14450753003835  339.1457810   17.0703180        3521      0   56228.188217200        1315    14.596    20.725     28.113    2.350       2.446           0      131072            0            1    14450753 
   56230.249197200        14.606        0.023        35212000002276  339.1457520   17.0703090   22h36m34.98s   17d04m13.11s      2               0    5.871711e-07         133         129         113        14.584            0.006     14.597         14.598   14.596       14.597    0.014       0.006        14487135003501  339.1457890   17.0703130        3521      0   56230.252737200        1317    14.605    20.617     28.077    2.150       2.165           0      131072            0            1    14487135 
   56234.212917200        14.592        0.046        35212000002276  339.1457520   17.0703090   22h36m34.98s   17d04m13.11s      2               0    5.871711e-07         133         129         113        14.584            0.006     14.597         14.598   14.596       14.597    0.014       0.006        14497228004556  339.1457850   17.0702920        3521      0   56234.216167200        1321    14.577    21.158     28.088    2.450       2.598           0      131072            0            1    14497228 
   56234.244177200        14.595        0.046        35212000002276  339.1457520   17.0703090   22h36m34.98s   17d04m13.11s      2               0    5.871711e-07         133         129         113        14.584            0.006     14.597         14.598   14.596       14.597    0.014       0.006        14497243004331  339.1457880   17.0703050        3521      0   56234.247427200        1321    14.574    21.033     28.072    2.550       2.657           0      131072            0            1    14497243 
   56236.145687200        14.604        0.027        35212000002276  339.1457520   17.0703090   22h36m34.98s   17d04m13.11s      2               0    5.871711e-07         133         129         113        14.584            0.006     14.597         14.598   14.596       14.597    0.014       0.006        14528681005454  339.1457710   17.0703130        3521      0   56236.148787200        1323    14.615    21.506     28.134    2.450       2.581           0      131072            0            1    14528681 
   56238.121187200        14.601        0.025        35212000002276  339.1457520   17.0703090   22h36m34.98s   17d04m13.11s      2               0    5.871711e-07         133         129         113        14.584            0.006     14.597         14.598   14.596       14.597    0.014       0.006        14570745005563  339.1457810   17.0703250        3521      0   56238.124147200        1325    14.616    21.638     28.144    2.050       2.208           0      131072            0            1    14570745 
   56238.091697200        14.604        0.025        35212000002276  339.1457520   17.0703090   22h36m34.98s   17d04m13.11s      2               0    5.871711e-07         133         129         113        14.584            0.006     14.597         14.598   14.596       14.597    0.014       0.006        14570767005381  339.1457760   17.0703270        3521      0   56238.094657200        1325    14.614    21.484     28.139    2.250       2.333           0      131072            0            1    14570767 
   56232.228407200        14.598        0.070        35212000002276  339.1457520   17.0703090   22h36m34.98s   17d04m13.11s      2               0    5.871711e-07         133         129         113        14.584            0.006     14.597         14.598   14.596       14.597    0.014       0.006        14645245004400  339.1457880   17.0703100        3521      0   56232.231797200        1319    14.552    21.083     28.071    2.150       2.272           0      131072            0            1    14645245 
   56251.084597200        14.601        0.024        35212000002276  339.1457520   17.0703090   22h36m34.98s   17d04m13.11s      2               0    5.871711e-07         133         129         113        14.584            0.006     14.597         14.598   14.596       14.597    0.014       0.006        14655503005038  339.1457790   17.0703140        3521      0   56251.086477200        1338    14.612    21.383     28.146    2.050       2.157           0      131072            0            1    14655503 
   56251.114167200        14.603        0.024        35212000002276  339.1457520   17.0703090   22h36m34.98s   17d04m13.11s      2               0    5.871711e-07         133         129         113        14.584            0.006     14.597         14.598   14.596       14.597    0.014       0.006        14655513004691  339.1457710   17.0703060        3521      0   56251.116047200        1338    14.612    21.031     28.145    2.850       2.971           0      131072            0            1    14655513 
   56255.081677200        14.604        0.026        35212000002276  339.1457520   17.0703090   22h36m34.98s   17d04m13.11s      2               0    5.871711e-07         133         129         113        14.584            0.006     14.597         14.598   14.596       14.597    0.014       0.006        14695425003896  339.1457710   17.0703110        3521      0   56255.083207200        1342    14.591    20.682     28.114    2.750       2.872           0      131072            0            1    14695425 
   56255.112127200        14.594        0.026        35212000002276  339.1457520   17.0703090   22h36m34.98s   17d04m13.11s      2               0    5.871711e-07         133         129         113        14.584            0.006     14.597         14.598   14.596       14.597    0.014       0.006        14695453003574  339.1457960   17.0703330        3521      0   56255.113657200        1342    14.598    20.529     28.119    3.350       3.453           0      131072            0            1    14695453 
   56267.144527200        14.595        0.233        35212000002276  339.1457520   17.0703090   22h36m34.98s   17d04m13.11s      2               0    5.871711e-07         133         129         113        14.584            0.006     14.597         14.598   14.596       14.597    0.014       0.006        14755792004685  339.1457490   17.0703100        3521      0   56267.144947200        1354    14.594    21.118     27.956    2.450       2.515           0      131072            0            1    14755792 
   56267.186597200        14.590        0.233        35212000002276  339.1457520   17.0703090   22h36m34.98s   17d04m13.11s      2               0    5.871711e-07         133         129         113        14.584            0.006     14.597         14.598   14.596       14.597    0.014       0.006        14755815004072  339.1457700   17.0703070        3521      0   56267.187007200        1354    14.575    21.131     27.865    2.050       2.186           0      131072            0            1    14755815 
   56265.173377200        14.619        0.229        35212000002276  339.1457520   17.0703090   22h36m34.98s   17d04m13.11s      2               0    5.871711e-07         133         129         113        14.584            0.006     14.597         14.598   14.596       14.597    0.014       0.006        14765152004004  339.1457670   17.0703180        3521      0   56265.173987200        1352    14.844    21.174     27.906    2.250       2.381           0      131072            0            1    14765152 
   56265.143887200        14.584        0.229        35212000002276  339.1457520   17.0703090   22h36m34.98s   17d04m13.11s      2               0    5.871711e-07         133         129         113        14.584            0.006     14.597         14.598   14.596       14.597    0.014       0.006        14765162005456  339.1457850   17.0703240        3521      0   56265.144497200        1352    14.551    21.600     28.058    2.250       2.471           0      131072            0            1    14765162 
   56271.223777200        14.583        0.040        35212000002276  339.1457520   17.0703090   22h36m34.98s   17d04m13.11s      2               0    5.871711e-07         133         129         113        14.584            0.006     14.597         14.598   14.596       14.597    0.014       0.006        14804883003509  339.1457940   17.0703170        3521      0   56271.223807200        1358    14.567    20.635     27.992    3.650       3.697           0      131074            0            1    14804883 
   56257.088927200        14.594        0.026        35212000002276  339.1457520   17.0703090   22h36m34.98s   17d04m13.11s      2               0    5.871711e-07         133         129         113        14.584            0.006     14.597         14.598   14.596       14.597    0.014       0.006        15701492003795  339.1457770   17.0703030        3521      0   56257.090267200        1344    14.593    20.661     28.106    2.850       2.955           0      131072            0            1    15701492 
   56257.119777200        14.597        0.026        35212000002276  339.1457520   17.0703090   22h36m34.98s   17d04m13.11s      2               0    5.871711e-07         133         129         113        14.584            0.006     14.597         14.598   14.596       14.597    0.014       0.006        15701511004032  339.1457660   17.0703140        3521      0   56257.121127200        1344    14.594    20.854     28.107    2.350       2.529           0      131072            0            1    15701511 
   56911.286797200        14.595        0.028        35212000002276  339.1457520   17.0703090   22h36m34.98s   17d04m13.11s      2               0    5.871711e-07         133         129         113        14.584            0.006     14.597         14.598   14.596       14.597    0.014       0.006        21288343003547  339.1457560   17.0702860        3521      0   56911.292097200        1975    14.570    20.637     28.031    2.350       2.506           0      131072            0            1    21288343 
