   55783.493537200        15.073        0.028        35212070000679  339.3634350   15.7537910   22h37m27.22s   15d45m13.65s      2               0    4.353046e-07         134         133         119        15.063            0.004     15.066         15.065   15.070       15.066    0.023       0.008        10359589003839  339.3634190   15.7538030        3521      7   55783.498077200         881    15.076    21.478     27.627    2.350       2.537           0      131072            0            1    10359589 
   55783.450517200        15.075        0.028        35212070000679  339.3634350   15.7537910   22h37m27.22s   15d45m13.65s      2               0    4.353046e-07         134         133         119        15.063            0.004     15.066         15.065   15.070       15.066    0.023       0.008        10359646004226  339.3634160   15.7537920        3521      7   55783.455047200         881    15.074    21.682     27.645    2.250       2.305           0      131072            0            1    10359646 
   55794.417557200        15.107        0.067        35212070000679  339.3634350   15.7537910   22h37m27.22s   15d45m13.65s      2               0    4.353046e-07         134         133         119        15.063            0.004     15.066         15.065   15.070       15.066    0.023       0.008        10381386002250  339.3634070   15.7537660        3521      7   55794.422517200         892    15.743    20.961     27.619    2.050       2.124           0      131072            0            1    10381386 
   55794.374747200        14.934        0.067        35212070000679  339.3634350   15.7537910   22h37m27.22s   15d45m13.65s      2               0    4.353046e-07         134         133         119        15.063            0.004     15.066         15.065   15.070       15.066    0.023       0.008        10381447001318  339.3634210   15.7537950        3521      7   55794.379707200         892    16.548    20.773     27.620    1.950       2.199           0      131072            0            1    10381447 
   55821.364667200        15.061        0.025        35212070000679  339.3634350   15.7537910   22h37m27.22s   15d45m13.65s      2               0    4.353046e-07         134         133         119        15.063            0.004     15.066         15.065   15.070       15.066    0.023       0.008        10511761003081  339.3634270   15.7537770        3521      7   55821.369947200         919    15.077    21.002     27.615    1.950       2.175           0      131072            0            1    10511761 
   55821.319317200        15.072        0.025        35212070000679  339.3634350   15.7537910   22h37m27.22s   15d45m13.65s      2               0    4.353046e-07         134         133         119        15.063            0.004     15.066         15.065   15.070       15.066    0.023       0.008        10511789003136  339.3634220   15.7537780        3521      7   55821.324607200         919    15.082    20.933     27.624    2.250       2.298           0      131072            0            1    10511789 
   55471.200687200        15.062        0.033        35212070000679  339.3634350   15.7537910   22h37m27.22s   15d45m13.65s      2               0    4.353046e-07         134         133         119        15.063            0.004     15.066         15.065   15.070       15.066    0.023       0.008        10798728004086  339.3633870   15.7537460        3521      7   55471.205667200         562    15.064    21.603     27.723    2.150       2.301           0      131072            0            1    10798728 
   55471.244407200        15.063        0.033        35212070000679  339.3634350   15.7537910   22h37m27.22s   15d45m13.65s      2               0    4.353046e-07         134         133         119        15.063            0.004     15.066         15.065   15.070       15.066    0.023       0.008        10798908004177  339.3634000   15.7537780        3521      7   55471.249397200         562    15.060    21.710     27.719    1.950       2.141           0      131072            0            1    10798908 
   55483.166527200        15.078        0.026        35212070000679  339.3634350   15.7537910   22h37m27.22s   15d45m13.65s      2               0    4.353046e-07         134         133         119        15.063            0.004     15.066         15.065   15.070       15.066    0.023       0.008        10856541003868  339.3634000   15.7537920        3521      7   55483.171037200         577    15.088    21.493     27.719    2.050       2.166           0      131072            0            1    10856541 
   55483.122857200        15.063        0.026        35212070000679  339.3634350   15.7537910   22h37m27.22s   15d45m13.65s      2               0    4.353046e-07         134         133         119        15.063            0.004     15.066         15.065   15.070       15.066    0.023       0.008        10856579003626  339.3634120   15.7537850        3521      7   55483.127367200         577    15.066    21.381     27.705    2.150       2.307           0      131072            0            1    10856579 
   55443.230767200        15.077        0.027        35212070000679  339.3634350   15.7537910   22h37m27.22s   15d45m13.65s      2               0    4.353046e-07         134         133         119        15.063            0.004     15.066         15.065   15.070       15.066    0.023       0.008        10903744004083  339.3634210   15.7537890        3521      7   55443.236027200         538    15.076    21.558     27.729    2.250       2.331           0      131072            0            1    10903744 
   55443.185917200        15.083        0.027        35212070000679  339.3634350   15.7537910   22h37m27.22s   15d45m13.65s      2               0    4.353046e-07         134         133         119        15.063            0.004     15.066         15.065   15.070       15.066    0.023       0.008        10903752003554  339.3634370   15.7537710        3521      7   55443.191177200         538    15.084    21.224     27.698    2.650       2.731           0      131072            0            1    10903752 
   55446.312747200        15.070        0.030        35212070000679  339.3634350   15.7537910   22h37m27.22s   15d45m13.65s      2               0    4.353046e-07         134         133         119        15.063            0.004     15.066         15.065   15.070       15.066    0.023       0.008        10913218004501  339.3634070   15.7537710        3521      7   55446.318037200         541    15.069    21.894     27.731    1.850       2.052           0      131072            0            1    10913218 
   55446.269397200        15.081        0.030        35212070000679  339.3634350   15.7537910   22h37m27.22s   15d45m13.65s      2               0    4.353046e-07         134         133         119        15.063            0.004     15.066         15.065   15.070       15.066    0.023       0.008        10913263004416  339.3634120   15.7537840        3521      7   55446.274687200         541    15.082    21.763     27.730    2.050       2.149           0      131072            0            1    10913263 
   55452.163847200        15.074        0.025        35212070000679  339.3634350   15.7537910   22h37m27.22s   15d45m13.65s      2               0    4.353046e-07         134         133         119        15.063            0.004     15.066         15.065   15.070       15.066    0.023       0.008        10933419003755  339.3634250   15.7537710        3521      7   55452.169147200         547    15.068    21.315     27.707    2.250       2.347           0      131072            0            1    10933419 
   55452.206587200        15.066        0.025        35212070000679  339.3634350   15.7537910   22h37m27.22s   15d45m13.65s      2               0    4.353046e-07         134         133         119        15.063            0.004     15.066         15.065   15.070       15.066    0.023       0.008        10933530003920  339.3634310   15.7537940        3521      7   55452.211887200         547    15.064    21.492     27.726    2.250       2.423           0      131072            0            1    10933530 
   55467.310857200        15.064        0.047        35212070000679  339.3634350   15.7537910   22h37m27.22s   15d45m13.65s      2               0    4.353046e-07         134         133         119        15.063            0.004     15.066         15.065   15.070       15.066    0.023       0.008        11078735003340  339.3634160   15.7537890        3521      7   55467.315957200         560    15.038    21.118     27.692    2.150       2.167           0      131072            0            1    11078735 
   55468.221587200        15.069        0.141        35212070000679  339.3634350   15.7537910   22h37m27.22s   15d45m13.65s      2               0    4.353046e-07         134         133         119        15.063            0.004     15.066         15.065   15.070       15.066    0.023       0.008        11079201003764  339.3634250   15.7537850        3521      7   55468.226657200         558    15.058    21.415     27.711    2.250       2.359           0      131072            0            1    11079201 
   55416.200397200        15.141        0.174        35212070000679  339.3634350   15.7537910   22h37m27.22s   15d45m13.65s      2               0    4.353046e-07         134         133         119        15.063            0.004     15.066         15.065   15.070       15.066    0.023       0.008        11122677002134  339.3634440   15.7538050        3521      7   55416.204827200         515    15.413    20.373     26.621    3.550       3.370           0      131072            0            1    11122677 
   55416.243347200        15.135        0.174        35212070000679  339.3634350   15.7537910   22h37m27.22s   15d45m13.65s      2               0    4.353046e-07         134         133         119        15.063            0.004     15.066         15.065   15.070       15.066    0.023       0.008        11122812002505  339.3634240   15.7538110        3521      7   55416.247777200         515    15.272    20.584     26.664    3.350       3.299           0      131072            0            1    11122812 
   55422.369597200        15.070        0.028        35212070000679  339.3634350   15.7537910   22h37m27.22s   15d45m13.65s      2               0    4.353046e-07         134         133         119        15.063            0.004     15.066         15.065   15.070       15.066    0.023       0.008        11150393004382  339.3633950   15.7537870        3521      7   55422.374307200         521    15.067    21.800     27.724    2.150       2.254           0      131072            0            1    11150393 
   55422.414337200        15.062        0.028        35212070000679  339.3634350   15.7537910   22h37m27.22s   15d45m13.65s      2               0    4.353046e-07         134         133         119        15.063            0.004     15.066         15.065   15.070       15.066    0.023       0.008        11150540004225  339.3634010   15.7537970        3521      7   55422.419057200         521    15.059    21.778     27.720    2.150       2.403           0      131072            0            1    11150540 
   55429.226357200        15.076        0.024        35212070000679  339.3634350   15.7537910   22h37m27.22s   15d45m13.65s      2               0    4.353046e-07         134         133         119        15.063            0.004     15.066         15.065   15.070       15.066    0.023       0.008        11197471002996  339.3634200   15.7537860        3521      7   55429.231317200         528    15.076    20.820     27.682    2.250       2.312           0      131072            0            1    11197471 
   55429.183207200        15.080        0.024        35212070000679  339.3634350   15.7537910   22h37m27.22s   15d45m13.65s      2               0    4.353046e-07         134         133         119        15.063            0.004     15.066         15.065   15.070       15.066    0.023       0.008        11197663002667  339.3634250   15.7537910        3521      7   55429.188167200         528    15.078    20.487     27.636    2.550       2.582           0      131072            0            1    11197663 
   55426.169847200        15.072        0.082        35212070000679  339.3634350   15.7537910   22h37m27.22s   15d45m13.65s      2               0    4.353046e-07         134         133         119        15.063            0.004     15.066         15.065   15.070       15.066    0.023       0.008        11200435002485  339.3634270   15.7537600        3521      7   55426.174707200         525    14.914    20.091     27.362    3.550       3.722           0      131072            0            1    11200435 
   55436.224917200        15.098        0.027        35212070000679  339.3634350   15.7537910   22h37m27.22s   15d45m13.65s      2               0    4.353046e-07         134         133         119        15.063            0.004     15.066         15.065   15.070       15.066    0.023       0.008        11210302002527  339.3634260   15.7537990        3521      7   55436.230067200         609    15.084    20.401     27.652    2.650       2.726           0      131072            0            1    11210302 
   55436.176617200        15.085        0.028        35212070000679  339.3634350   15.7537910   22h37m27.22s   15d45m13.65s      2               0    4.353046e-07         134         133         119        15.063            0.004     15.066         15.065   15.070       15.066    0.023       0.008        11210520002317  339.3634330   15.7537890        3521      7   55436.181767200         609    15.074    20.171     27.613    3.150       3.213           0      131072            0            1    11210520 
   55439.224367200        15.078        0.028        35212070000679  339.3634350   15.7537910   22h37m27.22s   15d45m13.65s      2               0    4.353046e-07         134         133         119        15.063            0.004     15.066         15.065   15.070       15.066    0.023       0.008        11225534003663  339.3634190   15.7537790        3521      7   55439.229567200         534    15.079    21.384     27.645    2.150       2.251           0      131072            0            1    11225534 
   55439.179857200        15.083        0.028        35212070000679  339.3634350   15.7537910   22h37m27.22s   15d45m13.65s      2               0    4.353046e-07         134         133         119        15.063            0.004     15.066         15.065   15.070       15.066    0.023       0.008        11225576003445  339.3634340   15.7537720        3521      7   55439.185067200         534    15.088    21.205     27.608    2.550       2.604           0      131072            0            1    11225576 
   55382.429197200        15.065        0.025        35212070000679  339.3634350   15.7537910   22h37m27.22s   15d45m13.65s      2               0    4.353046e-07         134         133         119        15.063            0.004     15.066         15.065   15.070       15.066    0.023       0.008        11243185003838  339.3634160   15.7537800        3521      7   55382.431397200         481    15.063    21.418     27.737    2.250       2.397           0      131072            0            1    11243185 
   55382.386187200        15.058        0.025        35212070000679  339.3634350   15.7537910   22h37m27.22s   15d45m13.65s      2               0    4.353046e-07         134         133         119        15.063            0.004     15.066         15.065   15.070       15.066    0.023       0.008        11243199003673  339.3634310   15.7537800        3521      7   55382.388377200         481    15.060    21.301     27.726    2.350       2.460           0      131072            0            1    11243199 
   55387.460507200        15.073        0.174        35212070000679  339.3634350   15.7537910   22h37m27.22s   15d45m13.65s      2               0    4.353046e-07         134         133         119        15.063            0.004     15.066         15.065   15.070       15.066    0.023       0.008        11260571004363  339.3633970   15.7537890        3521      7   55387.463097200         486    14.869    21.518     27.496    2.250       2.377           0      131072            0            1    11260571 
   55387.412087200        15.065        0.174        35212070000679  339.3634350   15.7537910   22h37m27.22s   15d45m13.65s      2               0    4.353046e-07         134         133         119        15.063            0.004     15.066         15.065   15.070       15.066    0.023       0.008        11260725004534  339.3634210   15.7538060        3521      7   55387.414667200         486    14.919    21.719     27.551    2.050       2.172           0      131072            0            1    11260725 
   55349.467407200        15.078        0.056        35212070000679  339.3634350   15.7537910   22h37m27.22s   15d45m13.65s      2               0    4.353046e-07         134         133         119        15.063            0.004     15.066         15.065   15.070       15.066    0.023       0.008        11336820002934  339.3634440   15.7538120        3521      7   55349.466757200         449    15.094    20.767     27.744    2.650       2.793           0      131072            0            1    11336820 
   55419.358367200        15.091        0.240        35212070000679  339.3634350   15.7537910   22h37m27.22s   15d45m13.65s      2               0    4.353046e-07         134         133         119        15.063            0.004     15.066         15.065   15.070       15.066    0.023       0.008        11392094003134  339.3634290   15.7537800        3521      7   55419.362947200         518    15.017    20.961     26.794    2.550       2.550           0      131072            0            1    11392094 
   55419.401647200        15.062        0.240        35212070000679  339.3634350   15.7537910   22h37m27.22s   15d45m13.65s      2               0    4.353046e-07         134         133         119        15.063            0.004     15.066         15.065   15.070       15.066    0.023       0.008        11392257002904  339.3634290   15.7537930        3521      7   55419.406227200         518    15.066    20.994     26.826    2.650       2.689           0      131072            0            1    11392257 
   55364.433677200        15.060        0.027        35212070000679  339.3634350   15.7537910   22h37m27.22s   15d45m13.65s      2               0    4.353046e-07         134         133         119        15.063            0.004     15.066         15.065   15.070       15.066    0.023       0.008        11393814003742  339.3634280   15.7538120        3521      7   55364.434347200         463    15.056    21.400     27.717    2.650       2.690           0      131072            0            1    11393814 
   55364.386147200        15.060        0.027        35212070000679  339.3634350   15.7537910   22h37m27.22s   15d45m13.65s      2               0    4.353046e-07         134         133         119        15.063            0.004     15.066         15.065   15.070       15.066    0.023       0.008        11393816003643  339.3634320   15.7538100        3521      7   55364.386807200         463    15.052    21.266     27.688    2.750       2.767           0      131072            0            1    11393816 
   55369.460177200        15.061        0.025        35212070000679  339.3634350   15.7537910   22h37m27.22s   15d45m13.65s      2               0    4.353046e-07         134         133         119        15.063            0.004     15.066         15.065   15.070       15.066    0.023       0.008        11410435004122  339.3634130   15.7537900        3521      7   55369.461277200         468    15.058    21.695     27.747    2.150       2.300           0      131072            0            1    11410435 
   55372.400097200        15.055        0.024        35212070000679  339.3634350   15.7537910   22h37m27.22s   15d45m13.65s      2               0    4.353046e-07         134         133         119        15.063            0.004     15.066         15.065   15.070       15.066    0.023       0.008        11412759002998  339.3634240   15.7537750        3521      7   55372.401447200         471    15.051    20.816     27.752    2.350       2.407           0      131072            0            1    11412759 
   55372.356507200        15.063        0.024        35212070000679  339.3634350   15.7537910   22h37m27.22s   15d45m13.65s      2               0    4.353046e-07         134         133         119        15.063            0.004     15.066         15.065   15.070       15.066    0.023       0.008        11412822002573  339.3634270   15.7538180        3521      7   55372.357857200         471    15.061    20.479     27.719    2.750       2.916           0      131072            0            1    11412822 
   55371.453437200        15.063        0.023        35212070000679  339.3634350   15.7537910   22h37m27.22s   15d45m13.65s      2               0    4.353046e-07         134         133         119        15.063            0.004     15.066         15.065   15.070       15.066    0.023       0.008        11414929003981  339.3634240   15.7538050        3521      7   55371.454717200         470    15.063    21.454     27.771    2.250       2.293           0      131072            0            1    11414929 
   55377.357017200        15.052        0.026        35212070000679  339.3634350   15.7537910   22h37m27.22s   15d45m13.65s      2               0    4.353046e-07         134         133         119        15.063            0.004     15.066         15.065   15.070       15.066    0.023       0.008        11431649002640  339.3634340   15.7538110        3521      7   55377.358787200         476    15.050    20.549     27.696    2.550       2.704           0      131072            0            1    11431649 
   55377.401227200        15.063        0.026        35212070000679  339.3634350   15.7537910   22h37m27.22s   15d45m13.65s      2               0    4.353046e-07         134         133         119        15.063            0.004     15.066         15.065   15.070       15.066    0.023       0.008        11431681002680  339.3634120   15.7537990        3521      7   55377.403007200         476    15.065    20.585     27.718    2.650       2.741           0      131072            0            1    11431681 
   55137.187677200        15.062        0.026        35212070000679  339.3634350   15.7537910   22h37m27.22s   15d45m13.65s      2               0    4.353046e-07         134         133         119        15.063            0.004     15.066         15.065   15.070       15.066    0.023       0.008        11785152002520  339.3633960   15.7537430        3521      7   55137.191017200         244    15.045    20.478     27.781    2.350       2.532           0      131072            0            1    11785152 
   55138.179157200        15.053        0.039        35212070000679  339.3634350   15.7537910   22h37m27.22s   15d45m13.65s      2               0    4.353046e-07         134         133         119        15.063            0.004     15.066         15.065   15.070       15.066    0.023       0.008        11789259002568  339.3634170   15.7537890        3521      7   55138.182427200         245    15.044    20.417     27.782    2.650       2.859           0      131072            0            1    11789259 
   55142.163267200        15.055        0.027        35212070000679  339.3634350   15.7537910   22h37m27.22s   15d45m13.65s      2               0    4.353046e-07         134         133         119        15.063            0.004     15.066         15.065   15.070       15.066    0.023       0.008        11793438003776  339.3634110   15.7538030        3521      7   55142.166237200         282    15.052    21.427     27.768    2.250       2.428           0      131072            0            1    11793438 
   55142.118957200        15.066        0.027        35212070000679  339.3634350   15.7537910   22h37m27.22s   15d45m13.65s      2               0    4.353046e-07         134         133         119        15.063            0.004     15.066         15.065   15.070       15.066    0.023       0.008        11793541003661  339.3633940   15.7538040        3521      7   55142.121927200         282    15.059    21.279     27.761    2.450       2.491           0      131072            0            1    11793541 
   55123.223387200        15.063        0.027        35212070000679  339.3634350   15.7537910   22h37m27.22s   15d45m13.65s      2               0    4.353046e-07         134         133         119        15.063            0.004     15.066         15.065   15.070       15.066    0.023       0.008        11812549004324  339.3633910   15.7537920        3521      7   55123.227627200         232    15.064    21.571     27.784    2.150       2.329           0      131072            0            1    11812549 
   55045.207707200        15.061        0.022        35212070000679  339.3634350   15.7537910   22h37m27.22s   15d45m13.65s      2               0    4.353046e-07         134         133         119        15.063            0.004     15.066         15.065   15.070       15.066    0.023       0.008        11857198002692  339.3634270   15.7538030        3521      7   55045.211847200         159    15.063    20.022     27.269    3.350       3.451           0      131072            0            1    11857198 
   55045.289337200        15.066        0.022        35212070000679  339.3634350   15.7537910   22h37m27.22s   15d45m13.65s      2               0    4.353046e-07         134         133         119        15.063            0.004     15.066         15.065   15.070       15.066    0.023       0.008        11857206003618  339.3634170   15.7538140        3521      7   55045.293477200         159    15.074    20.863     27.375    2.250       2.366           0      131072            0            1    11857206 
   55049.426157200        15.046        0.026        35212070000679  339.3634350   15.7537910   22h37m27.22s   15d45m13.65s      2               0    4.353046e-07         134         133         119        15.063            0.004     15.066         15.065   15.070       15.066    0.023       0.008        11864331002566  339.3633990   15.7538390        3521      7   55049.430517200         163    15.058    20.091     27.387    2.250       2.274           0    16908288            0            1    11864331 
   55054.221717200        15.060        0.054        35212070000679  339.3634350   15.7537910   22h37m27.22s   15d45m13.65s      2               0    4.353046e-07         134         133         119        15.063            0.004     15.066         15.065   15.070       15.066    0.023       0.008        11870459002221  339.3634240   15.7537890        3521      7   55054.226297200         168    15.071    19.796     27.230    3.650       3.711           0      131072            0            1    11870459 
   55066.328927200        15.053        0.031        35212070000679  339.3634350   15.7537910   22h37m27.22s   15d45m13.65s      2               0    4.353046e-07         134         133         119        15.063            0.004     15.066         15.065   15.070       15.066    0.023       0.008        11884267004686  339.3633810   15.7537710        3521      7   55066.333957200         180    15.063    21.527     27.312    1.850       2.033           0      131072            0            1    11884267 
   55066.284507200        15.065        0.032        35212070000679  339.3634350   15.7537910   22h37m27.22s   15d45m13.65s      2               0    4.353046e-07         134         133         119        15.063            0.004     15.066         15.065   15.070       15.066    0.023       0.008        11884284004558  339.3634010   15.7537630        3521      7   55066.289537200         180    15.100    21.541     27.293    1.750       1.916           0      131072            0            1    11884284 
   55061.271507200        15.064        0.028        35212070000679  339.3634350   15.7537910   22h37m27.22s   15d45m13.65s      2               0    4.353046e-07         134         133         119        15.063            0.004     15.066         15.065   15.070       15.066    0.023       0.008        11893899004724  339.3634240   15.7537980        3521      7   55061.276377200         175    15.074    21.415     27.383    2.150       2.301           0      131072            0            1    11893899 
   55061.369177200        15.061        0.028        35212070000679  339.3634350   15.7537910   22h37m27.22s   15d45m13.65s      2               0    4.353046e-07         134         133         119        15.063            0.004     15.066         15.065   15.070       15.066    0.023       0.008        11893923004559  339.3634120   15.7537460        3521      7   55061.374047200         175    15.076    21.555     27.387    2.150       2.344           0      131072            0            1    11893923 
   55056.350197200        15.060        0.026        35212070000679  339.3634350   15.7537910   22h37m27.22s   15d45m13.65s      2               0    4.353046e-07         134         133         119        15.063            0.004     15.066         15.065   15.070       15.066    0.023       0.008        11900576004015  339.3634650   15.7538180        3521      7   55056.354877200         170    15.077    20.979     27.385    2.450       2.494           0      131072            0            1    11900576 
   55056.268047200        15.065        0.026        35212070000679  339.3634350   15.7537910   22h37m27.22s   15d45m13.65s      2               0    4.353046e-07         134         133         119        15.063            0.004     15.066         15.065   15.070       15.066    0.023       0.008        11900587004085  339.3634220   15.7537930        3521      7   55056.272717200         170    15.080    21.122     27.362    2.250       2.506           0      131072            0            1    11900587 
   55019.451217200        15.048        0.036        35212070000679  339.3634350   15.7537910   22h37m27.22s   15d45m13.65s      2               0    4.353046e-07         134         133         119        15.063            0.004     15.066         15.065   15.070       15.066    0.023       0.008        11911019002407  339.3634160   15.7537810        3521      7   55019.453587200         133    15.015    20.125     27.279    2.550       2.595           0      131072            0            1    11911019 
   55019.390137200        15.053        0.036        35212070000679  339.3634350   15.7537910   22h37m27.22s   15d45m13.65s      2               0    4.353046e-07         134         133         119        15.063            0.004     15.066         15.065   15.070       15.066    0.023       0.008        11911065002332  339.3634300   15.7537810        3521      7   55019.392507200         133    15.024    20.046     27.269    2.550       2.652           0      131072            0            1    11911065 
   55087.280887200        15.071        0.025        35212070000679  339.3634350   15.7537910   22h37m27.22s   15d45m13.65s      2               0    4.353046e-07         134         133         119        15.063            0.004     15.066         15.065   15.070       15.066    0.023       0.008        11918009005028  339.3634260   15.7538000        3521      7   55087.286197200         199    15.081    21.601     27.393    2.050       2.166           0      131072            0            1    11918009 
   55087.325037200        15.070        0.025        35212070000679  339.3634350   15.7537910   22h37m27.22s   15d45m13.65s      2               0    4.353046e-07         134         133         119        15.063            0.004     15.066         15.065   15.070       15.066    0.023       0.008        11918023004788  339.3634340   15.7537970        3521      7   55087.330337200         199    15.082    21.491     27.391    2.250       2.296           0      131072            0            1    11918023 
   55032.282817200        15.152        0.044        35212070000679  339.3634350   15.7537910   22h37m27.22s   15d45m13.65s      2               0    4.353046e-07         134         133         119        15.063            0.004     15.066         15.065   15.070       15.066    0.023       0.008        11955859001781  339.3634450   15.7537990        3521      7   55032.286137200         146    16.784    20.891     27.221    2.450       2.506           0      131072            0            1    11955859 
   55031.383737200        15.067        0.026        35212070000679  339.3634350   15.7537910   22h37m27.22s   15d45m13.65s      2               0    4.353046e-07         134         133         119        15.063            0.004     15.066         15.065   15.070       15.066    0.023       0.008        11957320004733  339.3634340   15.7537880        3521      7   55031.387007200         145    15.069    21.602     27.324    2.050       2.260           0      131072            0            1    11957320 
   55039.420947200        15.060        0.029        35212070000679  339.3634350   15.7537910   22h37m27.22s   15d45m13.65s      2               0    4.353046e-07         134         133         119        15.063            0.004     15.066         15.065   15.070       15.066    0.023       0.008        11984171004664  339.3634000   15.7537830        3521      7   55039.424747200         153    15.046    21.463     27.301    2.250       2.358           0      131072            0            1    11984171 
   55039.376907200        15.069        0.029        35212070000679  339.3634350   15.7537910   22h37m27.22s   15d45m13.65s      2               0    4.353046e-07         134         133         119        15.063            0.004     15.066         15.065   15.070       15.066    0.023       0.008        11984267004527  339.3634410   15.7537700        3521      7   55039.380697200         153    15.053    21.472     27.281    2.150       2.273           0      131072            0            1    11984267 
   55498.219327200        15.055        0.206        35212070000679  339.3634350   15.7537910   22h37m27.22s   15d45m13.65s      2               0    4.353046e-07         134         133         119        15.063            0.004     15.066         15.065   15.070       15.066    0.023       0.008        12783342002956  339.3634280   15.7537760        3521      7   55498.222967200         593    15.303    21.119     27.663    2.150       2.370           0      131072            0            1    12783342 
   55498.274697200        15.068        0.205        35212070000679  339.3634350   15.7537910   22h37m27.22s   15d45m13.65s      2               0    4.353046e-07         134         133         119        15.063            0.004     15.066         15.065   15.070       15.066    0.023       0.008        12783597003630  339.3634300   15.7537950        3521      7   55498.278327200         593    14.980    21.198     27.631    2.050       2.220           0      131072            0            1    12783597 
   55458.418447200        15.068        0.027        35212070000679  339.3634350   15.7537910   22h37m27.22s   15d45m13.65s      2               0    4.353046e-07         134         133         119        15.063            0.004     15.066         15.065   15.070       15.066    0.023       0.008        12795269003086  339.3634280   15.7537710        3521      7   55458.423707200         553    15.067    20.934     27.718    2.350       2.454           0      131072            0            1    12795269 
   55458.351667200        15.074        0.027        35212070000679  339.3634350   15.7537910   22h37m27.22s   15d45m13.65s      2               0    4.353046e-07         134         133         119        15.063            0.004     15.066         15.065   15.070       15.066    0.023       0.008        12795425002910  339.3634330   15.7537760        3521      7   55458.356927200         553    15.078    20.835     27.742    2.250       2.295           0      131072            0            1    12795425 
   55480.170497200        15.070        0.024        35212070000679  339.3634350   15.7537910   22h37m27.22s   15d45m13.65s      2               0    4.353046e-07         134         133         119        15.063            0.004     15.066         15.065   15.070       15.066    0.023       0.008        12807705003845  339.3634250   15.7537770        3521      7   55480.175147200         574    15.071    21.397     27.710    2.250       2.358           0      131072            0            1    12807705 
   55480.128187200        15.064        0.024        35212070000679  339.3634350   15.7537910   22h37m27.22s   15d45m13.65s      2               0    4.353046e-07         134         133         119        15.063            0.004     15.066         15.065   15.070       15.066    0.023       0.008        12807720003746  339.3634280   15.7537780        3521      7   55480.132837200         574    15.073    21.381     27.689    2.250       2.443           0      131072            0            1    12807720 
   56202.157977200        15.069        0.027        35212070000679  339.3634350   15.7537910   22h37m27.22s   15d45m13.65s      2               0    4.353046e-07         134         133         119        15.063            0.004     15.066         15.065   15.070       15.066    0.023       0.008        14273305002699  339.3634290   15.7537950        3521      7   56202.162947200        1299    15.095    20.654     27.761    2.150       2.325           0      131072            0            1    14273305 
   56202.128807200        15.062        0.027        35212070000679  339.3634350   15.7537910   22h37m27.22s   15d45m13.65s      2               0    4.353046e-07         134         133         119        15.063            0.004     15.066         15.065   15.070       15.066    0.023       0.008        14273308002649  339.3634240   15.7537990        3521      7   56202.133787200        1299    15.082    20.530     27.746    2.450       2.523           0      131072            0            1    14273308 
   56202.187427200        15.063        0.027        35212070000679  339.3634350   15.7537910   22h37m27.22s   15d45m13.65s      2               0    4.353046e-07         134         133         119        15.063            0.004     15.066         15.065   15.070       15.066    0.023       0.008        14273341002764  339.3634280   15.7537940        3521      7   56202.192407200        1299    15.077    20.579     27.771    2.450       2.528           0      131072            0            1    14273341 
   56204.112797200        15.096        0.409        35212070000679  339.3634350   15.7537910   22h37m27.22s   15d45m13.65s      2               0    4.353046e-07         134         133         119        15.063            0.004     15.066         15.065   15.070       15.066    0.023       0.008        14316241001975  339.3634340   15.7537910        3521      7   56204.117707200        1301    15.716    20.467     27.505    2.850       3.065           0      131072            0            1    14316241 
   56204.143157200        15.104        0.409        35212070000679  339.3634350   15.7537910   22h37m27.22s   15d45m13.65s      2               0    4.353046e-07         134         133         119        15.063            0.004     15.066         15.065   15.070       15.066    0.023       0.008        14316264002570  339.3634280   15.7537970        3521      7   56204.148067200        1301    15.400    20.749     27.488    2.450       2.493           0      131072            0            1    14316264 
   56204.173637200        15.089        0.409        35212070000679  339.3634350   15.7537910   22h37m27.22s   15d45m13.65s      2               0    4.353046e-07         134         133         119        15.063            0.004     15.066         15.065   15.070       15.066    0.023       0.008        14316289003389  339.3634240   15.7537950        3521      7   56204.178537200        1301    14.752    20.682     27.423    2.550       2.634           0      131072            0            1    14316289 
   56206.113627200        15.065        0.106        35212070000679  339.3634350   15.7537910   22h37m27.22s   15d45m13.65s      2               0    4.353046e-07         134         133         119        15.063            0.004     15.066         15.065   15.070       15.066    0.023       0.008        14342012003728  339.3634280   15.7537920        3521      7   56206.118457200        1303    15.074    21.228     27.763    2.650       2.820           0      131072            0            1    14342012 
   56206.149307200        15.062        0.106        35212070000679  339.3634350   15.7537910   22h37m27.22s   15d45m13.65s      2               0    4.353046e-07         134         133         119        15.063            0.004     15.066         15.065   15.070       15.066    0.023       0.008        14342033004007  339.3634340   15.7538000        3521      7   56206.154137200        1303    15.085    21.540     27.782    2.250       2.403           0      131072            0            1    14342033 
   56206.179597200        15.065        0.106        35212070000679  339.3634350   15.7537910   22h37m27.22s   15d45m13.65s      2               0    4.353046e-07         134         133         119        15.063            0.004     15.066         15.065   15.070       15.066    0.023       0.008        14342063004158  339.3634360   15.7537980        3521      7   56206.184427200        1303    15.077    21.618     27.779    2.150       2.237           0      131072            0            1    14342063 
   56228.184547200        15.063        0.025        35212070000679  339.3634350   15.7537910   22h37m27.22s   15d45m13.65s      2               0    4.353046e-07         134         133         119        15.063            0.004     15.066         15.065   15.070       15.066    0.023       0.008        14452636002838  339.3634390   15.7537910        3521      7   56228.188217200        1315    15.057    20.643     27.790    2.250       2.398           0      131072            0            1    14452636 
   56228.215327200        15.056        0.026        35212070000679  339.3634350   15.7537910   22h37m27.22s   15d45m13.65s      2               0    4.353046e-07         134         133         119        15.063            0.004     15.066         15.065   15.070       15.066    0.023       0.008        14452652002575  339.3634280   15.7538000        3521      7   56228.218997200        1315    15.069    20.503     27.784    2.450       2.547           0      131072            0            1    14452652 
   56230.249197200        15.071        0.022        35212070000679  339.3634350   15.7537910   22h37m27.22s   15d45m13.65s      2               0    4.353046e-07         134         133         119        15.063            0.004     15.066         15.065   15.070       15.066    0.023       0.008        14489896002527  339.3634340   15.7537960        3521      7   56230.252737200        1317    15.075    20.502     27.767    2.150       2.214           0      131072            0            1    14489896 
   56234.212917200        15.065        0.047        35212070000679  339.3634350   15.7537910   22h37m27.22s   15d45m13.65s      2               0    4.353046e-07         134         133         119        15.063            0.004     15.066         15.065   15.070       15.066    0.023       0.008        14499588003255  339.3634280   15.7537860        3521      7   56234.216167200        1321    15.052    21.030     27.745    2.450       2.621           0      131072            0            1    14499588 
   56234.244177200        15.064        0.048        35212070000679  339.3634350   15.7537910   22h37m27.22s   15d45m13.65s      2               0    4.353046e-07         134         133         119        15.063            0.004     15.066         15.065   15.070       15.066    0.023       0.008        14499603003148  339.3634230   15.7537840        3521      7   56234.247427200        1321    15.043    20.865     27.729    2.650       2.758           0      131072            0            1    14499603 
   56236.145687200        15.061        0.026        35212070000679  339.3634350   15.7537910   22h37m27.22s   15d45m13.65s      2               0    4.353046e-07         134         133         119        15.063            0.004     15.066         15.065   15.070       15.066    0.023       0.008        14531741003747  339.3634300   15.7537920        3521      7   56236.148787200        1323    15.068    21.331     27.770    2.550       2.689           0      131072            0            1    14531741 
   56238.121187200        15.054        0.023        35212070000679  339.3634350   15.7537910   22h37m27.22s   15d45m13.65s      2               0    4.353046e-07         134         133         119        15.063            0.004     15.066         15.065   15.070       15.066    0.023       0.008        14573601003930  339.3634390   15.7537980        3521      7   56238.124147200        1325    15.062    21.459     27.765    2.150       2.274           0      131072            0            1    14573601 
   56238.091697200        15.065        0.023        35212070000679  339.3634350   15.7537910   22h37m27.22s   15d45m13.65s      2               0    4.353046e-07         134         133         119        15.063            0.004     15.066         15.065   15.070       15.066    0.023       0.008        14573623003845  339.3634400   15.7537920        3521      7   56238.094657200        1325    15.070    21.357     27.761    2.250       2.332           0      131072            0            1    14573623 
   56232.228407200        15.061        0.072        35212070000679  339.3634350   15.7537910   22h37m27.22s   15d45m13.65s      2               0    4.353046e-07         134         133         119        15.063            0.004     15.066         15.065   15.070       15.066    0.023       0.008        14647927003178  339.3634400   15.7537920        3521      7   56232.231797200        1319    15.013    20.950     27.718    2.150       2.318           0      131072            0            1    14647927 
   56251.084597200        15.060        0.025        35212070000679  339.3634350   15.7537910   22h37m27.22s   15d45m13.65s      2               0    4.353046e-07         134         133         119        15.063            0.004     15.066         15.065   15.070       15.066    0.023       0.008        14657670003557  339.3634400   15.7537950        3521      7   56251.086477200        1338    15.065    21.194     27.767    2.150       2.269           0      131072            0            1    14657670 
   56251.114167200        15.067        0.025        35212070000679  339.3634350   15.7537910   22h37m27.22s   15d45m13.65s      2               0    4.353046e-07         134         133         119        15.063            0.004     15.066         15.065   15.070       15.066    0.023       0.008        14657690003357  339.3634320   15.7537920        3521      7   56251.116047200        1338    15.071    20.867     27.769    2.950       3.174           0      131072            0            1    14657690 
   56255.081677200        15.066        0.024        35212070000679  339.3634350   15.7537910   22h37m27.22s   15d45m13.65s      2               0    4.353046e-07         134         133         119        15.063            0.004     15.066         15.065   15.070       15.066    0.023       0.008        14698345002879  339.3634330   15.7537910        3521      7   56255.083207200        1342    15.062    20.593     27.778    2.650       2.949           0      131072            0            1    14698345 
   56255.112127200        15.049        0.024        35212070000679  339.3634350   15.7537910   22h37m27.22s   15d45m13.65s      2               0    4.353046e-07         134         133         119        15.063            0.004     15.066         15.065   15.070       15.066    0.023       0.008        14698373002628  339.3634320   15.7537900        3521      7   56255.113657200        1342    15.062    20.397     27.781    3.350       3.402           0      131072            0            1    14698373 
   56267.144527200        15.068        0.257        35212070000679  339.3634350   15.7537910   22h37m27.22s   15d45m13.65s      2               0    4.353046e-07         134         133         119        15.063            0.004     15.066         15.065   15.070       15.066    0.023       0.008        14758256003280  339.3634260   15.7537960        3521      7   56267.144947200        1354    15.075    20.991     27.611    2.450       2.545           0      131072            0            1    14758256 
   56267.186597200        15.066        0.257        35212070000679  339.3634350   15.7537910   22h37m27.22s   15d45m13.65s      2               0    4.353046e-07         134         133         119        15.063            0.004     15.066         15.065   15.070       15.066    0.023       0.008        14758279003087  339.3634310   15.7537900        3521      7   56267.187007200        1354    15.053    20.938     27.512    2.150       2.338           0      131072            0            1    14758279 
   56265.173377200        15.064        0.232        35212070000679  339.3634350   15.7537910   22h37m27.22s   15d45m13.65s      2               0    4.353046e-07         134         133         119        15.063            0.004     15.066         15.065   15.070       15.066    0.023       0.008        14766650002819  339.3634290   15.7537910        3521      7   56265.173987200        1352    15.272    20.959     27.516    2.350       2.492           0      131072            0            1    14766650 
   56265.143887200        15.069        0.232        35212070000679  339.3634350   15.7537910   22h37m27.22s   15d45m13.65s      2               0    4.353046e-07         134         133         119        15.063            0.004     15.066         15.065   15.070       15.066    0.023       0.008        14766660003808  339.3634320   15.7537940        3521      7   56265.144497200        1352    15.053    21.438     27.713    2.350       2.494           0      131072            0            1    14766660 
   56271.223777200        15.070        0.039        35212070000679  339.3634350   15.7537910   22h37m27.22s   15d45m13.65s      2               0    4.353046e-07         134         133         119        15.063            0.004     15.066         15.065   15.070       15.066    0.023       0.008        14804571002590  339.3634550   15.7538070        3521      7   56271.223807200        1358    15.054    20.516     27.623    3.650       3.816           0      131072            0            1    14804571 
   56257.088927200        15.063        0.025        35212070000679  339.3634350   15.7537910   22h37m27.22s   15d45m13.65s      2               0    4.353046e-07         134         133         119        15.063            0.004     15.066         15.065   15.070       15.066    0.023       0.008        15702062002737  339.3634300   15.7537880        3521      7   56257.090267200        1344    15.069    20.531     27.777    2.850       2.915           0      131072            0            1    15702062 
   56257.119777200        15.066        0.025        35212070000679  339.3634350   15.7537910   22h37m27.22s   15d45m13.65s      2               0    4.353046e-07         134         133         119        15.063            0.004     15.066         15.065   15.070       15.066    0.023       0.008        15702081002974  339.3634460   15.7537920        3521      7   56257.121127200        1344    15.072    20.742     27.781    2.350       2.491           0      131072            0            1    15702081 
   56911.286797200        15.068        0.030        35212070000679  339.3634350   15.7537910   22h37m27.22s   15d45m13.65s      2               0    4.353046e-07         134         133         119        15.063            0.004     15.066         15.065   15.070       15.066    0.023       0.008        21287328002609  339.3634260   15.7537940        3521      7   56911.292097200        1975    15.053    20.515     27.708    2.350       2.482           0      131072            0            1    21287328 
