   55783.493537200        15.482        0.031        35212010009142  339.5933230   17.8674530   22h38m22.40s   17d52m02.83s      2               0    4.918212e-07         134         134         121        15.479            0.004     15.478         15.479   15.478       15.479    0.016       0.008        10358266000678  339.5933050   17.8674480        3521      1   55783.498077200         881    15.480    21.462     27.714    2.350       2.546           0      131072            0            1    10358266 
   55783.450517200        15.479        0.031        35212010009142  339.5933230   17.8674530   22h38m22.40s   17d52m02.83s      2               0    4.918212e-07         134         134         121        15.479            0.004     15.478         15.479   15.478       15.479    0.016       0.008        10358322000745  339.5933030   17.8674530        3521      1   55783.455047200         881    15.471    21.660     27.728    2.250       2.447           0      131072            0            1    10358322 
   55794.417557200        15.463        0.115        35212010009142  339.5933230   17.8674530   22h38m22.40s   17d52m02.83s      2               0    4.918212e-07         134         134         121        15.479            0.004     15.478         15.479   15.478       15.479    0.016       0.008        10380774000408  339.5932560   17.8674590        3521      1   55794.422517200         892    15.953    20.913     27.584    1.950       2.442           0      131072            0            1    10380774 
   55794.374747200        15.598        0.118        35212010009142  339.5933230   17.8674530   22h38m22.40s   17d52m02.83s      2               0    4.918212e-07         134         134         121        15.479            0.004     15.478         15.479   15.478       15.479    0.016       0.008        10380859000195  339.5932810   17.8674480        3521      1   55794.379707200         892    17.453    20.633     27.623    1.950       2.405           0      131072            0            1    10380859 
   55821.364667200        15.493        0.029        35212010009142  339.5933230   17.8674530   22h38m22.40s   17d52m02.83s      2               0    4.918212e-07         134         134         121        15.479            0.004     15.478         15.479   15.478       15.479    0.016       0.008        10511298000508  339.5933360   17.8674610        3521      1   55821.369947200         919    15.503    20.981     27.699    1.950       2.274           0      131072            0            1    10511298 
   55821.319317200        15.465        0.029        35212010009142  339.5933230   17.8674530   22h38m22.40s   17d52m02.83s      2               0    4.918212e-07         134         134         121        15.479            0.004     15.478         15.479   15.478       15.479    0.016       0.008        10511326000512  339.5933330   17.8674580        3521      1   55821.324607200         919    15.470    20.962     27.709    2.150       2.535           0      131072            0            1    10511326 
   55471.200687200        15.498        0.117        35212010009142  339.5933230   17.8674530   22h38m22.40s   17d52m02.83s      2               0    4.918212e-07         134         134         121        15.479            0.004     15.478         15.479   15.478       15.479    0.016       0.008        10799056000728  339.5932930   17.8674560        3521      1   55471.205667200         562    15.558    21.646     27.893    2.150       2.413           0      131072            0            1    10799056 
   55471.244407200        15.493        0.117        35212010009142  339.5933230   17.8674530   22h38m22.40s   17d52m02.83s      2               0    4.918212e-07         134         134         121        15.479            0.004     15.478         15.479   15.478       15.479    0.016       0.008        10799148000733  339.5932990   17.8674510        3521      1   55471.249397200         562    15.480    21.684     27.821    1.950       2.280           0      131072            0            1    10799148 
   55483.166527200        15.480        0.028        35212010009142  339.5933230   17.8674530   22h38m22.40s   17d52m02.83s      2               0    4.918212e-07         134         134         121        15.479            0.004     15.478         15.479   15.478       15.479    0.016       0.008        10856278000704  339.5932960   17.8674530        3521      1   55483.171037200         577    15.479    21.472     27.804    2.050       2.245           0      131072            0            1    10856278 
   55483.122857200        15.479        0.028        35212010009142  339.5933230   17.8674530   22h38m22.40s   17d52m02.83s      2               0    4.918212e-07         134         134         121        15.479            0.004     15.478         15.479   15.478       15.479    0.016       0.008        10856333000704  339.5933100   17.8674410        3521      1   55483.127367200         577    15.470    21.361     27.786    2.150       2.389           0      131072            0            1    10856333 
   55443.230767200        15.483        0.029        35212010009142  339.5933230   17.8674530   22h38m22.40s   17d52m02.83s      2               0    4.918212e-07         134         134         121        15.479            0.004     15.478         15.479   15.478       15.479    0.016       0.008        10906546000773  339.5933090   17.8674550        3521      1   55443.236027200         538    15.481    21.593     27.815    2.150       2.376           0      131072            0            1    10906546 
   55443.185917200        15.479        0.029        35212010009142  339.5933230   17.8674530   22h38m22.40s   17d52m02.83s      2               0    4.918212e-07         134         134         121        15.479            0.004     15.478         15.479   15.478       15.479    0.016       0.008        10906554000663  339.5933100   17.8674580        3521      1   55443.191177200         538    15.477    21.292     27.785    2.450       2.677           0      131072            0            1    10906554 
   55446.312747200        15.467        0.038        35212010009142  339.5933230   17.8674530   22h38m22.40s   17d52m02.83s      2               0    4.918212e-07         134         134         121        15.479            0.004     15.478         15.479   15.478       15.479    0.016       0.008        10912220000766  339.5932950   17.8674300        3521      1   55446.318037200         541    15.459    21.874     27.812    1.850       2.095           0      131072            0            1    10912220 
   55446.269397200        15.478        0.038        35212010009142  339.5933230   17.8674530   22h38m22.40s   17d52m02.83s      2               0    4.918212e-07         134         134         121        15.479            0.004     15.478         15.479   15.478       15.479    0.016       0.008        10912266000796  339.5933080   17.8674530        3521      1   55446.274687200         541    15.466    21.793     27.811    1.950       2.251           0      131072            0            1    10912266 
   55452.163847200        15.480        0.026        35212010009142  339.5933230   17.8674530   22h38m22.40s   17d52m02.83s      2               0    4.918212e-07         134         134         121        15.479            0.004     15.478         15.479   15.478       15.479    0.016       0.008        10932338000693  339.5932990   17.8674450        3521      1   55452.169147200         547    15.477    21.398     27.803    2.050       2.312           0      131072            0            1    10932338 
   55452.206587200        15.492        0.026        35212010009142  339.5933230   17.8674530   22h38m22.40s   17d52m02.83s      2               0    4.918212e-07         134         134         121        15.479            0.004     15.478         15.479   15.478       15.479    0.016       0.008        10932452000748  339.5933000   17.8674470        3521      1   55452.211887200         547    15.494    21.478     27.819    2.250       2.432           0      131072            0            1    10932452 
   55467.310857200        15.479        0.070        35212010009142  339.5933230   17.8674530   22h38m22.40s   17d52m02.83s      2               0    4.918212e-07         134         134         121        15.479            0.004     15.478         15.479   15.478       15.479    0.016       0.008        11077173000609  339.5933020   17.8674460        3521      1   55467.315957200         560    15.490    21.126     27.806    2.150       2.395           0      131072            0            1    11077173 
   55468.221587200        15.451        0.250        35212010009142  339.5933230   17.8674530   22h38m22.40s   17d52m02.83s      2               0    4.918212e-07         134         134         121        15.479            0.004     15.478         15.479   15.478       15.479    0.016       0.008        11078099000744  339.5932970   17.8674450        3521      1   55468.226657200         558    15.472    21.447     27.791    2.250       2.459           0      131072            0            1    11078099 
   55416.200397200        15.442        0.185        35212010009142  339.5933230   17.8674530   22h38m22.40s   17d52m02.83s      2               0    4.918212e-07         134         134         121        15.479            0.004     15.478         15.479   15.478       15.479    0.016       0.008        11122123000463  339.5932960   17.8674650        3521      1   55416.204827200         515    15.502    20.301     26.638    3.350       3.329           0      131072            0            1    11122123 
   55416.243347200        15.480        0.185        35212010009142  339.5933230   17.8674530   22h38m22.40s   17d52m02.83s      2               0    4.918212e-07         134         134         121        15.479            0.004     15.478         15.479   15.478       15.479    0.016       0.008        11122261000529  339.5933210   17.8674590        3521      1   55416.247777200         515    15.629    20.735     26.861    3.050       3.101           0      131072            0            1    11122261 
   55422.369597200        15.479        0.030        35212010009142  339.5933230   17.8674530   22h38m22.40s   17d52m02.83s      2               0    4.918212e-07         134         134         121        15.479            0.004     15.478         15.479   15.478       15.479    0.016       0.008        11147816000770  339.5932900   17.8674520        3521      1   55422.374307200         521    15.482    21.780     27.808    2.150       2.380           0      131072            0            1    11147816 
   55422.414337200        15.474        0.030        35212010009142  339.5933230   17.8674530   22h38m22.40s   17d52m02.83s      2               0    4.918212e-07         134         134         121        15.479            0.004     15.478         15.479   15.478       15.479    0.016       0.008        11147968000748  339.5932990   17.8674420        3521      1   55422.419057200         521    15.480    21.759     27.807    2.150       2.406           0      131072            0            1    11147968 
   55429.226357200        15.479        0.026        35212010009142  339.5933230   17.8674530   22h38m22.40s   17d52m02.83s      2               0    4.918212e-07         134         134         121        15.479            0.004     15.478         15.479   15.478       15.479    0.016       0.008        11192005000559  339.5933090   17.8674350        3521      1   55429.231317200         528    15.478    20.845     27.787    2.150       2.380           0      131072            0            1    11192005 
   55429.183207200        15.485        0.026        35212010009142  339.5933230   17.8674530   22h38m22.40s   17d52m02.83s      2               0    4.918212e-07         134         134         121        15.479            0.004     15.478         15.479   15.478       15.479    0.016       0.008        11192202000536  339.5933190   17.8674540        3521      1   55429.188167200         528    15.479    20.598     27.738    2.250       2.527           0      131072            0            1    11192202 
   55426.169847200        15.495        0.074        35212010009142  339.5933230   17.8674530   22h38m22.40s   17d52m02.83s      2               0    4.918212e-07         134         134         121        15.479            0.004     15.478         15.479   15.478       15.479    0.016       0.008        11197114000495  339.5933000   17.8674510        3521      1   55426.174707200         525    15.411    20.178     27.513    3.450       3.690           0      131072            0            1    11197114 
   55436.224917200        15.463        0.032        35212010009142  339.5933230   17.8674530   22h38m22.40s   17d52m02.83s      2               0    4.918212e-07         134         134         121        15.479            0.004     15.478         15.479   15.478       15.479    0.016       0.008        11208660000508  339.5933020   17.8674410        3521      1   55436.230067200         609    15.460    20.460     27.758    2.450       2.676           0      131072            0            1    11208660 
   55436.176617200        15.476        0.032        35212010009142  339.5933230   17.8674530   22h38m22.40s   17d52m02.83s      2               0    4.918212e-07         134         134         121        15.479            0.004     15.478         15.479   15.478       15.479    0.016       0.008        11208880000467  339.5933120   17.8674430        3521      1   55436.181767200         609    15.469    20.253     27.716    2.850       3.042           0      131072            0            1    11208880 
   55439.224367200        15.483        0.030        35212010009142  339.5933230   17.8674530   22h38m22.40s   17d52m02.83s      2               0    4.918212e-07         134         134         121        15.479            0.004     15.478         15.479   15.478       15.479    0.016       0.008        11225032000691  339.5932970   17.8674550        3521      1   55439.229567200         534    15.480    21.365     27.752    2.150       2.342           0      131072            0            1    11225032 
   55439.179857200        15.478        0.030        35212010009142  339.5933230   17.8674530   22h38m22.40s   17d52m02.83s      2               0    4.918212e-07         134         134         121        15.479            0.004     15.478         15.479   15.478       15.479    0.016       0.008        11225074000674  339.5933120   17.8674460        3521      1   55439.185067200         534    15.474    21.185     27.712    2.550       2.652           0      131072            0            1    11225074 
   55382.429197200        15.477        0.026        35212010009142  339.5933230   17.8674530   22h38m22.40s   17d52m02.83s      2               0    4.918212e-07         134         134         121        15.479            0.004     15.478         15.479   15.478       15.479    0.016       0.008        11241403000653  339.5932810   17.8674460        3521      1   55382.431397200         481    15.478    21.348     27.841    2.350       2.510           0      131072            0            1    11241403 
   55382.386187200        15.482        0.026        35212010009142  339.5933230   17.8674530   22h38m22.40s   17d52m02.83s      2               0    4.918212e-07         134         134         121        15.479            0.004     15.478         15.479   15.478       15.479    0.016       0.008        11241417000644  339.5933000   17.8674600        3521      1   55382.388377200         481    15.485    21.276     27.828    2.350       2.561           0      131072            0            1    11241417 
   55387.460507200        15.500        0.126        35212010009142  339.5933230   17.8674530   22h38m22.40s   17d52m02.83s      2               0    4.918212e-07         134         134         121        15.479            0.004     15.478         15.479   15.478       15.479    0.016       0.008        11260633000796  339.5932520   17.8674750        3521      1   55387.463097200         486    15.362    21.532     27.647    2.250       2.510           0      131072            0            1    11260633 
   55387.412087200        15.494        0.126        35212010009142  339.5933230   17.8674530   22h38m22.40s   17d52m02.83s      2               0    4.918212e-07         134         134         121        15.479            0.004     15.478         15.479   15.478       15.479    0.016       0.008        11260799000821  339.5932920   17.8674550        3521      1   55387.414667200         486    15.401    21.786     27.687    1.950       2.269           0      131072            0            1    11260799 
   55349.467407200        15.474        0.057        35212010009142  339.5933230   17.8674530   22h38m22.40s   17d52m02.83s      2               0    4.918212e-07         134         134         121        15.479            0.004     15.478         15.479   15.478       15.479    0.016       0.008        11335566000612  339.5933050   17.8674440        3521      1   55349.466757200         449    15.486    20.830     27.832    2.450       2.635           0      131072            0            1    11335566 
   55419.358367200        15.459        0.206        35212010009142  339.5933230   17.8674530   22h38m22.40s   17d52m02.83s      2               0    4.918212e-07         134         134         121        15.479            0.004     15.478         15.479   15.478       15.479    0.016       0.008        11390524000610  339.5933200   17.8674670        3521      1   55419.362947200         518    15.332    20.961     26.829    2.450       2.439           0      131072            0            1    11390524 
   55419.401647200        15.472        0.206        35212010009142  339.5933230   17.8674530   22h38m22.40s   17d52m02.83s      2               0    4.918212e-07         134         134         121        15.479            0.004     15.478         15.479   15.478       15.479    0.016       0.008        11390685000549  339.5933180   17.8674630        3521      1   55419.406227200         518    15.443    20.948     26.843    2.650       2.791           0      131072            0            1    11390685 
   55364.433677200        15.472        0.030        35212010009142  339.5933230   17.8674530   22h38m22.40s   17d52m02.83s      2               0    4.918212e-07         134         134         121        15.479            0.004     15.478         15.479   15.478       15.479    0.016       0.008        11392975000739  339.5933160   17.8674600        3521      1   55364.434347200         463    15.472    21.417     27.801    2.550       2.808           0      131072            0            1    11392975 
   55364.386147200        15.480        0.030        35212010009142  339.5933230   17.8674530   22h38m22.40s   17d52m02.83s      2               0    4.918212e-07         134         134         121        15.479            0.004     15.478         15.479   15.478       15.479    0.016       0.008        11392977000705  339.5933190   17.8674430        3521      1   55364.386807200         463    15.474    21.278     27.767    2.650       2.781           0      131072            0            1    11392977 
   55369.460177200        15.476        0.027        35212010009142  339.5933230   17.8674530   22h38m22.40s   17d52m02.83s      2               0    4.918212e-07         134         134         121        15.479            0.004     15.478         15.479   15.478       15.479    0.016       0.008        11408518000766  339.5932760   17.8674610        3521      1   55369.461277200         468    15.473    21.678     27.840    2.150       2.253           0      131072            0            1    11408518 
   55372.400097200        15.501        0.027        35212010009142  339.5933230   17.8674530   22h38m22.40s   17d52m02.83s      2               0    4.918212e-07         134         134         121        15.479            0.004     15.478         15.479   15.478       15.479    0.016       0.008        11411059000535  339.5933080   17.8674610        3521      1   55372.401447200         471    15.498    20.834     27.833    2.250       2.413           0      131072            0            1    11411059 
   55372.356507200        15.473        0.027        35212010009142  339.5933230   17.8674530   22h38m22.40s   17d52m02.83s      2               0    4.918212e-07         134         134         121        15.479            0.004     15.478         15.479   15.478       15.479    0.016       0.008        11411122000499  339.5933220   17.8674520        3521      1   55372.357857200         471    15.471    20.454     27.802    2.750       2.902           0      131072            0            1    11411122 
   55371.453437200        15.480        0.024        35212010009142  339.5933230   17.8674530   22h38m22.40s   17d52m02.83s      2               0    4.918212e-07         134         134         121        15.479            0.004     15.478         15.479   15.478       15.479    0.016       0.008        11413396000740  339.5932680   17.8674560        3521      1   55371.454717200         470    15.479    21.479     27.856    2.150       2.306           0      131072            0            1    11413396 
   55370.457827200        15.475        0.025        35212010009142  339.5933230   17.8674530   22h38m22.40s   17d52m02.83s      2               0    4.918212e-07         134         134         121        15.479            0.004     15.478         15.479   15.478       15.479    0.016       0.008        11415784000753  339.5933000   17.8674560        3521      1   55370.459017200         469    15.480    21.749     27.868    2.150       2.364           0      131072            0            1    11415784 
   55377.357017200        15.487        0.028        35212010009142  339.5933230   17.8674530   22h38m22.40s   17d52m02.83s      2               0    4.918212e-07         134         134         121        15.479            0.004     15.478         15.479   15.478       15.479    0.016       0.008        11430952000492  339.5933170   17.8674550        3521      1   55377.358787200         476    15.489    20.528     27.772    2.550       2.688           0      131072            0            1    11430952 
   55377.401227200        15.479        0.028        35212010009142  339.5933230   17.8674530   22h38m22.40s   17d52m02.83s      2               0    4.918212e-07         134         134         121        15.479            0.004     15.478         15.479   15.478       15.479    0.016       0.008        11430984000523  339.5933100   17.8674630        3521      1   55377.403007200         476    15.485    20.607     27.796    2.550       2.619           0      131072            0            1    11430984 
   55137.187677200        15.478        0.027        35212010009142  339.5933230   17.8674530   22h38m22.40s   17d52m02.83s      2               0    4.918212e-07         134         134         121        15.479            0.004     15.478         15.479   15.478       15.479    0.016       0.008        11785647000472  339.5932890   17.8674500        3521      1   55137.191017200         244    15.482    20.532     27.907    2.250       2.702           0      131072            0            1    11785647 
   55138.179157200        15.466        0.040        35212010009142  339.5933230   17.8674530   22h38m22.40s   17d52m02.83s      2               0    4.918212e-07         134         134         121        15.479            0.004     15.478         15.479   15.478       15.479    0.016       0.008        11788716000515  339.5932950   17.8674460        3521      1   55138.182427200         245    15.458    20.407     27.885    2.650       2.933           0      131072            0            1    11788716 
   55142.163267200        15.476        0.027        35212010009142  339.5933230   17.8674530   22h38m22.40s   17d52m02.83s      2               0    4.918212e-07         134         134         121        15.479            0.004     15.478         15.479   15.478       15.479    0.016       0.008        11794001000743  339.5933100   17.8674530        3521      1   55142.166237200         282    15.485    21.440     27.902    2.250       2.533           0      131072            0            1    11794001 
   55142.118957200        15.472        0.027        35212010009142  339.5933230   17.8674530   22h38m22.40s   17d52m02.83s      2               0    4.918212e-07         134         134         121        15.479            0.004     15.478         15.479   15.478       15.479    0.016       0.008        11794104000699  339.5933150   17.8674440        3521      1   55142.121927200         282    15.483    21.256     27.899    2.550       2.807           0      131072            0            1    11794104 
   55123.223387200        15.476        0.028        35212010009142  339.5933230   17.8674530   22h38m22.40s   17d52m02.83s      2               0    4.918212e-07         134         134         121        15.479            0.004     15.478         15.479   15.478       15.479    0.016       0.008        11812126000505  339.5932860   17.8674580        3521      1   55123.227627200         232    15.488    21.573     27.918    2.150       2.453           0      131072            0            1    11812126 
   55045.207707200        15.474        0.027        35212010009142  339.5933230   17.8674530   22h38m22.40s   17d52m02.83s      2               0    4.918212e-07         134         134         121        15.479            0.004     15.478         15.479   15.478       15.479    0.016       0.008        11860485000347  339.5933100   17.8674540        3521      1   55045.211847200         159    15.467    20.084     27.383    3.150       3.246           0     2228224            0            1    11860485 
   55045.289337200        15.477        0.027        35212010009142  339.5933230   17.8674530   22h38m22.40s   17d52m02.83s      2               0    4.918212e-07         134         134         121        15.479            0.004     15.478         15.479   15.478       15.479    0.016       0.008        11860493000489  339.5933120   17.8674550        3521      1   55045.293477200         159    15.483    20.903     27.490    2.150       2.229           0      131072            0            1    11860493 
   55049.426157200        15.481        0.028        35212010009142  339.5933230   17.8674530   22h38m22.40s   17d52m02.83s      2               0    4.918212e-07         134         134         121        15.479            0.004     15.478         15.479   15.478       15.479    0.016       0.008        11862929000359  339.5932960   17.8674600        3521      1   55049.430517200         163    15.488    20.099     27.499    2.250       2.332           0      131072            0            1    11862929 
   55054.221717200        15.472        0.056        35212010009142  339.5933230   17.8674530   22h38m22.40s   17d52m02.83s      2               0    4.918212e-07         134         134         121        15.479            0.004     15.478         15.479   15.478       15.479    0.016       0.008        11869567000303  339.5933090   17.8674780        3521      1   55054.226297200         168    15.464    19.814     27.313    3.550       3.609           0      131072            0            1    11869567 
   55066.328927200        15.487        0.032        35212010009142  339.5933230   17.8674530   22h38m22.40s   17d52m02.83s      2               0    4.918212e-07         134         134         121        15.479            0.004     15.478         15.479   15.478       15.479    0.016       0.008        11883377000692  339.5932760   17.8674710        3521      1   55066.333957200         180    15.492    21.585     27.380    1.750       2.022           0      131072            0            1    11883377 
   55066.284507200        15.474        0.032        35212010009142  339.5933230   17.8674530   22h38m22.40s   17d52m02.83s      2               0    4.918212e-07         134         134         121        15.479            0.004     15.478         15.479   15.478       15.479    0.016       0.008        11883394000655  339.5932960   17.8674680        3521      1   55066.289537200         180    15.501    21.538     27.361    1.750       2.070           0      131072            0            1    11883394 
   55061.271507200        15.476        0.028        35212010009142  339.5933230   17.8674530   22h38m22.40s   17d52m02.83s      2               0    4.918212e-07         134         134         121        15.479            0.004     15.478         15.479   15.478       15.479    0.016       0.008        11892875000676  339.5932950   17.8674570        3521      1   55061.276377200         175    15.489    21.421     27.473    2.150       2.205           0      131072            0            1    11892875 
   55061.369177200        15.477        0.028        35212010009142  339.5933230   17.8674530   22h38m22.40s   17d52m02.83s      2               0    4.918212e-07         134         134         121        15.479            0.004     15.478         15.479   15.478       15.479    0.016       0.008        11892899000699  339.5932750   17.8674700        3521      1   55061.374047200         175    15.492    21.563     27.479    2.150       2.470           0      131072            0            1    11892899 
   55056.350197200        15.472        0.027        35212010009142  339.5933230   17.8674530   22h38m22.40s   17d52m02.83s      2               0    4.918212e-07         134         134         121        15.479            0.004     15.478         15.479   15.478       15.479    0.016       0.008        11898883000548  339.5933070   17.8674560        3521      1   55056.354877200         170    15.481    21.064     27.474    2.250       2.417           0     2228224            0            1    11898883 
   55056.268047200        15.476        0.027        35212010009142  339.5933230   17.8674530   22h38m22.40s   17d52m02.83s      2               0    4.918212e-07         134         134         121        15.479            0.004     15.478         15.479   15.478       15.479    0.016       0.008        11898894000545  339.5933000   17.8674420        3521      1   55056.272717200         170    15.483    21.070     27.450    2.350       2.422           0      131072            0            1    11898894 
   55019.451217200        15.474        0.034        35212010009142  339.5933230   17.8674530   22h38m22.40s   17d52m02.83s      2               0    4.918212e-07         134         134         121        15.479            0.004     15.478         15.479   15.478       15.479    0.016       0.008        11910381000550  339.5933060   17.8674580        3521      1   55019.453587200         133    15.492    20.197     27.412    2.550       2.774           0      131072            0            1    11910381 
   55019.390137200        15.477        0.034        35212010009142  339.5933230   17.8674530   22h38m22.40s   17d52m02.83s      2               0    4.918212e-07         134         134         121        15.479            0.004     15.478         15.479   15.478       15.479    0.016       0.008        11910426000521  339.5932960   17.8674530        3521      1   55019.392507200         133    15.491    20.113     27.395    2.550       2.842           0      131072            0            1    11910426 
   55087.280887200        15.480        0.025        35212010009142  339.5933230   17.8674530   22h38m22.40s   17d52m02.83s      2               0    4.918212e-07         134         134         121        15.479            0.004     15.478         15.479   15.478       15.479    0.016       0.008        11917194000588  339.5933250   17.8674510        3521      1   55087.286197200         199    15.478    21.601     27.486    2.050       2.303           0      131072            0            1    11917194 
   55087.325037200        15.479        0.025        35212010009142  339.5933230   17.8674530   22h38m22.40s   17d52m02.83s      2               0    4.918212e-07         134         134         121        15.479            0.004     15.478         15.479   15.478       15.479    0.016       0.008        11917208000545  339.5933350   17.8674550        3521      1   55087.330337200         199    15.479    21.481     27.485    2.250       2.432           0      131072            0            1    11917208 
   55032.282817200        15.401        0.047        35212010009142  339.5933230   17.8674530   22h38m22.40s   17d52m02.83s      2               0    4.918212e-07         134         134         121        15.479            0.004     15.478         15.479   15.478       15.479    0.016       0.008        11954921000307  339.5933040   17.8674740        3521      1   55032.286137200         146    16.754    20.980     27.345    2.250       2.472           0      131072            0            1    11954921 
   55031.383737200        15.472        0.031        35212010009142  339.5933230   17.8674530   22h38m22.40s   17d52m02.83s      2               0    4.918212e-07         134         134         121        15.479            0.004     15.478         15.479   15.478       15.479    0.016       0.008        11956536000693  339.5932920   17.8674580        3521      1   55031.387007200         145    15.473    21.600     27.444    2.050       2.302           0      131072            0            1    11956536 
   55039.420947200        15.475        0.030        35212010009142  339.5933230   17.8674530   22h38m22.40s   17d52m02.83s      2               0    4.918212e-07         134         134         121        15.479            0.004     15.478         15.479   15.478       15.479    0.016       0.008        11983407000697  339.5932990   17.8674590        3521      1   55039.424747200         153    15.474    21.545     27.461    2.150       2.395           0      131072            0            1    11983407 
   55039.376907200        15.479        0.030        35212010009142  339.5933230   17.8674530   22h38m22.40s   17d52m02.83s      2               0    4.918212e-07         134         134         121        15.479            0.004     15.478         15.479   15.478       15.479    0.016       0.008        11983503000683  339.5932790   17.8674720        3521      1   55039.380697200         153    15.478    21.504     27.443    2.150       2.337           0      131072            0            1    11983503 
   55498.219327200        15.484        0.196        35212010009142  339.5933230   17.8674530   22h38m22.40s   17d52m02.83s      2               0    4.918212e-07         134         134         121        15.479            0.004     15.478         15.479   15.478       15.479    0.016       0.008        12781517000591  339.5933240   17.8674590        3521      1   55498.222967200         593    15.715    21.108     27.741    2.150       2.394           0      131072            0            1    12781517 
   55498.274697200        15.489        0.196        35212010009142  339.5933230   17.8674530   22h38m22.40s   17d52m02.83s      2               0    4.918212e-07         134         134         121        15.479            0.004     15.478         15.479   15.478       15.479    0.016       0.008        12781770000659  339.5933360   17.8674500        3521      1   55498.278327200         593    15.319    21.129     27.648    2.050       2.288           0      131072            0            1    12781770 
   55458.418447200        15.479        0.029        35212010009142  339.5933230   17.8674530   22h38m22.40s   17d52m02.83s      2               0    4.918212e-07         134         134         121        15.479            0.004     15.478         15.479   15.478       15.479    0.016       0.008        12794281000590  339.5933290   17.8674600        3521      1   55458.423707200         553    15.475    20.919     27.792    2.350       2.555           0      131072            0            1    12794281 
   55458.351667200        15.474        0.029        35212010009142  339.5933230   17.8674530   22h38m22.40s   17d52m02.83s      2               0    4.918212e-07         134         134         121        15.479            0.004     15.478         15.479   15.478       15.479    0.016       0.008        12794437000541  339.5933350   17.8674580        3521      1   55458.356927200         553    15.475    20.824     27.819    2.250       2.571           0      131072            0            1    12794437 
   55480.170497200        15.487        0.029        35212010009142  339.5933230   17.8674530   22h38m22.40s   17d52m02.83s      2               0    4.918212e-07         134         134         121        15.479            0.004     15.478         15.479   15.478       15.479    0.016       0.008        12805116000734  339.5933330   17.8674570        3521      1   55480.175147200         574    15.487    21.375     27.801    2.250       2.488           0      131072            0            1    12805116 
   55480.128187200        15.485        0.029        35212010009142  339.5933230   17.8674530   22h38m22.40s   17d52m02.83s      2               0    4.918212e-07         134         134         121        15.479            0.004     15.478         15.479   15.478       15.479    0.016       0.008        12805131000699  339.5933360   17.8674540        3521      1   55480.132837200         574    15.489    21.312     27.779    2.350       2.416           0      131072            0            1    12805131 
   56202.157977200        15.467        0.029        35212010009142  339.5933230   17.8674530   22h38m22.40s   17d52m02.83s      2               0    4.918212e-07         134         134         121        15.479            0.004     15.478         15.479   15.478       15.479    0.016       0.008        14273573000451  339.5933450   17.8674580        3521      1   56202.162947200        1299    15.483    20.632     27.834    2.150       2.368           0      131072            0            1    14273573 
   56202.128807200        15.484        0.029        35212010009142  339.5933230   17.8674530   22h38m22.40s   17d52m02.83s      2               0    4.918212e-07         134         134         121        15.479            0.004     15.478         15.479   15.478       15.479    0.016       0.008        14273576000463  339.5933350   17.8674580        3521      1   56202.133787200        1299    15.496    20.554     27.821    2.350       2.669           0      131072            0            1    14273576 
   56202.187427200        15.488        0.029        35212010009142  339.5933230   17.8674530   22h38m22.40s   17d52m02.83s      2               0    4.918212e-07         134         134         121        15.479            0.004     15.478         15.479   15.478       15.479    0.016       0.008        14273609000464  339.5933490   17.8674620        3521      1   56202.192407200        1299    15.492    20.600     27.843    2.350       2.595           0      131072            0            1    14273609 
   56204.112797200        15.470        0.373        35212010009142  339.5933230   17.8674530   22h38m22.40s   17d52m02.83s      2               0    4.918212e-07         134         134         121        15.479            0.004     15.478         15.479   15.478       15.479    0.016       0.008        14314176000332  339.5933280   17.8674690        3521      1   56204.117707200        1301    15.982    20.324     27.445    2.850       2.912           0      131072            0            1    14314176 
   56204.143157200        15.424        0.373        35212010009142  339.5933230   17.8674530   22h38m22.40s   17d52m02.83s      2               0    4.918212e-07         134         134         121        15.479            0.004     15.478         15.479   15.478       15.479    0.016       0.008        14314199000456  339.5933260   17.8674620        3521      1   56204.148067200        1301    15.647    20.719     27.519    2.450       2.631           0      131072            0            1    14314199 
   56204.173637200        15.453        0.373        35212010009142  339.5933230   17.8674530   22h38m22.40s   17d52m02.83s      2               0    4.918212e-07         134         134         121        15.479            0.004     15.478         15.479   15.478       15.479    0.016       0.008        14314224000547  339.5933370   17.8674600        3521      1   56204.178537200        1301    15.164    20.716     27.524    2.550       2.742           0      131072            0            1    14314224 
   56206.113627200        15.476        0.108        35212010009142  339.5933230   17.8674530   22h38m22.40s   17d52m02.83s      2               0    4.918212e-07         134         134         121        15.479            0.004     15.478         15.479   15.478       15.479    0.016       0.008        14340308000603  339.5933400   17.8674590        3521      1   56206.118457200        1303    15.506    21.239     27.879    2.650       2.823           0      131072            0            1    14340308 
   56206.149307200        15.479        0.108        35212010009142  339.5933230   17.8674530   22h38m22.40s   17d52m02.83s      2               0    4.918212e-07         134         134         121        15.479            0.004     15.478         15.479   15.478       15.479    0.016       0.008        14340329000683  339.5933430   17.8674600        3521      1   56206.154137200        1303    15.507    21.490     27.881    2.350       2.643           0      131072            0            1    14340329 
   56206.179597200        15.477        0.108        35212010009142  339.5933230   17.8674530   22h38m22.40s   17d52m02.83s      2               0    4.918212e-07         134         134         121        15.479            0.004     15.478         15.479   15.478       15.479    0.016       0.008        14340359000667  339.5933460   17.8674610        3521      1   56206.184427200        1303    15.485    21.606     27.869    2.150       2.380           0      131072            0            1    14340359 
   56228.184547200        15.478        0.025        35212010009142  339.5933230   17.8674530   22h38m22.40s   17d52m02.83s      2               0    4.918212e-07         134         134         121        15.479            0.004     15.478         15.479   15.478       15.479    0.016       0.008        14450215000460  339.5933390   17.8674570        3521      1   56228.188217200        1315    15.472    20.579     27.869    2.350       2.629           0      131072            0            1    14450215 
   56228.215327200        15.488        0.025        35212010009142  339.5933230   17.8674530   22h38m22.40s   17d52m02.83s      2               0    4.918212e-07         134         134         121        15.479            0.004     15.478         15.479   15.478       15.479    0.016       0.008        14450231000395  339.5933400   17.8674610        3521      1   56228.218997200        1315    15.495    20.445     27.867    2.550       2.803           0      131072            0            1    14450231 
   56230.249197200        15.467        0.026        35212010009142  339.5933230   17.8674530   22h38m22.40s   17d52m02.83s      2               0    4.918212e-07         134         134         121        15.479            0.004     15.478         15.479   15.478       15.479    0.016       0.008        14487301000432  339.5933440   17.8674590        3521      1   56230.252737200        1317    15.474    20.471     27.849    2.150       2.461           0      131072            0            1    14487301 
   56234.212917200        15.475        0.049        35212010009142  339.5933230   17.8674530   22h38m22.40s   17d52m02.83s      2               0    4.918212e-07         134         134         121        15.479            0.004     15.478         15.479   15.478       15.479    0.016       0.008        14497523000543  339.5933240   17.8674650        3521      1   56234.216167200        1321    15.458    20.978     27.838    2.550       2.855           0      131072            0            1    14497523 
   56234.244177200        15.481        0.049        35212010009142  339.5933230   17.8674530   22h38m22.40s   17d52m02.83s      2               0    4.918212e-07         134         134         121        15.479            0.004     15.478         15.479   15.478       15.479    0.016       0.008        14497538000515  339.5933400   17.8674600        3521      1   56234.247427200        1321    15.458    20.855     27.822    2.650       2.870           0      131072            0            1    14497538 
   56236.145687200        15.481        0.028        35212010009142  339.5933230   17.8674530   22h38m22.40s   17d52m02.83s      2               0    4.918212e-07         134         134         121        15.479            0.004     15.478         15.479   15.478       15.479    0.016       0.008        14529701000592  339.5933400   17.8674580        3521      1   56236.148787200        1323    15.493    21.327     27.884    2.550       2.791           0      131072            0            1    14529701 
   56238.121187200        15.475        0.026        35212010009142  339.5933230   17.8674530   22h38m22.40s   17d52m02.83s      2               0    4.918212e-07         134         134         121        15.479            0.004     15.478         15.479   15.478       15.479    0.016       0.008        14571459000590  339.5933340   17.8674550        3521      1   56238.124147200        1325    15.483    21.452     27.872    2.150       2.459           0      131072            0            1    14571459 
   56238.091697200        15.467        0.026        35212010009142  339.5933230   17.8674530   22h38m22.40s   17d52m02.83s      2               0    4.918212e-07         134         134         121        15.479            0.004     15.478         15.479   15.478       15.479    0.016       0.008        14571481000573  339.5933380   17.8674620        3521      1   56238.094657200        1325    15.473    21.351     27.868    2.250       2.535           0      131072            0            1    14571481 
   56232.228407200        15.471        0.068        35212010009142  339.5933230   17.8674530   22h38m22.40s   17d52m02.83s      2               0    4.918212e-07         134         134         121        15.479            0.004     15.478         15.479   15.478       15.479    0.016       0.008        14646437000472  339.5933430   17.8674600        3521      1   56232.231797200        1319    15.430    20.945     27.821    2.150       2.484           0      131072            0            1    14646437 
   56251.084597200        15.487        0.026        35212010009142  339.5933230   17.8674530   22h38m22.40s   17d52m02.83s      2               0    4.918212e-07         134         134         121        15.479            0.004     15.478         15.479   15.478       15.479    0.016       0.008        14656421000541  339.5933370   17.8674620        3521      1   56251.086477200        1338    15.494    21.188     27.876    2.150       2.315           0      131072            0            1    14656421 
   56251.114167200        15.494        0.026        35212010009142  339.5933230   17.8674530   22h38m22.40s   17d52m02.83s      2               0    4.918212e-07         134         134         121        15.479            0.004     15.478         15.479   15.478       15.479    0.016       0.008        14656431000517  339.5933370   17.8674590        3521      1   56251.116047200        1338    15.499    20.894     27.877    2.850       3.006           0      131072            0            1    14656431 
   56255.081677200        15.477        0.026        35212010009142  339.5933230   17.8674530   22h38m22.40s   17d52m02.83s      2               0    4.918212e-07         134         134         121        15.479            0.004     15.478         15.479   15.478       15.479    0.016       0.008        14696885000436  339.5933290   17.8674570        3521      1   56255.083207200        1342    15.474    20.578     27.875    2.650       3.067           0      131072            0            1    14696885 
   56255.112127200        15.482        0.026        35212010009142  339.5933230   17.8674530   22h38m22.40s   17d52m02.83s      2               0    4.918212e-07         134         134         121        15.479            0.004     15.478         15.479   15.478       15.479    0.016       0.008        14696913000377  339.5933170   17.8674620        3521      1   56255.113657200        1342    15.494    20.354     27.878    3.450       3.694           0      131072            0            1    14696913 
   56267.144527200        15.484        0.234        35212010009142  339.5933230   17.8674530   22h38m22.40s   17d52m02.83s      2               0    4.918212e-07         134         134         121        15.479            0.004     15.478         15.479   15.478       15.479    0.016       0.008        14756100000568  339.5933200   17.8674600        3521      1   56267.144947200        1354    15.488    20.986     27.708    2.450       2.728           0      131072            0            1    14756100 
   56267.186597200        15.488        0.234        35212010009142  339.5933230   17.8674530   22h38m22.40s   17d52m02.83s      2               0    4.918212e-07         134         134         121        15.479            0.004     15.478         15.479   15.478       15.479    0.016       0.008        14756123000532  339.5933240   17.8674650        3521      1   56267.187007200        1354    15.476    20.949     27.618    2.150       2.440           0      131072            0            1    14756123 
   56265.173377200        15.482        0.237        35212010009142  339.5933230   17.8674530   22h38m22.40s   17d52m02.83s      2               0    4.918212e-07         134         134         121        15.479            0.004     15.478         15.479   15.478       15.479    0.016       0.008        14765409000453  339.5933250   17.8674570        3521      1   56265.173987200        1352    15.725    20.980     27.670    2.350       2.577           0      131072            0            1    14765409 
   56265.143887200        15.482        0.237        35212010009142  339.5933230   17.8674530   22h38m22.40s   17d52m02.83s      2               0    4.918212e-07         134         134         121        15.479            0.004     15.478         15.479   15.478       15.479    0.016       0.008        14765419000587  339.5933210   17.8674570        3521      1   56265.144497200        1352    15.476    21.422     27.834    2.350       2.697           0      131072            0            1    14765419 
   56271.223777200        15.491        0.040        35212010009142  339.5933230   17.8674530   22h38m22.40s   17d52m02.83s      2               0    4.918212e-07         134         134         121        15.479            0.004     15.478         15.479   15.478       15.479    0.016       0.008        14806131000405  339.5933080   17.8674630        3521      1   56271.223807200        1358    15.479    20.514     27.748    3.650       3.914           0      131072            0            1    14806131 
   56257.088927200        15.469        0.027        35212010009142  339.5933230   17.8674530   22h38m22.40s   17d52m02.83s      2               0    4.918212e-07         134         134         121        15.479            0.004     15.478         15.479   15.478       15.479    0.016       0.008        15702199000467  339.5933350   17.8674590        3521      1   56257.090267200        1344    15.466    20.547     27.856    2.750       3.077           0      131072            0            1    15702199 
   56257.119777200        15.472        0.026        35212010009142  339.5933230   17.8674530   22h38m22.40s   17d52m02.83s      2               0    4.918212e-07         134         134         121        15.479            0.004     15.478         15.479   15.478       15.479    0.016       0.008        15702237000445  339.5933420   17.8674590        3521      1   56257.121127200        1344    15.471    20.763     27.861    2.250       2.689           0      131072            0            1    15702237 
   56911.286797200        15.492        0.029        35212010009142  339.5933230   17.8674530   22h38m22.40s   17d52m02.83s      2               0    4.918212e-07         134         134         121        15.479            0.004     15.478         15.479   15.478       15.479    0.016       0.008        21287618000438  339.5933470   17.8674540        3521      1   56911.292097200        1975    15.456    20.473     27.760    2.350       2.786           0      131072            0            1    21287618 
