   55783.493537200        16.344        0.031        35212010010399  339.5687370   17.7382000   22h38m16.50s   17d44m17.52s      2               0    3.536682e-07         134         134         121        16.330            0.004     16.346         16.346   16.351       16.349    0.025       0.016        10358266001372  339.5687250   17.7382190        3521      1   55783.498077200         881    16.342    21.462     27.710    2.350       2.628           0      131072            0            1    10358266 
   55783.450517200        16.356        0.031        35212010010399  339.5687370   17.7382000   22h38m16.50s   17d44m17.52s      2               0    3.536682e-07         134         134         121        16.330            0.004     16.346         16.346   16.351       16.349    0.025       0.016        10358322001487  339.5687230   17.7382150        3521      1   55783.455047200         881    16.347    21.660     27.725    2.250       2.527           0      131072            0            1    10358322 
   55794.417557200        16.326        0.115        35212010010399  339.5687370   17.7382000   22h38m16.50s   17d44m17.52s      2               0    3.536682e-07         134         134         121        16.330            0.004     16.346         16.346   16.351       16.349    0.025       0.016        10380774000802  339.5686750   17.7382260        3521      1   55794.422517200         892    16.816    20.913     27.583    1.950       2.061           0      131072            0            1    10380774 
   55794.374747200        16.553        0.126        35212010010399  339.5687370   17.7382000   22h38m16.50s   17d44m17.52s      2               0    3.536682e-07         134         134         121        16.330            0.004     16.346         16.346   16.351       16.349    0.025       0.016        10380859000373  339.5687050   17.7381900        3521      1   55794.379707200         892    18.408    20.633     27.621    1.950       2.266           0      131072            0            1    10380859 
   55821.364667200        16.345        0.030        35212010010399  339.5687370   17.7382000   22h38m16.50s   17d44m17.52s      2               0    3.536682e-07         134         134         121        16.330            0.004     16.346         16.346   16.351       16.349    0.025       0.016        10511298001030  339.5687490   17.7382110        3521      1   55821.369947200         919    16.355    20.981     27.698    1.950       2.134           0      131072            0            1    10511298 
   55821.319317200        16.350        0.030        35212010010399  339.5687370   17.7382000   22h38m16.50s   17d44m17.52s      2               0    3.536682e-07         134         134         121        16.330            0.004     16.346         16.346   16.351       16.349    0.025       0.016        10511326001030  339.5687480   17.7382070        3521      1   55821.324607200         919    16.356    20.962     27.708    2.150       2.421           0      131072            0            1    10511326 
   55471.200687200        16.344        0.117        35212010010399  339.5687370   17.7382000   22h38m16.50s   17d44m17.52s      2               0    3.536682e-07         134         134         121        16.330            0.004     16.346         16.346   16.351       16.349    0.025       0.016        10799056001369  339.5687150   17.7382210        3521      1   55471.205667200         562    16.404    21.646     27.883    2.150       2.349           0      131072            0            1    10799056 
   55471.244407200        16.333        0.117        35212010010399  339.5687370   17.7382000   22h38m16.50s   17d44m17.52s      2               0    3.536682e-07         134         134         121        16.330            0.004     16.346         16.346   16.351       16.349    0.025       0.016        10799148001437  339.5687250   17.7382140        3521      1   55471.249397200         562    16.320    21.684     27.812    1.950       2.202           0      131072            0            1    10799148 
   55483.166527200        16.333        0.029        35212010010399  339.5687370   17.7382000   22h38m16.50s   17d44m17.52s      2               0    3.536682e-07         134         134         121        16.330            0.004     16.346         16.346   16.351       16.349    0.025       0.016        10856278001293  339.5687160   17.7382070        3521      1   55483.171037200         577    16.332    21.472     27.808    2.050       2.186           0      131072            0            1    10856278 
   55483.122857200        16.362        0.029        35212010010399  339.5687370   17.7382000   22h38m16.50s   17d44m17.52s      2               0    3.536682e-07         134         134         121        16.330            0.004     16.346         16.346   16.351       16.349    0.025       0.016        10856333001340  339.5687320   17.7382060        3521      1   55483.127367200         577    16.353    21.361     27.790    2.150       2.363           0      131072            0            1    10856333 
   55443.230767200        16.343        0.030        35212010010399  339.5687370   17.7382000   22h38m16.50s   17d44m17.52s      2               0    3.536682e-07         134         134         121        16.330            0.004     16.346         16.346   16.351       16.349    0.025       0.016        10906546001486  339.5687290   17.7382110        3521      1   55443.236027200         538    16.341    21.593     27.816    2.150       2.487           0      131072            0            1    10906546 
   55443.185917200        16.340        0.030        35212010010399  339.5687370   17.7382000   22h38m16.50s   17d44m17.52s      2               0    3.536682e-07         134         134         121        16.330            0.004     16.346         16.346   16.351       16.349    0.025       0.016        10906554001273  339.5687210   17.7382050        3521      1   55443.191177200         538    16.338    21.292     27.786    2.450       2.741           0      131072            0            1    10906554 
   55446.312747200        16.335        0.039        35212010010399  339.5687370   17.7382000   22h38m16.50s   17d44m17.52s      2               0    3.536682e-07         134         134         121        16.330            0.004     16.346         16.346   16.351       16.349    0.025       0.016        10912220001517  339.5687170   17.7381950        3521      1   55446.318037200         541    16.328    21.874     27.817    1.850       2.098           0      131072            0            1    10912220 
   55446.269397200        16.338        0.038        35212010010399  339.5687370   17.7382000   22h38m16.50s   17d44m17.52s      2               0    3.536682e-07         134         134         121        16.330            0.004     16.346         16.346   16.351       16.349    0.025       0.016        10912266001566  339.5687270   17.7382120        3521      1   55446.274687200         541    16.327    21.793     27.816    1.950       2.165           0      131072            0            1    10912266 
   55452.163847200        16.338        0.026        35212010010399  339.5687370   17.7382000   22h38m16.50s   17d44m17.52s      2               0    3.536682e-07         134         134         121        16.330            0.004     16.346         16.346   16.351       16.349    0.025       0.016        10932338001264  339.5687230   17.7382090        3521      1   55452.169147200         547    16.335    21.398     27.803    2.050       2.441           0      131072            0            1    10932338 
   55452.206587200        16.332        0.026        35212010010399  339.5687370   17.7382000   22h38m16.50s   17d44m17.52s      2               0    3.536682e-07         134         134         121        16.330            0.004     16.346         16.346   16.351       16.349    0.025       0.016        10932452001414  339.5687150   17.7382180        3521      1   55452.211887200         547    16.335    21.478     27.819    2.250       2.508           0      131072            0            1    10932452 
   55467.310857200        16.343        0.071        35212010010399  339.5687370   17.7382000   22h38m16.50s   17d44m17.52s      2               0    3.536682e-07         134         134         121        16.330            0.004     16.346         16.346   16.351       16.349    0.025       0.016        11077173001182  339.5687290   17.7382060        3521      1   55467.315957200         560    16.354    21.126     27.802    2.150       2.121           0      131072            0            1    11077173 
   55468.221587200        16.313        0.250        35212010010399  339.5687370   17.7382000   22h38m16.50s   17d44m17.52s      2               0    3.536682e-07         134         134         121        16.330            0.004     16.346         16.346   16.351       16.349    0.025       0.016        11078099001405  339.5687240   17.7382100        3521      1   55468.226657200         558    16.334    21.447     27.811    2.250       2.443           0      131072            0            1    11078099 
   55416.200397200        16.356        0.186        35212010010399  339.5687370   17.7382000   22h38m16.50s   17d44m17.52s      2               0    3.536682e-07         134         134         121        16.330            0.004     16.346         16.346   16.351       16.349    0.025       0.016        11122123000844  339.5687020   17.7382390        3521      1   55416.204827200         515    16.416    20.301     26.646    3.350       3.546           0      131072            0            1    11122123 
   55416.243347200        16.338        0.185        35212010010399  339.5687370   17.7382000   22h38m16.50s   17d44m17.52s      2               0    3.536682e-07         134         134         121        16.330            0.004     16.346         16.346   16.351       16.349    0.025       0.016        11122261000971  339.5687270   17.7382180        3521      1   55416.247777200         515    16.486    20.735     26.870    3.050       3.401           0      131072            0            1    11122261 
   55422.369597200        16.340        0.030        35212010010399  339.5687370   17.7382000   22h38m16.50s   17d44m17.52s      2               0    3.536682e-07         134         134         121        16.330            0.004     16.346         16.346   16.351       16.349    0.025       0.016        11147816001490  339.5687120   17.7382220        3521      1   55422.374307200         521    16.342    21.780     27.808    2.150       2.409           0      131072            0            1    11147816 
   55422.414337200        16.341        0.030        35212010010399  339.5687370   17.7382000   22h38m16.50s   17d44m17.52s      2               0    3.536682e-07         134         134         121        16.330            0.004     16.346         16.346   16.351       16.349    0.025       0.016        11147968001426  339.5687240   17.7382020        3521      1   55422.419057200         521    16.347    21.759     27.807    2.150       2.392           0      131072            0            1    11147968 
   55429.226357200        16.357        0.027        35212010010399  339.5687370   17.7382000   22h38m16.50s   17d44m17.52s      2               0    3.536682e-07         134         134         121        16.330            0.004     16.346         16.346   16.351       16.349    0.025       0.016        11192005001062  339.5687320   17.7382130        3521      1   55429.231317200         528    16.355    20.845     27.784    2.150       2.393           0      131072            0            1    11192005 
   55429.183207200        16.355        0.028        35212010010399  339.5687370   17.7382000   22h38m16.50s   17d44m17.52s      2               0    3.536682e-07         134         134         121        16.330            0.004     16.346         16.346   16.351       16.349    0.025       0.016        11192202001008  339.5687360   17.7382060        3521      1   55429.188167200         528    16.348    20.598     27.735    2.250       2.569           0      131072            0            1    11192202 
   55426.169847200        16.374        0.074        35212010010399  339.5687370   17.7382000   22h38m16.50s   17d44m17.52s      2               0    3.536682e-07         134         134         121        16.330            0.004     16.346         16.346   16.351       16.349    0.025       0.016        11197114000915  339.5686900   17.7382050        3521      1   55426.174707200         525    16.290    20.178     27.513    3.450       3.600           0      131072            0            1    11197114 
   55436.224917200        16.346        0.034        35212010010399  339.5687370   17.7382000   22h38m16.50s   17d44m17.52s      2               0    3.536682e-07         134         134         121        16.330            0.004     16.346         16.346   16.351       16.349    0.025       0.016        11208660000938  339.5687250   17.7382100        3521      1   55436.230067200         609    16.343    20.460     27.763    2.450       2.781           0      131072            0            1    11208660 
   55436.176617200        16.374        0.034        35212010010399  339.5687370   17.7382000   22h38m16.50s   17d44m17.52s      2               0    3.536682e-07         134         134         121        16.330            0.004     16.346         16.346   16.351       16.349    0.025       0.016        11208880000869  339.5687230   17.7382250        3521      1   55436.181767200         609    16.367    20.253     27.721    2.850       3.110           0      131072            0            1    11208880 
   55439.224367200        16.347        0.030        35212010010399  339.5687370   17.7382000   22h38m16.50s   17d44m17.52s      2               0    3.536682e-07         134         134         121        16.330            0.004     16.346         16.346   16.351       16.349    0.025       0.016        11225032001309  339.5687210   17.7382000        3521      1   55439.229567200         534    16.344    21.365     27.758    2.150       2.327           0      131072            0            1    11225032 
   55439.179857200        16.341        0.030        35212010010399  339.5687370   17.7382000   22h38m16.50s   17d44m17.52s      2               0    3.536682e-07         134         134         121        16.330            0.004     16.346         16.346   16.351       16.349    0.025       0.016        11225074001295  339.5687320   17.7382020        3521      1   55439.185067200         534    16.337    21.185     27.718    2.550       2.777           0      131072            0            1    11225074 
   55382.429197200        16.323        0.027        35212010010399  339.5687370   17.7382000   22h38m16.50s   17d44m17.52s      2               0    3.536682e-07         134         134         121        16.330            0.004     16.346         16.346   16.351       16.349    0.025       0.016        11241403001292  339.5686960   17.7382060        3521      1   55382.431397200         481    16.325    21.348     27.839    2.350       2.425           0      131072            0            1    11241403 
   55382.386187200        16.332        0.027        35212010010399  339.5687370   17.7382000   22h38m16.50s   17d44m17.52s      2               0    3.536682e-07         134         134         121        16.330            0.004     16.346         16.346   16.351       16.349    0.025       0.016        11241417001252  339.5687180   17.7382210        3521      1   55382.388377200         481    16.335    21.276     27.825    2.350       2.649           0      131072            0            1    11241417 
   55387.460507200        16.351        0.126        35212010010399  339.5687370   17.7382000   22h38m16.50s   17d44m17.52s      2               0    3.536682e-07         134         134         121        16.330            0.004     16.346         16.346   16.351       16.349    0.025       0.016        11260633001487  339.5686800   17.7382310        3521      1   55387.463097200         486    16.213    21.532     27.638    2.250       2.581           0      131072            0            1    11260633 
   55387.412087200        16.362        0.126        35212010010399  339.5687370   17.7382000   22h38m16.50s   17d44m17.52s      2               0    3.536682e-07         134         134         121        16.330            0.004     16.346         16.346   16.351       16.349    0.025       0.016        11260799001537  339.5687240   17.7382050        3521      1   55387.414667200         486    16.269    21.786     27.679    1.950       2.132           0      131072            0            1    11260799 
   55349.467407200        16.348        0.058        35212010010399  339.5687370   17.7382000   22h38m16.50s   17d44m17.52s      2               0    3.536682e-07         134         134         121        16.330            0.004     16.346         16.346   16.351       16.349    0.025       0.016        11335566001135  339.5687300   17.7382140        3521      1   55349.466757200         449    16.360    20.830     27.826    2.450       2.840           0      131072            0            1    11335566 
   55419.358367200        16.339        0.206        35212010010399  339.5687370   17.7382000   22h38m16.50s   17d44m17.52s      2               0    3.536682e-07         134         134         121        16.330            0.004     16.346         16.346   16.351       16.349    0.025       0.016        11390524001160  339.5687370   17.7382140        3521      1   55419.362947200         518    16.212    20.961     26.831    2.450       2.590           0      131072            0            1    11390524 
   55419.401647200        16.331        0.206        35212010010399  339.5687370   17.7382000   22h38m16.50s   17d44m17.52s      2               0    3.536682e-07         134         134         121        16.330            0.004     16.346         16.346   16.351       16.349    0.025       0.016        11390685001046  339.5687300   17.7382000        3521      1   55419.406227200         518    16.302    20.948     26.845    2.650       2.911           0      131072            0            1    11390685 
   55364.433677200        16.351        0.031        35212010010399  339.5687370   17.7382000   22h38m16.50s   17d44m17.52s      2               0    3.536682e-07         134         134         121        16.330            0.004     16.346         16.346   16.351       16.349    0.025       0.016        11392975001377  339.5687280   17.7382090        3521      1   55364.434347200         463    16.351    21.417     27.791    2.550       3.049           0      131072            0            1    11392975 
   55364.386147200        16.344        0.031        35212010010399  339.5687370   17.7382000   22h38m16.50s   17d44m17.52s      2               0    3.536682e-07         134         134         121        16.330            0.004     16.346         16.346   16.351       16.349    0.025       0.016        11392977001318  339.5687290   17.7382030        3521      1   55364.386807200         463    16.338    21.278     27.757    2.650       3.041           0      131072            0            1    11392977 
   55369.460177200        16.330        0.027        35212010010399  339.5687370   17.7382000   22h38m16.50s   17d44m17.52s      2               0    3.536682e-07         134         134         121        16.330            0.004     16.346         16.346   16.351       16.349    0.025       0.016        11408518001433  339.5687020   17.7382270        3521      1   55369.461277200         468    16.327    21.678     27.838    2.150       2.502           0      131072            0            1    11408518 
   55372.400097200        16.341        0.028        35212010010399  339.5687370   17.7382000   22h38m16.50s   17d44m17.52s      2               0    3.536682e-07         134         134         121        16.330            0.004     16.346         16.346   16.351       16.349    0.025       0.016        11411059001045  339.5687240   17.7382130        3521      1   55372.401447200         471    16.338    20.834     27.827    2.250       2.480           0      131072            0            1    11411059 
   55372.356507200        16.327        0.029        35212010010399  339.5687370   17.7382000   22h38m16.50s   17d44m17.52s      2               0    3.536682e-07         134         134         121        16.330            0.004     16.346         16.346   16.351       16.349    0.025       0.016        11411122000923  339.5687370   17.7381980        3521      1   55372.357857200         471    16.326    20.454     27.796    2.750       2.960           0      131072            0            1    11411122 
   55371.453437200        16.351        0.025        35212010010399  339.5687370   17.7382000   22h38m16.50s   17d44m17.52s      2               0    3.536682e-07         134         134         121        16.330            0.004     16.346         16.346   16.351       16.349    0.025       0.016        11413396001384  339.5686910   17.7382220        3521      1   55371.454717200         470    16.351    21.479     27.853    2.150       2.373           0      131072            0            1    11413396 
   55370.457827200        16.347        0.026        35212010010399  339.5687370   17.7382000   22h38m16.50s   17d44m17.52s      2               0    3.536682e-07         134         134         121        16.330            0.004     16.346         16.346   16.351       16.349    0.025       0.016        11415784001426  339.5687240   17.7382080        3521      1   55370.459017200         469    16.353    21.749     27.862    2.150       2.267           0      131072            0            1    11415784 
   55377.357017200        16.344        0.029        35212010010399  339.5687370   17.7382000   22h38m16.50s   17d44m17.52s      2               0    3.536682e-07         134         134         121        16.330            0.004     16.346         16.346   16.351       16.349    0.025       0.016        11430952000932  339.5687250   17.7382140        3521      1   55377.358787200         476    16.347    20.528     27.765    2.550       2.665           0      131072            0            1    11430952 
   55377.401227200        16.354        0.029        35212010010399  339.5687370   17.7382000   22h38m16.50s   17d44m17.52s      2               0    3.536682e-07         134         134         121        16.330            0.004     16.346         16.346   16.351       16.349    0.025       0.016        11430984000973  339.5687260   17.7382240        3521      1   55377.403007200         476    16.360    20.607     27.788    2.550       2.747           0      131072            0            1    11430984 
   55137.187677200        16.360        0.028        35212010010399  339.5687370   17.7382000   22h38m16.50s   17d44m17.52s      2               0    3.536682e-07         134         134         121        16.330            0.004     16.346         16.346   16.351       16.349    0.025       0.016        11785647000890  339.5687190   17.7382080        3521      1   55137.191017200         244    16.364    20.532     27.892    2.250       2.558           0      131072            0            1    11785647 
   55138.179157200        16.367        0.042        35212010010399  339.5687370   17.7382000   22h38m16.50s   17d44m17.52s      2               0    3.536682e-07         134         134         121        16.330            0.004     16.346         16.346   16.351       16.349    0.025       0.016        11788716000938  339.5687230   17.7382120        3521      1   55138.182427200         245    16.359    20.407     27.872    2.650       2.897           0      131072            0            1    11788716 
   55142.163267200        16.359        0.028        35212010010399  339.5687370   17.7382000   22h38m16.50s   17d44m17.52s      2               0    3.536682e-07         134         134         121        16.330            0.004     16.346         16.346   16.351       16.349    0.025       0.016        11794001001392  339.5687300   17.7382110        3521      1   55142.166237200         282    16.368    21.440     27.878    2.250       2.441           0      131072            0            1    11794001 
   55142.118957200        16.341        0.028        35212010010399  339.5687370   17.7382000   22h38m16.50s   17d44m17.52s      2               0    3.536682e-07         134         134         121        16.330            0.004     16.346         16.346   16.351       16.349    0.025       0.016        11794104001338  339.5687210   17.7382150        3521      1   55142.121927200         282    16.352    21.256     27.875    2.550       2.745           0      131072            0            1    11794104 
   55123.223387200        16.338        0.028        35212010010399  339.5687370   17.7382000   22h38m16.50s   17d44m17.52s      2               0    3.536682e-07         134         134         121        16.330            0.004     16.346         16.346   16.351       16.349    0.025       0.016        11812126001190  339.5687130   17.7382310        3521      1   55123.227627200         232    16.349    21.573     27.912    2.150       2.121           0      131072            0            1    11812126 
   55045.207707200        16.399        0.029        35212010010399  339.5687370   17.7382000   22h38m16.50s   17d44m17.52s      2               0    3.536682e-07         134         134         121        16.330            0.004     16.346         16.346   16.351       16.349    0.025       0.016        11860485000778  339.5687290   17.7382210        3521      1   55045.211847200         159    16.392    20.084     27.374    3.150       3.391           0      131072            0            1    11860485 
   55045.289337200        16.343        0.028        35212010010399  339.5687370   17.7382000   22h38m16.50s   17d44m17.52s      2               0    3.536682e-07         134         134         121        16.330            0.004     16.346         16.346   16.351       16.349    0.025       0.016        11860493001068  339.5687310   17.7382230        3521      1   55045.293477200         159    16.349    20.903     27.481    2.150       2.445           0      131072            0            1    11860493 
   55049.426157200        16.361        0.030        35212010010399  339.5687370   17.7382000   22h38m16.50s   17d44m17.52s      2               0    3.536682e-07         134         134         121        16.330            0.004     16.346         16.346   16.351       16.349    0.025       0.016        11862929000767  339.5687420   17.7382080        3521      1   55049.430517200         163    16.368    20.099     27.476    2.250       2.367           0      131072            0            1    11862929 
   55054.221717200        16.341        0.057        35212010010399  339.5687370   17.7382000   22h38m16.50s   17d44m17.52s      2               0    3.536682e-07         134         134         121        16.330            0.004     16.346         16.346   16.351       16.349    0.025       0.016        11869567000668  339.5687360   17.7382190        3521      1   55054.226297200         168    16.333    19.814     27.288    3.550       3.984           0      131072            0            1    11869567 
   55066.328927200        16.349        0.033        35212010010399  339.5687370   17.7382000   22h38m16.50s   17d44m17.52s      2               0    3.536682e-07         134         134         121        16.330            0.004     16.346         16.346   16.351       16.349    0.025       0.016        11883377001466  339.5687150   17.7382090        3521      1   55066.333957200         180    16.354    21.585     27.320    1.750       2.076           0      131072            0            1    11883377 
   55066.284507200        16.353        0.033        35212010010399  339.5687370   17.7382000   22h38m16.50s   17d44m17.52s      2               0    3.536682e-07         134         134         121        16.330            0.004     16.346         16.346   16.351       16.349    0.025       0.016        11883394001412  339.5687290   17.7382190        3521      1   55066.289537200         180    16.381    21.538     27.300    1.750       1.839           0      131072            0            1    11883394 
   55061.271507200        16.340        0.028        35212010010399  339.5687370   17.7382000   22h38m16.50s   17d44m17.52s      2               0    3.536682e-07         134         134         121        16.330            0.004     16.346         16.346   16.351       16.349    0.025       0.016        11892875001445  339.5687320   17.7382080        3521      1   55061.276377200         175    16.352    21.421     27.426    2.150       2.362           0      131072            0            1    11892875 
   55061.369177200        16.329        0.028        35212010010399  339.5687370   17.7382000   22h38m16.50s   17d44m17.52s      2               0    3.536682e-07         134         134         121        16.330            0.004     16.346         16.346   16.351       16.349    0.025       0.016        11892899001481  339.5687160   17.7382200        3521      1   55061.374047200         175    16.343    21.563     27.431    2.150       2.402           0      131072            0            1    11892899 
   55056.350197200        16.336        0.027        35212010010399  339.5687370   17.7382000   22h38m16.50s   17d44m17.52s      2               0    3.536682e-07         134         134         121        16.330            0.004     16.346         16.346   16.351       16.349    0.025       0.016        11898883001222  339.5687280   17.7382080        3521      1   55056.354877200         170    16.345    21.064     27.439    2.250       2.640           0      131072            0            1    11898883 
   55056.268047200        16.367        0.027        35212010010399  339.5687370   17.7382000   22h38m16.50s   17d44m17.52s      2               0    3.536682e-07         134         134         121        16.330            0.004     16.346         16.346   16.351       16.349    0.025       0.016        11898894001204  339.5687260   17.7382050        3521      1   55056.272717200         170    16.374    21.070     27.414    2.350       2.396           0      131072            0            1    11898894 
   55019.451217200        16.374        0.036        35212010010399  339.5687370   17.7382000   22h38m16.50s   17d44m17.52s      2               0    3.536682e-07         134         134         121        16.330            0.004     16.346         16.346   16.351       16.349    0.025       0.016        11910381001000  339.5687210   17.7382180        3521      1   55019.453587200         133    16.392    20.197     27.344    2.550       2.572           0      131072            0            1    11910381 
   55019.390137200        16.392        0.036        35212010010399  339.5687370   17.7382000   22h38m16.50s   17d44m17.52s      2               0    3.536682e-07         134         134         121        16.330            0.004     16.346         16.346   16.351       16.349    0.025       0.016        11910426000932  339.5687300   17.7382180        3521      1   55019.392507200         133    16.407    20.113     27.328    2.550       2.820           0      131072            0            1    11910426 
   55087.280887200        16.349        0.025        35212010010399  339.5687370   17.7382000   22h38m16.50s   17d44m17.52s      2               0    3.536682e-07         134         134         121        16.330            0.004     16.346         16.346   16.351       16.349    0.025       0.016        11917194001382  339.5687550   17.7382090        3521      1   55087.286197200         199    16.347    21.601     27.483    2.050       2.118           0      131072            0            1    11917194 
   55087.325037200        16.342        0.025        35212010010399  339.5687370   17.7382000   22h38m16.50s   17d44m17.52s      2               0    3.536682e-07         134         134         121        16.330            0.004     16.346         16.346   16.351       16.349    0.025       0.016        11917208001312  339.5687570   17.7382140        3521      1   55087.330337200         199    16.342    21.481     27.482    2.250       2.432           0      131072            0            1    11917208 
   55032.282817200        16.373        0.050        35212010010399  339.5687370   17.7382000   22h38m16.50s   17d44m17.52s      2               0    3.536682e-07         134         134         121        16.330            0.004     16.346         16.346   16.351       16.349    0.025       0.016        11954921000653  339.5687450   17.7382220        3521      1   55032.286137200         146    17.726    20.980     27.355    2.250       2.527           0      131072            0            1    11954921 
   55031.383737200        16.337        0.031        35212010010399  339.5687370   17.7382000   22h38m16.50s   17d44m17.52s      2               0    3.536682e-07         134         134         121        16.330            0.004     16.346         16.346   16.351       16.349    0.025       0.016        11956536001474  339.5687230   17.7382230        3521      1   55031.387007200         145    16.338    21.600     27.445    2.050       2.202           0      131072            0            1    11956536 
   55039.420947200        16.333        0.030        35212010010399  339.5687370   17.7382000   22h38m16.50s   17d44m17.52s      2               0    3.536682e-07         134         134         121        16.330            0.004     16.346         16.346   16.351       16.349    0.025       0.016        11983407001489  339.5687120   17.7382030        3521      1   55039.424747200         153    16.332    21.545     27.441    2.150       2.372           0      131072            0            1    11983407 
   55039.376907200        16.334        0.030        35212010010399  339.5687370   17.7382000   22h38m16.50s   17d44m17.52s      2               0    3.536682e-07         134         134         121        16.330            0.004     16.346         16.346   16.351       16.349    0.025       0.016        11983503001459  339.5687170   17.7382210        3521      1   55039.380697200         153    16.333    21.504     27.423    2.150       2.438           0      131072            0            1    11983503 
   55498.219327200        16.334        0.196        35212010010399  339.5687370   17.7382000   22h38m16.50s   17d44m17.52s      2               0    3.536682e-07         134         134         121        16.330            0.004     16.346         16.346   16.351       16.349    0.025       0.016        12781517001111  339.5687450   17.7382100        3521      1   55498.222967200         593    16.565    21.108     27.740    2.150       2.275           0      131072            0            1    12781517 
   55498.274697200        16.348        0.196        35212010010399  339.5687370   17.7382000   22h38m16.50s   17d44m17.52s      2               0    3.536682e-07         134         134         121        16.330            0.004     16.346         16.346   16.351       16.349    0.025       0.016        12781770001209  339.5687600   17.7382080        3521      1   55498.278327200         593    16.178    21.129     27.645    2.050       2.155           0      131072            0            1    12781770 
   55458.418447200        16.352        0.030        35212010010399  339.5687370   17.7382000   22h38m16.50s   17d44m17.52s      2               0    3.536682e-07         134         134         121        16.330            0.004     16.346         16.346   16.351       16.349    0.025       0.016        12794281001109  339.5687450   17.7382090        3521      1   55458.423707200         553    16.348    20.919     27.794    2.350       2.457           0      131072            0            1    12794281 
   55458.351667200        16.345        0.030        35212010010399  339.5687370   17.7382000   22h38m16.50s   17d44m17.52s      2               0    3.536682e-07         134         134         121        16.330            0.004     16.346         16.346   16.351       16.349    0.025       0.016        12794437001023  339.5687520   17.7382100        3521      1   55458.356927200         553    16.346    20.824     27.820    2.250       2.502           0      131072            0            1    12794437 
   55480.170497200        16.326        0.029        35212010010399  339.5687370   17.7382000   22h38m16.50s   17d44m17.52s      2               0    3.536682e-07         134         134         121        16.330            0.004     16.346         16.346   16.351       16.349    0.025       0.016        12805116001320  339.5687490   17.7382060        3521      1   55480.175147200         574    16.326    21.375     27.806    2.250       2.540           0      131072            0            1    12805116 
   55480.128187200        16.358        0.029        35212010010399  339.5687370   17.7382000   22h38m16.50s   17d44m17.52s      2               0    3.536682e-07         134         134         121        16.330            0.004     16.346         16.346   16.351       16.349    0.025       0.016        12805131001355  339.5687580   17.7382060        3521      1   55480.132837200         574    16.361    21.312     27.783    2.350       2.487           0      131072            0            1    12805131 
   56202.157977200        16.366        0.030        35212010010399  339.5687370   17.7382000   22h38m16.50s   17d44m17.52s      2               0    3.536682e-07         134         134         121        16.330            0.004     16.346         16.346   16.351       16.349    0.025       0.016        14273573000912  339.5687530   17.7382130        3521      1   56202.162947200        1299    16.383    20.632     27.835    2.150       2.127           0      131072            0            1    14273573 
   56202.128807200        16.367        0.030        35212010010399  339.5687370   17.7382000   22h38m16.50s   17d44m17.52s      2               0    3.536682e-07         134         134         121        16.330            0.004     16.346         16.346   16.351       16.349    0.025       0.016        14273576000917  339.5687480   17.7382130        3521      1   56202.133787200        1299    16.379    20.554     27.822    2.350       2.450           0      131072            0            1    14273576 
   56202.187427200        16.348        0.030        35212010010399  339.5687370   17.7382000   22h38m16.50s   17d44m17.52s      2               0    3.536682e-07         134         134         121        16.330            0.004     16.346         16.346   16.351       16.349    0.025       0.016        14273609000920  339.5687510   17.7382080        3521      1   56202.192407200        1299    16.351    20.600     27.844    2.350       2.652           0      131072            0            1    14273609 
   56204.112797200        16.403        0.374        35212010010399  339.5687370   17.7382000   22h38m16.50s   17d44m17.52s      2               0    3.536682e-07         134         134         121        16.330            0.004     16.346         16.346   16.351       16.349    0.025       0.016        14314176000642  339.5687300   17.7382170        3521      1   56204.117707200        1301    16.914    20.324     27.465    2.850       3.084           0      131072            0            1    14314176 
   56204.143157200        16.338        0.374        35212010010399  339.5687370   17.7382000   22h38m16.50s   17d44m17.52s      2               0    3.536682e-07         134         134         121        16.330            0.004     16.346         16.346   16.351       16.349    0.025       0.016        14314199000896  339.5687310   17.7382040        3521      1   56204.148067200        1301    16.561    20.719     27.539    2.450       2.506           0      131072            0            1    14314199 
   56204.173637200        16.355        0.373        35212010010399  339.5687370   17.7382000   22h38m16.50s   17d44m17.52s      2               0    3.536682e-07         134         134         121        16.330            0.004     16.346         16.346   16.351       16.349    0.025       0.016        14314224001125  339.5687420   17.7382120        3521      1   56204.178537200        1301    16.065    20.716     27.545    2.550       2.718           0      131072            0            1    14314224 
   56206.113627200        16.344        0.108        35212010010399  339.5687370   17.7382000   22h38m16.50s   17d44m17.52s      2               0    3.536682e-07         134         134         121        16.330            0.004     16.346         16.346   16.351       16.349    0.025       0.016        14340308001235  339.5687370   17.7382070        3521      1   56206.118457200        1303    16.374    21.239     27.887    2.650       2.777           0      131072            0            1    14340308 
   56206.149307200        16.342        0.108        35212010010399  339.5687370   17.7382000   22h38m16.50s   17d44m17.52s      2               0    3.536682e-07         134         134         121        16.330            0.004     16.346         16.346   16.351       16.349    0.025       0.016        14340329001345  339.5687440   17.7382140        3521      1   56206.154137200        1303    16.369    21.490     27.889    2.350       2.576           0      131072            0            1    14340329 
   56206.179597200        16.352        0.108        35212010010399  339.5687370   17.7382000   22h38m16.50s   17d44m17.52s      2               0    3.536682e-07         134         134         121        16.330            0.004     16.346         16.346   16.351       16.349    0.025       0.016        14340359001357  339.5687500   17.7382100        3521      1   56206.184427200        1303    16.359    21.606     27.877    2.150       2.264           0      131072            0            1    14340359 
   56228.184547200        16.380        0.027        35212010010399  339.5687370   17.7382000   22h38m16.50s   17d44m17.52s      2               0    3.536682e-07         134         134         121        16.330            0.004     16.346         16.346   16.351       16.349    0.025       0.016        14450215000923  339.5687500   17.7382030        3521      1   56228.188217200        1315    16.375    20.579     27.868    2.350       2.507           0      131072            0            1    14450215 
   56228.215327200        16.371        0.027        35212010010399  339.5687370   17.7382000   22h38m16.50s   17d44m17.52s      2               0    3.536682e-07         134         134         121        16.330            0.004     16.346         16.346   16.351       16.349    0.025       0.016        14450231000817  339.5687430   17.7382210        3521      1   56228.218997200        1315    16.378    20.445     27.866    2.550       2.673           0      131072            0            1    14450231 
   56230.249197200        16.334        0.027        35212010010399  339.5687370   17.7382000   22h38m16.50s   17d44m17.52s      2               0    3.536682e-07         134         134         121        16.330            0.004     16.346         16.346   16.351       16.349    0.025       0.016        14487301000846  339.5687540   17.7382140        3521      1   56230.252737200        1317    16.340    20.471     27.842    2.150       2.197           0      131072            0            1    14487301 
   56234.212917200        16.338        0.049        35212010010399  339.5687370   17.7382000   22h38m16.50s   17d44m17.52s      2               0    3.536682e-07         134         134         121        16.330            0.004     16.346         16.346   16.351       16.349    0.025       0.016        14497523001088  339.5687310   17.7382150        3521      1   56234.216167200        1321    16.321    20.978     27.838    2.550       2.781           0      131072            0            1    14497523 
   56234.244177200        16.365        0.049        35212010010399  339.5687370   17.7382000   22h38m16.50s   17d44m17.52s      2               0    3.536682e-07         134         134         121        16.330            0.004     16.346         16.346   16.351       16.349    0.025       0.016        14497538001030  339.5687410   17.7382090        3521      1   56234.247427200        1321    16.342    20.855     27.822    2.650       2.766           0      131072            0            1    14497538 
   56236.145687200        16.345        0.029        35212010010399  339.5687370   17.7382000   22h38m16.50s   17d44m17.52s      2               0    3.536682e-07         134         134         121        16.330            0.004     16.346         16.346   16.351       16.349    0.025       0.016        14529701001162  339.5687420   17.7382160        3521      1   56236.148787200        1323    16.357    21.327     27.883    2.550       2.609           0      131072            0            1    14529701 
   56238.121187200        16.347        0.027        35212010010399  339.5687370   17.7382000   22h38m16.50s   17d44m17.52s      2               0    3.536682e-07         134         134         121        16.330            0.004     16.346         16.346   16.351       16.349    0.025       0.016        14571459001230  339.5687420   17.7382110        3521      1   56238.124147200        1325    16.354    21.452     27.872    2.150       2.367           0      131072            0            1    14571459 
   56238.091697200        16.340        0.027        35212010010399  339.5687370   17.7382000   22h38m16.50s   17d44m17.52s      2               0    3.536682e-07         134         134         121        16.330            0.004     16.346         16.346   16.351       16.349    0.025       0.016        14571481001214  339.5687460   17.7382100        3521      1   56238.094657200        1325    16.346    21.351     27.868    2.250       2.360           0      131072            0            1    14571481 
   56232.228407200        16.361        0.069        35212010010399  339.5687370   17.7382000   22h38m16.50s   17d44m17.52s      2               0    3.536682e-07         134         134         121        16.330            0.004     16.346         16.346   16.351       16.349    0.025       0.016        14646437000980  339.5687410   17.7382150        3521      1   56232.231797200        1319    16.319    20.945     27.827    2.150       2.105           0      131072            0            1    14646437 
   56251.084597200        16.344        0.027        35212010010399  339.5687370   17.7382000   22h38m16.50s   17d44m17.52s      2               0    3.536682e-07         134         134         121        16.330            0.004     16.346         16.346   16.351       16.349    0.025       0.016        14656421001128  339.5687490   17.7382100        3521      1   56251.086477200        1338    16.351    21.188     27.875    2.150       2.224           0      131072            0            1    14656421 
   56251.114167200        16.334        0.027        35212010010399  339.5687370   17.7382000   22h38m16.50s   17d44m17.52s      2               0    3.536682e-07         134         134         121        16.330            0.004     16.346         16.346   16.351       16.349    0.025       0.016        14656431001072  339.5687480   17.7382140        3521      1   56251.116047200        1338    16.339    20.894     27.876    2.850       3.026           0      131072            0            1    14656431 
   56255.081677200        16.359        0.027        35212010010399  339.5687370   17.7382000   22h38m16.50s   17d44m17.52s      2               0    3.536682e-07         134         134         121        16.330            0.004     16.346         16.346   16.351       16.349    0.025       0.016        14696885000898  339.5687360   17.7382090        3521      1   56255.083207200        1342    16.356    20.578     27.873    2.650       2.796           0      131072            0            1    14696885 
   56255.112127200        16.330        0.027        35212010010399  339.5687370   17.7382000   22h38m16.50s   17d44m17.52s      2               0    3.536682e-07         134         134         121        16.330            0.004     16.346         16.346   16.351       16.349    0.025       0.016        14696913000791  339.5687190   17.7382160        3521      1   56255.113657200        1342    16.342    20.354     27.876    3.450       3.485           0      131072            0            1    14696913 
   56267.144527200        16.360        0.234        35212010010399  339.5687370   17.7382000   22h38m16.50s   17d44m17.52s      2               0    3.536682e-07         134         134         121        16.330            0.004     16.346         16.346   16.351       16.349    0.025       0.016        14756100001121  339.5687260   17.7382090        3521      1   56267.144947200        1354    16.364    20.986     27.716    2.450       2.537           0      131072            0            1    14756100 
   56267.186597200        16.347        0.234        35212010010399  339.5687370   17.7382000   22h38m16.50s   17d44m17.52s      2               0    3.536682e-07         134         134         121        16.330            0.004     16.346         16.346   16.351       16.349    0.025       0.016        14756123001059  339.5687300   17.7382130        3521      1   56267.187007200        1354    16.335    20.949     27.625    2.150       2.327           0      131072            0            1    14756123 
   56265.173377200        16.385        0.237        35212010010399  339.5687370   17.7382000   22h38m16.50s   17d44m17.52s      2               0    3.536682e-07         134         134         121        16.330            0.004     16.346         16.346   16.351       16.349    0.025       0.016        14765409000937  339.5687290   17.7382110        3521      1   56265.173987200        1352    16.628    20.980     27.681    2.350       2.493           0      131072            0            1    14765409 
   56265.143887200        16.354        0.237        35212010010399  339.5687370   17.7382000   22h38m16.50s   17d44m17.52s      2               0    3.536682e-07         134         134         121        16.330            0.004     16.346         16.346   16.351       16.349    0.025       0.016        14765419001237  339.5687310   17.7382100        3521      1   56265.144497200        1352    16.348    21.422     27.844    2.350       2.596           0      131072            0            1    14765419 
   56271.223777200        16.368        0.041        35212010010399  339.5687370   17.7382000   22h38m16.50s   17d44m17.52s      2               0    3.536682e-07         134         134         121        16.330            0.004     16.346         16.346   16.351       16.349    0.025       0.016        14806131000835  339.5687400   17.7382290        3521      1   56271.223807200        1358    16.355    20.514     27.747    3.650       3.831           0      131072            0            1    14806131 
   56257.088927200        16.353        0.028        35212010010399  339.5687370   17.7382000   22h38m16.50s   17d44m17.52s      2               0    3.536682e-07         134         134         121        16.330            0.004     16.346         16.346   16.351       16.349    0.025       0.016        15702199000914  339.5687410   17.7382100        3521      1   56257.090267200        1344    16.350    20.547     27.854    2.750       2.939           0      131072            0            1    15702199 
   56257.119777200        16.380        0.028        35212010010399  339.5687370   17.7382000   22h38m16.50s   17d44m17.52s      2               0    3.536682e-07         134         134         121        16.330            0.004     16.346         16.346   16.351       16.349    0.025       0.016        15702237000912  339.5687500   17.7382050        3521      1   56257.121127200        1344    16.379    20.763     27.859    2.250       2.558           0      131072            0            1    15702237 
   56911.286797200        16.338        0.031        35212010010399  339.5687370   17.7382000   22h38m16.50s   17d44m17.52s      2               0    3.536682e-07         134         134         121        16.330            0.004     16.346         16.346   16.351       16.349    0.025       0.016        21287618000849  339.5687320   17.7382090        3521      1   56911.292097200        1975    16.302    20.473     27.755    2.350       2.635           0      131072            0            1    21287618 
