   55783.493537200        16.538        0.032        35212000004487  338.8584350   17.2866150   22h35m26.02s   17d17m11.81s      2               0    3.888534e-07         134         134         117        16.537            0.007     16.540         16.540   16.541       16.540    0.016       0.012        10358489003785  338.8584380   17.2866070        3521      0   55783.498077200         881    16.547    21.705     27.986    2.150       2.198           0      131072            0            1    10358489 
   55783.450517200        16.538        0.032        35212000004487  338.8584350   17.2866150   22h35m26.02s   17d17m11.81s      2               0    3.888534e-07         134         134         117        16.537            0.007     16.540         16.540   16.541       16.540    0.016       0.012        10358546004185  338.8584490   17.2866090        3521      0   55783.455047200         881    16.535    21.903     27.998    2.050       2.141           0      131072            0            1    10358546 
   55794.417557200        16.530        0.127        35212000004487  338.8584350   17.2866150   22h35m26.02s   17d17m11.81s      2               0    3.888534e-07         134         134         117        16.537            0.007     16.540         16.540   16.541       16.540    0.016       0.012        10381024002047  338.8584290   17.2866090        3521      0   55794.422517200         892    17.086    20.936     27.862    2.150       2.177           0      131072            0            1    10381024 
   55794.374747200        16.592        0.131        35212000004487  338.8584350   17.2866150   22h35m26.02s   17d17m11.81s      2               0    3.888534e-07         134         134         117        16.537            0.007     16.540         16.540   16.541       16.540    0.016       0.012        10381090001171  338.8584310   17.2866350        3521      0   55794.379707200         892    18.277    20.779     27.909    2.050       1.896           0      131072            0            1    10381090 
   55821.364667200        16.551        0.027        35212000004487  338.8584350   17.2866150   22h35m26.02s   17d17m11.81s      2               0    3.888534e-07         134         134         117        16.537            0.007     16.540         16.540   16.541       16.540    0.016       0.012        10510320002703  338.8584350   17.2866020        3521      0   55821.369947200         919    16.567    21.077     27.975    2.050       2.071           0      131072            0            1    10510320 
   55821.319317200        16.548        0.027        35212000004487  338.8584350   17.2866150   22h35m26.02s   17d17m11.81s      2               0    3.888534e-07         134         134         117        16.537            0.007     16.540         16.540   16.541       16.540    0.016       0.012        10510348002793  338.8584450   17.2865990        3521      0   55821.324607200         919    16.560    21.065     27.984    2.250       2.292           0      131072            0            1    10510348 
   55471.200687200        16.549        0.033        35212000004487  338.8584350   17.2866150   22h35m26.02s   17d17m11.81s      2               0    3.888534e-07         134         134         117        16.537            0.007     16.540         16.540   16.541       16.540    0.016       0.012        10798349003904  338.8584280   17.2866170        3521      0   55471.205667200         562    16.561    21.790     28.100    2.050       1.922           0      131072            0            1    10798349 
   55471.244407200        16.536        0.033        35212000004487  338.8584350   17.2866150   22h35m26.02s   17d17m11.81s      2               0    3.888534e-07         134         134         117        16.537            0.007     16.540         16.540   16.541       16.540    0.016       0.012        10798441003951  338.8584310   17.2866530        3521      0   55471.249397200         562    16.540    21.787     28.096    2.050       2.014           0      131072            0            1    10798441 
   55483.166527200        16.551        0.028        35212000004487  338.8584350   17.2866150   22h35m26.02s   17d17m11.81s      2               0    3.888534e-07         134         134         117        16.537            0.007     16.540         16.540   16.541       16.540    0.016       0.012        10855740003737  338.8584190   17.2866170        3521      0   55483.171037200         577    16.561    21.728     28.086    1.850       1.890           0      131072            0            1    10855740 
   55483.122857200        16.529        0.028        35212000004487  338.8584350   17.2866150   22h35m26.02s   17d17m11.81s      2               0    3.888534e-07         134         134         117        16.537            0.007     16.540         16.540   16.541       16.540    0.016       0.012        10855795003547  338.8584360   17.2866200        3521      0   55483.127367200         577    16.531    21.553     28.068    2.050       2.109           0      131072            0            1    10855795 
   55443.230767200        16.527        0.027        35212000004487  338.8584350   17.2866150   22h35m26.02s   17d17m11.81s      2               0    3.888534e-07         134         134         117        16.537            0.007     16.540         16.540   16.541       16.540    0.016       0.012        10908450004080  338.8584310   17.2866320        3521      0   55443.236027200         538    16.523    21.793     28.082    2.050       2.114           0      131072            0            1    10908450 
   55443.185917200        16.532        0.027        35212000004487  338.8584350   17.2866150   22h35m26.02s   17d17m11.81s      2               0    3.888534e-07         134         134         117        16.537            0.007     16.540         16.540   16.541       16.540    0.016       0.012        10908458003523  338.8584480   17.2866170        3521      0   55443.191177200         538    16.529    21.486     28.051    2.350       2.502           0      131072            0            1    10908458 
   55446.312747200        16.536        0.037        35212000004487  338.8584350   17.2866150   22h35m26.02s   17d17m11.81s      2               0    3.888534e-07         134         134         117        16.537            0.007     16.540         16.540   16.541       16.540    0.016       0.012        10913466004418  338.8584250   17.2866380        3521      0   55446.318037200         541    16.540    22.087     28.097    1.750       1.817           0      131072            0            1    10913466 
   55446.269397200        16.527        0.037        35212000004487  338.8584350   17.2866150   22h35m26.02s   17d17m11.81s      2               0    3.888534e-07         134         134         117        16.537            0.007     16.540         16.540   16.541       16.540    0.016       0.012        10913512004252  338.8584330   17.2866350        3521      0   55446.274687200         541    16.532    22.005     28.093    1.850       1.845           0      131072            0            1    10913512 
   55452.163847200        16.540        0.025        35212000004487  338.8584350   17.2866150   22h35m26.02s   17d17m11.81s      2               0    3.888534e-07         134         134         117        16.537            0.007     16.540         16.540   16.541       16.540    0.016       0.012        10932610003677  338.8584520   17.2866270        3521      0   55452.169147200         547    16.547    21.521     28.088    2.050       2.142           0      131072            0            1    10932610 
   55452.206587200        16.541        0.024        35212000004487  338.8584350   17.2866150   22h35m26.02s   17d17m11.81s      2               0    3.888534e-07         134         134         117        16.537            0.007     16.540         16.540   16.541       16.540    0.016       0.012        10932723003849  338.8584460   17.2866350        3521      0   55452.211887200         547    16.548    21.724     28.104    2.050       2.154           0      131072            0            1    10932723 
   55467.310857200        16.542        0.053        35212000004487  338.8584350   17.2866150   22h35m26.02s   17d17m11.81s      2               0    3.888534e-07         134         134         117        16.537            0.007     16.540         16.540   16.541       16.540    0.016       0.012        11077739003141  338.8584250   17.2866210        3521      0   55467.315957200         560    16.540    21.316     28.071    2.050       2.085           0      131072            0            1    11077739 
   55468.221587200        16.570        0.186        35212000004487  338.8584350   17.2866150   22h35m26.02s   17d17m11.81s      2               0    3.888534e-07         134         134         117        16.537            0.007     16.540         16.540   16.541       16.540    0.016       0.012        11078422003670  338.8584350   17.2866130        3521      0   55468.226657200         558    16.607    21.652     28.153    2.050       2.064           0      131072            0            1    11078422 
   55416.200397200        16.540        0.193        35212000004487  338.8584350   17.2866150   22h35m26.02s   17d17m11.81s      2               0    3.888534e-07         134         134         117        16.537            0.007     16.540         16.540   16.541       16.540    0.016       0.012        11121847002521  338.8584620   17.2866350        3521      0   55416.204827200         515    16.597    20.536     26.918    3.150       3.123           0      131072            0            1    11121847 
   55416.243347200        16.560        0.192        35212000004487  338.8584350   17.2866150   22h35m26.02s   17d17m11.81s      2               0    3.888534e-07         134         134         117        16.537            0.007     16.540         16.540   16.541       16.540    0.016       0.012        11121985002724  338.8584540   17.2866320        3521      0   55416.247777200         515    16.692    21.001     27.134    2.750       2.897           0      131072            0            1    11121985 
   55422.369597200        16.539        0.027        35212000004487  338.8584350   17.2866150   22h35m26.02s   17d17m11.81s      2               0    3.888534e-07         134         134         117        16.537            0.007     16.540         16.540   16.541       16.540    0.016       0.012        11149623004411  338.8584320   17.2866260        3521      0   55422.374307200         521    16.533    22.020     28.123    2.050       2.071           0      131072            0            1    11149623 
   55422.414337200        16.536        0.027        35212000004487  338.8584350   17.2866150   22h35m26.02s   17d17m11.81s      2               0    3.888534e-07         134         134         117        16.537            0.007     16.540         16.540   16.541       16.540    0.016       0.012        11149774004252  338.8584320   17.2866270        3521      0   55422.419057200         521    16.534    21.946     28.121    2.150       2.099           0      131072            0            1    11149774 
   55429.226357200        16.554        0.027        35212000004487  338.8584350   17.2866150   22h35m26.02s   17d17m11.81s      2               0    3.888534e-07         134         134         117        16.537            0.007     16.540         16.540   16.541       16.540    0.016       0.012        11200816002863  338.8584400   17.2866220        3521      0   55429.231317200         528    16.553    21.110     28.065    1.950       2.055           0      131072            0            1    11200816 
   55429.183207200        16.527        0.028        35212000004487  338.8584350   17.2866150   22h35m26.02s   17d17m11.81s      2               0    3.888534e-07         134         134         117        16.537            0.007     16.540         16.540   16.541       16.540    0.016       0.012        11201013002636  338.8584360   17.2866360        3521      0   55429.188167200         528    16.518    20.807     28.013    2.150       2.288           0      131072            0            1    11201013 
   55436.224917200        16.531        0.035        35212000004487  338.8584350   17.2866150   22h35m26.02s   17d17m11.81s      2               0    3.888534e-07         134         134         117        16.537            0.007     16.540         16.540   16.541       16.540    0.016       0.012        11207843002525  338.8584440   17.2866290        3521      0   55436.230067200         609    16.523    20.701     28.071    2.350       2.459           0      131072            0            1    11207843 
   55436.176617200        16.556        0.035        35212000004487  338.8584350   17.2866150   22h35m26.02s   17d17m11.81s      2               0    3.888534e-07         134         134         117        16.537            0.007     16.540         16.540   16.541       16.540    0.016       0.012        11208062002315  338.8584510   17.2866240        3521      0   55436.181767200         609    16.538    20.521     28.021    2.650       2.822           0      131072            0            1    11208062 
   55426.169847200        16.534        0.067        35212000004487  338.8584350   17.2866150   22h35m26.02s   17d17m11.81s      2               0    3.888534e-07         134         134         117        16.537            0.007     16.540         16.540   16.541       16.540    0.016       0.012        11224126002527  338.8584350   17.2866330        3521      0   55426.174707200         525    16.431    20.468     27.816    3.150       3.330           0      131072            0            1    11224126 
   55439.224367200        16.530        0.028        35212000004487  338.8584350   17.2866150   22h35m26.02s   17d17m11.81s      2               0    3.888534e-07         134         134         117        16.537            0.007     16.540         16.540   16.541       16.540    0.016       0.012        11225283003717  338.8584230   17.2866350        3521      0   55439.229567200         534    16.527    21.655     28.081    1.950       2.026           0      131072            0            1    11225283 
   55439.179857200        16.542        0.028        35212000004487  338.8584350   17.2866150   22h35m26.02s   17d17m11.81s      2               0    3.888534e-07         134         134         117        16.537            0.007     16.540         16.540   16.541       16.540    0.016       0.012        11225325003634  338.8584680   17.2866220        3521      0   55439.185067200         534    16.534    21.500     28.039    2.250       2.449           0      131072            0            1    11225325 
   55382.429197200        16.544        0.025        35212000004487  338.8584350   17.2866150   22h35m26.02s   17d17m11.81s      2               0    3.888534e-07         134         134         117        16.537            0.007     16.540         16.540   16.541       16.540    0.016       0.012        11241165003691  338.8584340   17.2866020        3521      0   55382.431397200         481    16.553    21.602     28.124    2.150       2.233           0      131072            0            1    11241165 
   55382.386187200        16.532        0.025        35212000004487  338.8584350   17.2866150   22h35m26.02s   17d17m11.81s      2               0    3.888534e-07         134         134         117        16.537            0.007     16.540         16.540   16.541       16.540    0.016       0.012        11241179003502  338.8584410   17.2866160        3521      0   55382.388377200         481    16.542    21.482     28.110    2.250       2.240           0      131072            0            1    11241179 
   55387.460507200        16.549        0.190        35212000004487  338.8584350   17.2866150   22h35m26.02s   17d17m11.81s      2               0    3.888534e-07         134         134         117        16.537            0.007     16.540         16.540   16.541       16.540    0.016       0.012        11261130004128  338.8584360   17.2866430        3521      0   55387.463097200         486    16.321    21.575     27.853    2.250       2.227           0      131072            0            1    11261130 
   55387.412087200        16.528        0.190        35212000004487  338.8584350   17.2866150   22h35m26.02s   17d17m11.81s      2               0    3.888534e-07         134         134         117        16.537            0.007     16.540         16.540   16.541       16.540    0.016       0.012        11261216004681  338.8584500   17.2866600        3521      0   55387.414667200         486    16.408    22.015     27.956    1.850       1.892           0      131072            0            1    11261216 
   55349.467407200        16.541        0.058        35212000004487  338.8584350   17.2866150   22h35m26.02s   17d17m11.81s      2               0    3.888534e-07         134         134         117        16.537            0.007     16.540         16.540   16.541       16.540    0.016       0.012        11335384002981  338.8584400   17.2866300        3521      0   55349.466757200         449    16.565    21.046     28.126    2.350       2.470           0      131072            0            1    11335384 
   55364.433677200        16.548        0.031        35212000004487  338.8584350   17.2866150   22h35m26.02s   17d17m11.81s      2               0    3.888534e-07         134         134         117        16.537            0.007     16.540         16.540   16.541       16.540    0.016       0.012        11389733003952  338.8584410   17.2866330        3521      0   55364.434347200         463    16.545    21.705     28.120    2.350       2.495           0      131074            0            1    11389733 
   55364.386147200        16.528        0.031        35212000004487  338.8584350   17.2866150   22h35m26.02s   17d17m11.81s      2               0    3.888534e-07         134         134         117        16.537            0.007     16.540         16.540   16.541       16.540    0.016       0.012        11389735003737  338.8584570   17.2866160        3521      0   55364.386807200         463    16.516    21.559     28.083    2.450       2.521           0      131074            0            1    11389735 
   55419.358367200        16.535        0.263        35212000004487  338.8584350   17.2866150   22h35m26.02s   17d17m11.81s      2               0    3.888534e-07         134         134         117        16.537            0.007     16.540         16.540   16.541       16.540    0.016       0.012        11395185003317  338.8584520   17.2866210        3521      0   55419.362947200         518    16.353    21.159     27.085    2.250       2.468           0      131072            0            1    11395185 
   55419.401647200        16.528        0.263        35212000004487  338.8584350   17.2866150   22h35m26.02s   17d17m11.81s      2               0    3.888534e-07         134         134         117        16.537            0.007     16.540         16.540   16.541       16.540    0.016       0.012        11395348002992  338.8584530   17.2866250        3521      0   55419.406227200         518    16.459    21.146     27.102    2.450       2.489           0      131072            0            1    11395348 
   55372.400097200        16.533        0.027        35212000004487  338.8584350   17.2866150   22h35m26.02s   17d17m11.81s      2               0    3.888534e-07         134         134         117        16.537            0.007     16.540         16.540   16.541       16.540    0.016       0.012        11411275002889  338.8584320   17.2866140        3521      0   55372.401447200         471    16.531    21.105     28.116    2.050       2.215           0      131072            0            1    11411275 
   55372.356507200        16.536        0.028        35212000004487  338.8584350   17.2866150   22h35m26.02s   17d17m11.81s      2               0    3.888534e-07         134         134         117        16.537            0.007     16.540         16.540   16.541       16.540    0.016       0.012        11411338002512  338.8584490   17.2866240        3521      0   55372.357857200         471    16.530    20.704     28.082    2.550       2.680           0      131072            0            1    11411338 
   55371.453437200        16.532        0.025        35212000004487  338.8584350   17.2866150   22h35m26.02s   17d17m11.81s      2               0    3.888534e-07         134         134         117        16.537            0.007     16.540         16.540   16.541       16.540    0.016       0.012        11414051003988  338.8584540   17.2866190        3521      0   55371.454717200         470    16.541    21.697     28.147    2.050       2.154           0      131072            0            1    11414051 
   55370.457827200        16.545        0.026        35212000004487  338.8584350   17.2866150   22h35m26.02s   17d17m11.81s      2               0    3.888534e-07         134         134         117        16.537            0.007     16.540         16.540   16.541       16.540    0.016       0.012        11416228004288  338.8584340   17.2866210        3521      0   55370.459017200         469    16.563    21.953     28.150    2.050       2.071           0      131072            0            1    11416228 
   55377.357017200        16.535        0.028        35212000004487  338.8584350   17.2866150   22h35m26.02s   17d17m11.81s      2               0    3.888534e-07         134         134         117        16.537            0.007     16.540         16.540   16.541       16.540    0.016       0.012        11430718002562  338.8584450   17.2866320        3521      0   55377.358787200         476    16.531    20.808     28.071    2.350       2.506           0      131072            0            1    11430718 
   55377.401227200        16.530        0.027        35212000004487  338.8584350   17.2866150   22h35m26.02s   17d17m11.81s      2               0    3.888534e-07         134         134         117        16.537            0.007     16.540         16.540   16.541       16.540    0.016       0.012        11430750002640  338.8584370   17.2866210        3521      0   55377.403007200         476    16.529    20.885     28.095    2.350       2.438           0      131072            0            1    11430750 
   55137.187677200        16.542        0.028        35212000004487  338.8584350   17.2866150   22h35m26.02s   17d17m11.81s      2               0    3.888534e-07         134         134         117        16.537            0.007     16.540         16.540   16.541       16.540    0.016       0.012        11786718002357  338.8584240   17.2866080        3521      0   55137.191017200         244    16.533    20.605     28.161    2.450       2.433           0      131072            0            1    11786718 
   55138.179157200        16.509        0.042        35212000004487  338.8584350   17.2866150   22h35m26.02s   17d17m11.81s      2               0    3.888534e-07         134         134         117        16.537            0.007     16.540         16.540   16.541       16.540    0.016       0.012        11790096002447  338.8584250   17.2866250        3521      0   55138.182427200         245    16.490    20.574     28.141    2.650       2.805           0      131072            0            1    11790096 
   55142.163267200        16.534        0.028        35212000004487  338.8584350   17.2866150   22h35m26.02s   17d17m11.81s      2               0    3.888534e-07         134         134         117        16.537            0.007     16.540         16.540   16.541       16.540    0.016       0.012        11794238003745  338.8584110   17.2866090        3521      0   55142.166237200         282    16.528    21.612     28.164    2.250       2.273           0      131072            0            1    11794238 
   55142.118957200        16.525        0.028        35212000004487  338.8584350   17.2866150   22h35m26.02s   17d17m11.81s      2               0    3.888534e-07         134         134         117        16.537            0.007     16.540         16.540   16.541       16.540    0.016       0.012        11794342003562  338.8584400   17.2866300        3521      0   55142.121927200         282    16.521    21.467     28.160    2.450       2.493           0      131072            0            1    11794342 
   55123.223387200        16.537        0.030        35212000004487  338.8584350   17.2866150   22h35m26.02s   17d17m11.81s      2               0    3.888534e-07         134         134         117        16.537            0.007     16.540         16.540   16.541       16.540    0.016       0.012        11812691003599  338.8584260   17.2866590        3521      0   55123.227627200         232    16.546    21.712     28.186    2.150       2.166           0      131072            0            1    11812691 
   55045.207707200        16.522        0.027        35212000004487  338.8584350   17.2866150   22h35m26.02s   17d17m11.81s      2               0    3.888534e-07         134         134         117        16.537            0.007     16.540         16.540   16.541       16.540    0.016       0.012        11858039002287  338.8584580   17.2866250        3521      0   55045.211847200         159    16.505    20.316     27.625    2.950       3.181           0      131072            0            1    11858039 
   55045.289337200        16.540        0.027        35212000004487  338.8584350   17.2866150   22h35m26.02s   17d17m11.81s      2               0    3.888534e-07         134         134         117        16.537            0.007     16.540         16.540   16.541       16.540    0.016       0.012        11858047003084  338.8584670   17.2866220        3521      0   55045.293477200         159    16.543    21.116     27.741    2.050       2.074           0      131072            0            1    11858047 
   55049.426157200        16.551        0.028        35212000004487  338.8584350   17.2866150   22h35m26.02s   17d17m11.81s      2               0    3.888534e-07         134         134         117        16.537            0.007     16.540         16.540   16.541       16.540    0.016       0.012        11863107002194  338.8584570   17.2866380        3521      0   55049.430517200         163    16.551    20.334     27.741    2.150       2.146           0      131072            0            1    11863107 
   55054.221717200        16.519        0.056        35212000004487  338.8584350   17.2866150   22h35m26.02s   17d17m11.81s      2               0    3.888534e-07         134         134         117        16.537            0.007     16.540         16.540   16.541       16.540    0.016       0.012        11869744002041  338.8584540   17.2866330        3521      0   55054.226297200         168    16.486    20.092     27.558    3.350       3.991           0      131072            0            1    11869744 
   55066.328927200        16.530        0.027        35212000004487  338.8584350   17.2866150   22h35m26.02s   17d17m11.81s      2               0    3.888534e-07         134         134         117        16.537            0.007     16.540         16.540   16.541       16.540    0.016       0.012        11884044004325  338.8584180   17.2866550        3521      0   55066.333957200         180    16.516    21.846     27.687    1.850       1.926           0      131072            0            1    11884044 
   55066.284507200        16.535        0.027        35212000004487  338.8584350   17.2866150   22h35m26.02s   17d17m11.81s      2               0    3.888534e-07         134         134         117        16.537            0.007     16.540         16.540   16.541       16.540    0.016       0.012        11884061004250  338.8584340   17.2866860        3521      0   55066.289537200         180    16.544    21.919     27.667    1.650       1.798           0      131072            0            1    11884061 
   55061.271507200        16.523        0.024        35212000004487  338.8584350   17.2866150   22h35m26.02s   17d17m11.81s      2               0    3.888534e-07         134         134         117        16.537            0.007     16.540         16.540   16.541       16.540    0.016       0.012        11893490004188  338.8584440   17.2866210        3521      0   55061.276377200         175    16.522    21.781     27.753    1.950       2.078           0      131072            0            1    11893490 
   55061.369177200        16.528        0.024        35212000004487  338.8584350   17.2866150   22h35m26.02s   17d17m11.81s      2               0    3.888534e-07         134         134         117        16.537            0.007     16.540         16.540   16.541       16.540    0.016       0.012        11893514004371  338.8584280   17.2866460        3521      0   55061.374047200         175    16.526    21.818     27.753    2.150       2.204           0      131074            0            1    11893514 
   55056.350197200        16.534        0.024        35212000004487  338.8584350   17.2866150   22h35m26.02s   17d17m11.81s      2               0    3.888534e-07         134         134         117        16.537            0.007     16.540         16.540   16.541       16.540    0.016       0.012        11899269003506  338.8584450   17.2866580        3521      0   55056.354877200         170    16.536    21.347     27.744    2.150       2.199           0      131072            0            1    11899269 
   55056.268047200        16.542        0.024        35212000004487  338.8584350   17.2866150   22h35m26.02s   17d17m11.81s      2               0    3.888534e-07         134         134         117        16.537            0.007     16.540         16.540   16.541       16.540    0.016       0.012        11899280003593  338.8584520   17.2866240        3521      0   55056.272717200         170    16.538    21.401     27.719    2.150       2.234           0      131072            0            1    11899280 
   55087.280887200        16.551        0.023        35212000004487  338.8584350   17.2866150   22h35m26.02s   17d17m11.81s      2               0    3.888534e-07         134         134         117        16.537            0.007     16.540         16.540   16.541       16.540    0.016       0.012        11918661004241  338.8584510   17.2866230        3521      0   55087.286197200         199    16.556    21.826     27.753    1.950       1.910           0      131072            0            1    11918661 
   55087.325037200        16.539        0.023        35212000004487  338.8584350   17.2866150   22h35m26.02s   17d17m11.81s      2               0    3.888534e-07         134         134         117        16.537            0.007     16.540         16.540   16.541       16.540    0.016       0.012        11918675004008  338.8584530   17.2866260        3521      0   55087.330337200         199    16.549    21.702     27.753    2.150       2.166           0      131072            0            1    11918675 
   55019.451217200        16.557        0.032        35212000004487  338.8584350   17.2866150   22h35m26.02s   17d17m11.81s      2               0    3.888534e-07         134         134         117        16.537            0.007     16.540         16.540   16.541       16.540    0.016       0.012        11920831002527  338.8584420   17.2866340        3521      0   55019.453587200         133    16.520    20.494     27.643    2.450       2.486           0      131072            0            1    11920831 
   55019.390137200        16.557        0.033        35212000004487  338.8584350   17.2866150   22h35m26.02s   17d17m11.81s      2               0    3.888534e-07         134         134         117        16.537            0.007     16.540         16.540   16.541       16.540    0.016       0.012        11920877002419  338.8584480   17.2866250        3521      0   55019.392507200         133    16.518    20.416     27.627    2.450       2.483           0      131072            0            1    11920877 
   55032.282817200        16.602        0.063        35212000004487  338.8584350   17.2866150   22h35m26.02s   17d17m11.81s      2               0    3.888534e-07         134         134         117        16.537            0.007     16.540         16.540   16.541       16.540    0.016       0.012        11956016001823  338.8584620   17.2866190        3521      0   55032.286137200         146    17.872    21.155     27.583    2.150       2.297           0      131072            0            1    11956016 
   55031.383737200        16.544        0.033        35212000004487  338.8584350   17.2866150   22h35m26.02s   17d17m11.81s      2               0    3.888534e-07         134         134         117        16.537            0.007     16.540         16.540   16.541       16.540    0.016       0.012        11957451004205  338.8584370   17.2866440        3521      0   55031.387007200         145    16.553    21.787     27.697    1.950       2.047           0      131072            0            1    11957451 
   55039.420947200        16.525        0.027        35212000004487  338.8584350   17.2866150   22h35m26.02s   17d17m11.81s      2               0    3.888534e-07         134         134         117        16.537            0.007     16.540         16.540   16.541       16.540    0.016       0.012        11989864004192  338.8584310   17.2866490        3521      0   55039.424747200         153    16.502    21.704     27.696    2.150       2.176           0      131072            0            1    11989864 
   55039.376907200        16.529        0.027        35212000004487  338.8584350   17.2866150   22h35m26.02s   17d17m11.81s      2               0    3.888534e-07         134         134         117        16.537            0.007     16.540         16.540   16.541       16.540    0.016       0.012        11989960004105  338.8584360   17.2866350        3521      0   55039.380697200         153    16.506    21.712     27.674    2.050       2.155           0      131072            0            1    11989960 
   55498.219327200        16.553        0.202        35212000004487  338.8584350   17.2866150   22h35m26.02s   17d17m11.81s      2               0    3.888534e-07         134         134         117        16.537            0.007     16.540         16.540   16.541       16.540    0.016       0.012        12783020002845  338.8584490   17.2866140        3521      0   55498.222967200         593    16.801    21.304     28.024    2.050       2.115           0      131072            0            1    12783020 
   55498.274697200        16.535        0.202        35212000004487  338.8584350   17.2866150   22h35m26.02s   17d17m11.81s      2               0    3.888534e-07         134         134         117        16.537            0.007     16.540         16.540   16.541       16.540    0.016       0.012        12783276003437  338.8584460   17.2866110        3521      0   55498.278327200         593    16.411    21.308     27.960    2.050       2.044           0      131072            0            1    12783276 
   55458.418447200        16.561        0.027        35212000004487  338.8584350   17.2866150   22h35m26.02s   17d17m11.81s      2               0    3.888534e-07         134         134         117        16.537            0.007     16.540         16.540   16.541       16.540    0.016       0.012        12794775002880  338.8584440   17.2866110        3521      0   55458.423707200         553    16.553    21.102     28.063    2.250       2.317           0      131072            0            1    12794775 
   55458.351667200        16.552        0.027        35212000004487  338.8584350   17.2866150   22h35m26.02s   17d17m11.81s      2               0    3.888534e-07         134         134         117        16.537            0.007     16.540         16.540   16.541       16.540    0.016       0.012        12794931002684  338.8584410   17.2866140        3521      0   55458.356927200         553    16.555    21.018     28.094    2.150       2.193           0      131072            0            1    12794931 
   55480.170497200        16.533        0.026        35212000004487  338.8584350   17.2866150   22h35m26.02s   17d17m11.81s      2               0    3.888534e-07         134         134         117        16.537            0.007     16.540         16.540   16.541       16.540    0.016       0.012        12807129003648  338.8584410   17.2866120        3521      0   55480.175147200         574    16.544    21.533     28.088    2.150       2.289           0      131072            0            1    12807129 
   55480.128187200        16.533        0.026        35212000004487  338.8584350   17.2866150   22h35m26.02s   17d17m11.81s      2               0    3.888534e-07         134         134         117        16.537            0.007     16.540         16.540   16.541       16.540    0.016       0.012        12807144003674  338.8584480   17.2866120        3521      0   55480.132837200         574    16.547    21.604     28.066    2.050       2.111           0      131072            0            1    12807144 
   56202.157977200        16.564        0.028        35212000004487  338.8584350   17.2866150   22h35m26.02s   17d17m11.81s      2               0    3.888534e-07         134         134         117        16.537            0.007     16.540         16.540   16.541       16.540    0.016       0.012        14272769002499  338.8584370   17.2865950        3521      0   56202.162947200        1299    16.585    20.839     28.099    2.050       1.973           0      131072            0            1    14272769 
   56202.128807200        16.551        0.028        35212000004487  338.8584350   17.2866150   22h35m26.02s   17d17m11.81s      2               0    3.888534e-07         134         134         117        16.537            0.007     16.540         16.540   16.541       16.540    0.016       0.012        14272772002466  338.8584330   17.2865870        3521      0   56202.133787200        1299    16.568    20.757     28.087    2.250       2.284           0      131072            0            1    14272772 
   56202.187427200        16.538        0.028        35212000004487  338.8584350   17.2866150   22h35m26.02s   17d17m11.81s      2               0    3.888534e-07         134         134         117        16.537            0.007     16.540         16.540   16.541       16.540    0.016       0.012        14272805002510  338.8584300   17.2865980        3521      0   56202.192407200        1299    16.543    20.800     28.107    2.250       2.331           0      131072            0            1    14272805 
   56204.112797200        16.516        0.385        35212000004487  338.8584350   17.2866150   22h35m26.02s   17d17m11.81s      2               0    3.888534e-07         134         134         117        16.537            0.007     16.540         16.540   16.541       16.540    0.016       0.012        14313881001908  338.8584460   17.2866080        3521      0   56204.117707200        1301    16.954    20.545     27.674    2.650       2.779           0      131072            0            1    14313881 
   56204.143157200        16.549        0.385        35212000004487  338.8584350   17.2866150   22h35m26.02s   17d17m11.81s      2               0    3.888534e-07         134         134         117        16.537            0.007     16.540         16.540   16.541       16.540    0.016       0.012        14313904002412  338.8584320   17.2865980        3521      0   56204.148067200        1301    16.731    20.908     27.724    2.250       2.346           0      131072            0            1    14313904 
   56204.173637200        16.526        0.385        35212000004487  338.8584350   17.2866150   22h35m26.02s   17d17m11.81s      2               0    3.888534e-07         134         134         117        16.537            0.007     16.540         16.540   16.541       16.540    0.016       0.012        14313929003107  338.8584350   17.2865930        3521      0   56204.178537200        1301    16.166    20.864     27.723    2.450       2.527           0      131074            0            1    14313929 
   56206.113627200        16.547        0.103        35212000004487  338.8584350   17.2866150   22h35m26.02s   17d17m11.81s      2               0    3.888534e-07         134         134         117        16.537            0.007     16.540         16.540   16.541       16.540    0.016       0.012        14340024003495  338.8584380   17.2865930        3521      0   56206.118457200        1303    16.590    21.419     28.154    2.550       2.527           0      131072            0            1    14340024 
   56206.149307200        16.555        0.103        35212000004487  338.8584350   17.2866150   22h35m26.02s   17d17m11.81s      2               0    3.888534e-07         134         134         117        16.537            0.007     16.540         16.540   16.541       16.540    0.016       0.012        14340045003745  338.8584360   17.2865970        3521      0   56206.154137200        1303    16.596    21.725     28.157    2.150       2.199           0      131072            0            1    14340045 
   56206.179597200        16.544        0.103        35212000004487  338.8584350   17.2866150   22h35m26.02s   17d17m11.81s      2               0    3.888534e-07         134         134         117        16.537            0.007     16.540         16.540   16.541       16.540    0.016       0.012        14340075003851  338.8584420   17.2866000        3521      0   56206.184427200        1303    16.566    21.795     28.145    2.050       2.086           0      131072            0            1    14340075 
   56228.184547200        16.545        0.026        35212000004487  338.8584350   17.2866150   22h35m26.02s   17d17m11.81s      2               0    3.888534e-07         134         134         117        16.537            0.007     16.540         16.540   16.541       16.540    0.016       0.012        14450753002509  338.8584340   17.2865930        3521      0   56228.188217200        1315    16.537    20.725     28.129    2.350       2.457           0      131072            0            1    14450753 
   56228.215327200        16.541        0.026        35212000004487  338.8584350   17.2866150   22h35m26.02s   17d17m11.81s      2               0    3.888534e-07         134         134         117        16.537            0.007     16.540         16.540   16.541       16.540    0.016       0.012        14450769002290  338.8584330   17.2866000        3521      0   56228.218997200        1315    16.547    20.633     28.126    2.450       2.444           0      131072            0            1    14450769 
   56230.249197200        16.551        0.026        35212000004487  338.8584350   17.2866150   22h35m26.02s   17d17m11.81s      2               0    3.888534e-07         134         134         117        16.537            0.007     16.540         16.540   16.541       16.540    0.016       0.012        14487135002305  338.8584220   17.2865910        3521      0   56230.252737200        1317    16.550    20.617     28.099    2.150       2.182           0      131072            0            1    14487135 
   56234.212917200        16.534        0.047        35212000004487  338.8584350   17.2866150   22h35m26.02s   17d17m11.81s      2               0    3.888534e-07         134         134         117        16.537            0.007     16.540         16.540   16.541       16.540    0.016       0.012        14497228002948  338.8584270   17.2866020        3521      0   56234.216167200        1321    16.520    21.158     28.108    2.450       2.531           0      131072            0            1    14497228 
   56234.244177200        16.542        0.047        35212000004487  338.8584350   17.2866150   22h35m26.02s   17d17m11.81s      2               0    3.888534e-07         134         134         117        16.537            0.007     16.540         16.540   16.541       16.540    0.016       0.012        14497243002861  338.8584130   17.2865980        3521      0   56234.247427200        1321    16.521    21.033     28.091    2.550       2.571           0      131072            0            1    14497243 
   56236.145687200        16.528        0.027        35212000004487  338.8584350   17.2866150   22h35m26.02s   17d17m11.81s      2               0    3.888534e-07         134         134         117        16.537            0.007     16.540         16.540   16.541       16.540    0.016       0.012        14528681003502  338.8584300   17.2865950        3521      0   56236.148787200        1323    16.539    21.506     28.141    2.450       2.541           0      131072            0            1    14528681 
   56238.121187200        16.541        0.025        35212000004487  338.8584350   17.2866150   22h35m26.02s   17d17m11.81s      2               0    3.888534e-07         134         134         117        16.537            0.007     16.540         16.540   16.541       16.540    0.016       0.012        14570745003532  338.8584360   17.2866040        3521      0   56238.124147200        1325    16.556    21.638     28.146    2.050       2.188           0      131072            0            1    14570745 
   56238.091697200        16.544        0.025        35212000004487  338.8584350   17.2866150   22h35m26.02s   17d17m11.81s      2               0    3.888534e-07         134         134         117        16.537            0.007     16.540         16.540   16.541       16.540    0.016       0.012        14570767003437  338.8584330   17.2866070        3521      0   56238.094657200        1325    16.554    21.484     28.141    2.250       2.249           0      131074            0            1    14570767 
   56232.228407200        16.555        0.070        35212000004487  338.8584350   17.2866150   22h35m26.02s   17d17m11.81s      2               0    3.888534e-07         134         134         117        16.537            0.007     16.540         16.540   16.541       16.540    0.016       0.012        14645245002787  338.8584310   17.2865960        3521      0   56232.231797200        1319    16.509    21.083     28.079    2.150       2.200           0      131072            0            1    14645245 
   56251.084597200        16.531        0.025        35212000004487  338.8584350   17.2866150   22h35m26.02s   17d17m11.81s      2               0    3.888534e-07         134         134         117        16.537            0.007     16.540         16.540   16.541       16.540    0.016       0.012        14655503003227  338.8584360   17.2865970        3521      0   56251.086477200        1338    16.542    21.383     28.148    2.050       2.105           0      131072            0            1    14655503 
   56251.114167200        16.536        0.025        35212000004487  338.8584350   17.2866150   22h35m26.02s   17d17m11.81s      2               0    3.888534e-07         134         134         117        16.537            0.007     16.540         16.540   16.541       16.540    0.016       0.012        14655513002997  338.8584370   17.2865920        3521      0   56251.116047200        1338    16.546    21.031     28.148    2.850       2.914           0      131072            0            1    14655513 
   56255.081677200        16.565        0.028        35212000004487  338.8584350   17.2866150   22h35m26.02s   17d17m11.81s      2               0    3.888534e-07         134         134         117        16.537            0.007     16.540         16.540   16.541       16.540    0.016       0.012        14695425002514  338.8584360   17.2865900        3521      0   56255.083207200        1342    16.553    20.682     28.126    2.750       2.780           0      131072            0            1    14695425 
   56255.112127200        16.557        0.028        35212000004487  338.8584350   17.2866150   22h35m26.02s   17d17m11.81s      2               0    3.888534e-07         134         134         117        16.537            0.007     16.540         16.540   16.541       16.540    0.016       0.012        14695453002291  338.8584300   17.2866020        3521      0   56255.113657200        1342    16.561    20.529     28.131    3.350       3.324           0      131072            0            1    14695453 
   56267.144527200        16.545        0.233        35212000004487  338.8584350   17.2866150   22h35m26.02s   17d17m11.81s      2               0    3.888534e-07         134         134         117        16.537            0.007     16.540         16.540   16.541       16.540    0.016       0.012        14755792003087  338.8584240   17.2865950        3521      0   56267.144947200        1354    16.544    21.118     27.963    2.450       2.447           0      131072            0            1    14755792 
   56267.186597200        16.523        0.233        35212000004487  338.8584350   17.2866150   22h35m26.02s   17d17m11.81s      2               0    3.888534e-07         134         134         117        16.537            0.007     16.540         16.540   16.541       16.540    0.016       0.012        14755815002905  338.8584250   17.2865920        3521      0   56267.187007200        1354    16.509    21.131     27.872    2.050       2.083           0      131072            0            1    14755815 
   56265.173377200        16.547        0.230        35212000004487  338.8584350   17.2866150   22h35m26.02s   17d17m11.81s      2               0    3.888534e-07         134         134         117        16.537            0.007     16.540         16.540   16.541       16.540    0.016       0.012        14765152002593  338.8584220   17.2866020        3521      0   56265.173987200        1352    16.772    21.174     27.909    2.250       2.311           0      131072            0            1    14765152 
   56265.143887200        16.563        0.230        35212000004487  338.8584350   17.2866150   22h35m26.02s   17d17m11.81s      2               0    3.888534e-07         134         134         117        16.537            0.007     16.540         16.540   16.541       16.540    0.016       0.012        14765162003510  338.8584250   17.2865930        3521      0   56265.144497200        1352    16.529    21.600     28.061    2.250       2.412           0      131072            0            1    14765162 
   56271.223777200        16.518        0.042        35212000004487  338.8584350   17.2866150   22h35m26.02s   17d17m11.81s      2               0    3.888534e-07         134         134         117        16.537            0.007     16.540         16.540   16.541       16.540    0.016       0.012        14804883002281  338.8584290   17.2865970        3521      0   56271.223807200        1358    16.503    20.635     27.997    3.650       4.040           0      131072            0            1    14804883 
   56257.088927200        16.548        0.027        35212000004487  338.8584350   17.2866150   22h35m26.02s   17d17m11.81s      2               0    3.888534e-07         134         134         117        16.537            0.007     16.540         16.540   16.541       16.540    0.016       0.012        15701492002483  338.8584300   17.2866010        3521      0   56257.090267200        1344    16.547    20.661     28.120    2.850       2.935           0      131072            0            1    15701492 
   56257.119777200        16.550        0.027        35212000004487  338.8584350   17.2866150   22h35m26.02s   17d17m11.81s      2               0    3.888534e-07         134         134         117        16.537            0.007     16.540         16.540   16.541       16.540    0.016       0.012        15701511002584  338.8584290   17.2865980        3521      0   56257.121127200        1344    16.548    20.854     28.122    2.350       2.368           0      131072            0            1    15701511 
   56911.286797200        16.544        0.030        35212000004487  338.8584350   17.2866150   22h35m26.02s   17d17m11.81s      2               0    3.888534e-07         134         134         117        16.537            0.007     16.540         16.540   16.541       16.540    0.016       0.012        21288343002342  338.8584050   17.2865840        3521      0   56911.292097200        1975    16.519    20.637     28.039    2.350       2.426           0      131072            0            1    21288343 
