   55783.493537200        16.266        0.026        35212020001646  339.8914990   17.0041100   22h39m33.96s   17d00m14.80s      2               0    3.122740e-07         134         134         126        16.251            0.005     16.254         16.254   16.253       16.254    0.022       0.013        10358709005455  339.8914920   17.0041230        3521      2   55783.498077200         881    16.265    21.493     27.592    2.250       2.419           0      131072            0            1    10358709 
   55783.450517200        16.253        0.026        35212020001646  339.8914990   17.0041100   22h39m33.96s   17d00m14.80s      2               0    3.122740e-07         134         134         126        16.251            0.005     16.254         16.254   16.253       16.254    0.022       0.013        10358765006062  339.8914910   17.0041160        3521      2   55783.455047200         881    16.248    21.750     27.610    2.050       2.212           0      131072            0            1    10358765 
   55794.417557200        16.311        0.094        35212020001646  339.8914990   17.0041100   22h39m33.96s   17d00m14.80s      2               0    3.122740e-07         134         134         126        16.251            0.005     16.254         16.254   16.253       16.254    0.022       0.013        10379909003079  339.8914840   17.0040960        3521      2   55794.422517200         892    16.773    20.961     27.521    1.950       2.040           0      131072            0            1    10379909 
   55794.374747200        16.083        0.102        35212020001646  339.8914990   17.0041100   22h39m33.96s   17d00m14.80s      2               0    3.122740e-07         134         134         126        16.251            0.005     16.254         16.254   16.253       16.254    0.022       0.013        10379952001292  339.8914650   17.0041060        3521      2   55794.379707200         892    18.170    20.598     27.544    1.950       1.882           0      131072            0            1    10379952 
   55821.364667200        16.268        0.026        35212020001646  339.8914990   17.0041100   22h39m33.96s   17d00m14.80s      2               0    3.122740e-07         134         134         126        16.251            0.005     16.254         16.254   16.253       16.254    0.022       0.013        10509839004078  339.8914890   17.0041150        3521      2   55821.369947200         919    16.272    21.017     27.583    1.850       2.027           0      131072            0            1    10509839 
   55821.319317200        16.275        0.026        35212020001646  339.8914990   17.0041100   22h39m33.96s   17d00m14.80s      2               0    3.122740e-07         134         134         126        16.251            0.005     16.254         16.254   16.253       16.254    0.022       0.013        10509867004101  339.8915050   17.0041170        3521      2   55821.324607200         919    16.278    20.941     27.593    2.150       2.200           0      131072            0            1    10509867 
   55471.200687200        16.235        0.136        35212020001646  339.8914990   17.0041100   22h39m33.96s   17d00m14.80s      2               0    3.122740e-07         134         134         126        16.251            0.005     16.254         16.254   16.253       16.254    0.022       0.013        10797470005949  339.8914960   17.0041020        3521      2   55471.205667200         562    16.301    21.702     27.776    2.050       2.122           0      131072            0            1    10797470 
   55471.244407200        16.235        0.136        35212020001646  339.8914990   17.0041100   22h39m33.96s   17d00m14.80s      2               0    3.122740e-07         134         134         126        16.251            0.005     16.254         16.254   16.253       16.254    0.022       0.013        10797561005719  339.8914760   17.0041140        3521      2   55471.249397200         562    16.244    21.708     27.721    1.950       1.900           0      131072            0            1    10797561 
   55483.166527200        16.256        0.026        35212020001646  339.8914990   17.0041100   22h39m33.96s   17d00m14.80s      2               0    3.122740e-07         134         134         126        16.251            0.005     16.254         16.254   16.253       16.254    0.022       0.013        10854963005230  339.8914850   17.0041050        3521      2   55483.171037200         577    16.262    21.574     27.714    1.850       1.998           0      131072            0            1    10854963 
   55483.122857200        16.255        0.026        35212020001646  339.8914990   17.0041100   22h39m33.96s   17d00m14.80s      2               0    3.122740e-07         134         134         126        16.251            0.005     16.254         16.254   16.253       16.254    0.022       0.013        10855003005237  339.8914930   17.0041110        3521      2   55483.127367200         577    16.255    21.401     27.697    2.050       2.172           0      131072            0            1    10855003 
   55443.230767200        16.234        0.026        35212020001646  339.8914990   17.0041100   22h39m33.96s   17d00m14.80s      2               0    3.122740e-07         134         134         126        16.251            0.005     16.254         16.254   16.253       16.254    0.022       0.013        10906821005600  339.8914970   17.0041270        3521      2   55443.236027200         538    16.237    21.673     27.688    1.950       2.101           0      131072            0            1    10906821 
   55443.185917200        16.241        0.026        35212020001646  339.8914990   17.0041100   22h39m33.96s   17d00m14.80s      2               0    3.122740e-07         134         134         126        16.251            0.005     16.254         16.254   16.253       16.254    0.022       0.013        10906829004997  339.8914970   17.0041110        3521      2   55443.191177200         538    16.250    21.315     27.661    2.350       2.529           0      131072            0            1    10906829 
   55446.312747200        16.246        0.032        35212020001646  339.8914990   17.0041100   22h39m33.96s   17d00m14.80s      2               0    3.122740e-07         134         134         126        16.251            0.005     16.254         16.254   16.253       16.254    0.022       0.013        10912721006198  339.8914880   17.0041180        3521      2   55446.318037200         541    16.250    21.913     27.703    1.750       1.857           0      131072            0            1    10912721 
   55446.269397200        16.249        0.032        35212020001646  339.8914990   17.0041100   22h39m33.96s   17d00m14.80s      2               0    3.122740e-07         134         134         126        16.251            0.005     16.254         16.254   16.253       16.254    0.022       0.013        10912767006247  339.8914820   17.0041250        3521      2   55446.274687200         541    16.254    21.832     27.702    1.850       1.990           0      131072            0            1    10912767 
   55452.163847200        16.243        0.023        35212020001646  339.8914990   17.0041100   22h39m33.96s   17d00m14.80s      2               0    3.122740e-07         134         134         126        16.251            0.005     16.254         16.254   16.253       16.254    0.022       0.013        10932880005090  339.8915000   17.0041030        3521      2   55452.169147200         547    16.251    21.434     27.706    1.950       2.113           0      131072            0            1    10932880 
   55452.206587200        16.255        0.023        35212020001646  339.8914990   17.0041100   22h39m33.96s   17d00m14.80s      2               0    3.122740e-07         134         134         126        16.251            0.005     16.254         16.254   16.253       16.254    0.022       0.013        10932994005493  339.8915140   17.0041250        3521      2   55452.211887200         547    16.264    21.570     27.722    2.050       2.197           0      131072            0            1    10932994 
   55467.310857200        16.252        0.070        35212020001646  339.8914990   17.0041100   22h39m33.96s   17d00m14.80s      2               0    3.122740e-07         134         134         126        16.251            0.005     16.254         16.254   16.253       16.254    0.022       0.013        11076928004551  339.8914980   17.0041050        3521      2   55467.315957200         560    16.260    21.220     27.707    1.950       2.104           0      131072            0            1    11076928 
   55468.221587200        16.278        0.415        35212020001646  339.8914990   17.0041100   22h39m33.96s   17d00m14.80s      2               0    3.122740e-07         134         134         126        16.251            0.005     16.254         16.254   16.253       16.254    0.022       0.013        11077553005237  339.8915070   17.0041290        3521      2   55468.226657200         558    16.289    21.460     27.757    2.050       2.139           0      131072            0            1    11077553 
   55416.200397200        16.265        0.181        35212020001646  339.8914990   17.0041100   22h39m33.96s   17d00m14.80s      2               0    3.122740e-07         134         134         126        16.251            0.005     16.254         16.254   16.253       16.254    0.022       0.013        11122400003099  339.8915320   17.0041060        3521      2   55416.204827200         515    16.364    20.322     26.563    3.350       3.593           0      131072            0            1    11122400 
   55416.243347200        16.239        0.181        35212020001646  339.8914990   17.0041100   22h39m33.96s   17d00m14.80s      2               0    3.122740e-07         134         134         126        16.251            0.005     16.254         16.254   16.253       16.254    0.022       0.013        11122538003553  339.8914980   17.0041090        3521      2   55416.247777200         515    16.400    20.673     26.760    3.250       3.298           0      131072            0            1    11122538 
   55422.369597200        16.240        0.028        35212020001646  339.8914990   17.0041100   22h39m33.96s   17d00m14.80s      2               0    3.122740e-07         134         134         126        16.251            0.005     16.254         16.254   16.253       16.254    0.022       0.013        11148589005893  339.8914800   17.0041030        3521      2   55422.374307200         521    16.236    21.795     27.673    2.050       2.093           0      131072            0            1    11148589 
   55422.414337200        16.255        0.028        35212020001646  339.8914990   17.0041100   22h39m33.96s   17d00m14.80s      2               0    3.122740e-07         134         134         126        16.251            0.005     16.254         16.254   16.253       16.254    0.022       0.013        11148740005772  339.8914810   17.0041310        3521      2   55422.419057200         521    16.253    21.776     27.671    2.050       2.098           0      131072            0            1    11148740 
   55429.226357200        16.246        0.023        35212020001646  339.8914990   17.0041100   22h39m33.96s   17d00m14.80s      2               0    3.122740e-07         134         134         126        16.251            0.005     16.254         16.254   16.253       16.254    0.022       0.013        11190900004016  339.8914810   17.0041210        3521      2   55429.231317200         528    16.245    20.937     27.679    1.950       2.109           0      131072            0            1    11190900 
   55429.183207200        16.236        0.024        35212020001646  339.8914990   17.0041100   22h39m33.96s   17d00m14.80s      2               0    3.122740e-07         134         134         126        16.251            0.005     16.254         16.254   16.253       16.254    0.022       0.013        11191097003518  339.8914910   17.0041010        3521      2   55429.188167200         528    16.232    20.632     27.632    2.150       2.406           0      131072            0            1    11191097 
   55426.169847200        16.270        0.071        35212020001646  339.8914990   17.0041100   22h39m33.96s   17d00m14.80s      2               0    3.122740e-07         134         134         126        16.251            0.005     16.254         16.254   16.253       16.254    0.022       0.013        11196938003284  339.8914850   17.0041320        3521      2   55426.174707200         525    16.234    20.153     27.435    3.550       3.638           0      131072            0            1    11196938 
   55436.224917200        16.247        0.029        35212020001646  339.8914990   17.0041100   22h39m33.96s   17d00m14.80s      2               0    3.122740e-07         134         134         126        16.251            0.005     16.254         16.254   16.253       16.254    0.022       0.013        11209482003227  339.8914990   17.0040910        3521      2   55436.230067200         609    16.243    20.423     27.650    2.450       2.568           0      131072            0            1    11209482 
   55436.176617200        16.284        0.030        35212020001646  339.8914990   17.0041100   22h39m33.96s   17d00m14.80s      2               0    3.122740e-07         134         134         126        16.251            0.005     16.254         16.254   16.253       16.254    0.022       0.013        11209702002990  339.8915090   17.0041120        3521      2   55436.181767200         609    16.279    20.177     27.607    2.950       2.959           0      131072            0            1    11209702 
   55439.224367200        16.257        0.026        35212020001646  339.8914990   17.0041100   22h39m33.96s   17d00m14.80s      2               0    3.122740e-07         134         134         126        16.251            0.005     16.254         16.254   16.253       16.254    0.022       0.013        11224536005013  339.8914930   17.0041040        3521      2   55439.229567200         534    16.254    21.383     27.656    2.050       2.199           0      131072            0            1    11224536 
   55439.179857200        16.261        0.026        35212020001646  339.8914990   17.0041100   22h39m33.96s   17d00m14.80s      2               0    3.122740e-07         134         134         126        16.251            0.005     16.254         16.254   16.253       16.254    0.022       0.013        11224578004910  339.8914980   17.0040930        3521      2   55439.185067200         534    16.260    21.197     27.618    2.450       2.579           0      131072            0            1    11224578 
   55382.429197200        16.246        0.023        35212020001646  339.8914990   17.0041100   22h39m33.96s   17d00m14.80s      2               0    3.122740e-07         134         134         126        16.251            0.005     16.254         16.254   16.253       16.254    0.022       0.013        11241639005159  339.8915020   17.0040660        3521      2   55382.431397200         481    16.247    21.420     27.715    2.150       2.306           0      131072            0            1    11241639 
   55382.386187200        16.235        0.023        35212020001646  339.8914990   17.0041100   22h39m33.96s   17d00m14.80s      2               0    3.122740e-07         134         134         126        16.251            0.005     16.254         16.254   16.253       16.254    0.022       0.013        11241653005000  339.8914970   17.0041000        3521      2   55382.388377200         481    16.242    21.297     27.703    2.250       2.370           0      131072            0            1    11241653 
   55387.460507200        16.232        0.127        35212020001646  339.8914990   17.0041100   22h39m33.96s   17d00m14.80s      2               0    3.122740e-07         134         134         126        16.251            0.005     16.254         16.254   16.253       16.254    0.022       0.013        11260078005785  339.8914850   17.0041390        3521      2   55387.463097200         486    16.046    21.494     27.451    2.150       2.146           0      131072            0            1    11260078 
   55387.412087200        16.246        0.127        35212020001646  339.8914990   17.0041100   22h39m33.96s   17d00m14.80s      2               0    3.122740e-07         134         134         126        16.251            0.005     16.254         16.254   16.253       16.254    0.022       0.013        11260241006144  339.8914790   17.0041460        3521      2   55387.414667200         486    16.120    21.787     27.506    1.850       1.959           0      131072            0            1    11260241 
   55349.467407200        16.259        0.051        35212020001646  339.8914990   17.0041100   22h39m33.96s   17d00m14.80s      2               0    3.122740e-07         134         134         126        16.251            0.005     16.254         16.254   16.253       16.254    0.022       0.013        11335748004056  339.8915070   17.0041070        3521      2   55349.466757200         449    16.275    20.796     27.692    2.450       2.561           0      131072            0            1    11335748 
   55419.358367200        16.252        0.194        35212020001646  339.8914990   17.0041100   22h39m33.96s   17d00m14.80s      2               0    3.122740e-07         134         134         126        16.251            0.005     16.254         16.254   16.253       16.254    0.022       0.013        11390784004437  339.8915020   17.0041180        3521      2   55419.362947200         518    16.142    21.049     26.746    2.250       2.428           0      131072            0            1    11390784 
   55419.401647200        16.213        0.194        35212020001646  339.8914990   17.0041100   22h39m33.96s   17d00m14.80s      2               0    3.122740e-07         134         134         126        16.251            0.005     16.254         16.254   16.253       16.254    0.022       0.013        11390947003992  339.8915060   17.0041250        3521      2   55419.406227200         518    16.221    21.036     26.765    2.450       2.558           0      131072            0            1    11390947 
   55364.433677200        16.237        0.027        35212020001646  339.8914990   17.0041100   22h39m33.96s   17d00m14.80s      2               0    3.122740e-07         134         134         126        16.251            0.005     16.254         16.254   16.253       16.254    0.022       0.013        11393184005030  339.8915120   17.0041160        3521      2   55364.434347200         463    16.230    21.368     27.621    2.550       2.742           0      131072            0            1    11393184 
   55364.386147200        16.244        0.028        35212020001646  339.8914990   17.0041100   22h39m33.96s   17d00m14.80s      2               0    3.122740e-07         134         134         126        16.251            0.005     16.254         16.254   16.253       16.254    0.022       0.013        11393186004882  339.8915180   17.0041040        3521      2   55364.386807200         463    16.236    21.316     27.589    2.450       2.628           0      131072            0            1    11393186 
   55369.460177200        16.255        0.025        35212020001646  339.8914990   17.0041100   22h39m33.96s   17d00m14.80s      2               0    3.122740e-07         134         134         126        16.251            0.005     16.254         16.254   16.253       16.254    0.022       0.013        11409377006049  339.8914980   17.0041100        3521      2   55369.461277200         468    16.251    21.715     27.718    2.050       2.199           0      131072            0            1    11409377 
   55372.400097200        16.245        0.025        35212020001646  339.8914990   17.0041100   22h39m33.96s   17d00m14.80s      2               0    3.122740e-07         134         134         126        16.251            0.005     16.254         16.254   16.253       16.254    0.022       0.013        11411694003971  339.8914870   17.0040930        3521      2   55372.401447200         471    16.243    20.907     27.690    2.050       2.174           0      131072            0            1    11411694 
   55372.356507200        16.251        0.025        35212020001646  339.8914990   17.0041100   22h39m33.96s   17d00m14.80s      2               0    3.122740e-07         134         134         126        16.251            0.005     16.254         16.254   16.253       16.254    0.022       0.013        11411758003414  339.8914920   17.0041060        3521      2   55372.357857200         471    16.253    20.505     27.660    2.550       2.639           0      131072            0            1    11411758 
   55371.453437200        16.238        0.021        35212020001646  339.8914990   17.0041100   22h39m33.96s   17d00m14.80s      2               0    3.122740e-07         134         134         126        16.251            0.005     16.254         16.254   16.253       16.254    0.022       0.013        11414271005355  339.8914970   17.0041020        3521      2   55371.454717200         470    16.238    21.512     27.724    2.050       2.127           0      131072            0            1    11414271 
   55370.457827200        16.253        0.023        35212020001646  339.8914990   17.0041100   22h39m33.96s   17d00m14.80s      2               0    3.122740e-07         134         134         126        16.251            0.005     16.254         16.254   16.253       16.254    0.022       0.013        11416670006526  339.8914940   17.0041080        3521      2   55370.459017200         469    16.268    21.792     27.734    2.050       2.147           0      131072            0            1    11416670 
   55377.357017200        16.281        0.027        35212020001646  339.8914990   17.0041100   22h39m33.96s   17d00m14.80s      2               0    3.122740e-07         134         134         126        16.251            0.005     16.254         16.254   16.253       16.254    0.022       0.013        11431186003407  339.8914960   17.0041260        3521      2   55377.358787200         476    16.280    20.583     27.617    2.350       2.488           0      131072            0            1    11431186 
   55377.401227200        16.250        0.026        35212020001646  339.8914990   17.0041100   22h39m33.96s   17d00m14.80s      2               0    3.122740e-07         134         134         126        16.251            0.005     16.254         16.254   16.253       16.254    0.022       0.013        11431218003549  339.8915030   17.0040980        3521      2   55377.403007200         476    16.251    20.662     27.639    2.350       2.520           0      131072            0            1    11431218 
   55137.187677200        16.243        0.024        35212020001646  339.8914990   17.0041100   22h39m33.96s   17d00m14.80s      2               0    3.122740e-07         134         134         126        16.251            0.005     16.254         16.254   16.253       16.254    0.022       0.013        11784655003226  339.8914780   17.0040860        3521      2   55137.191017200         244    16.245    20.505     27.762    2.250       2.369           0      131072            0            1    11784655 
   55138.179157200        16.249        0.037        35212020001646  339.8914990   17.0041100   22h39m33.96s   17d00m14.80s      2               0    3.122740e-07         134         134         126        16.251            0.005     16.254         16.254   16.253       16.254    0.022       0.013        11787865003308  339.8914840   17.0041160        3521      2   55138.182427200         245    16.246    20.424     27.746    2.550       2.640           0      131072            0            1    11787865 
   55142.163267200        16.245        0.025        35212020001646  339.8914990   17.0041100   22h39m33.96s   17d00m14.80s      2               0    3.122740e-07         134         134         126        16.251            0.005     16.254         16.254   16.253       16.254    0.022       0.013        11793112005231  339.8914820   17.0040850        3521      2   55142.166237200         282    16.251    21.413     27.751    2.250       2.313           0      131072            0            1    11793112 
   55142.118957200        16.243        0.025        35212020001646  339.8914990   17.0041100   22h39m33.96s   17d00m14.80s      2               0    3.122740e-07         134         134         126        16.251            0.005     16.254         16.254   16.253       16.254    0.022       0.013        11793215004880  339.8914910   17.0040970        3521      2   55142.121927200         282    16.253    21.271     27.747    2.450       2.524           0      131072            0            1    11793215 
   55123.223387200        16.246        0.024        35212020001646  339.8914990   17.0041100   22h39m33.96s   17d00m14.80s      2               0    3.122740e-07         134         134         126        16.251            0.005     16.254         16.254   16.253       16.254    0.022       0.013        11811844005668  339.8914600   17.0041340        3521      2   55123.227627200         232    16.255    21.609     27.804    2.050       2.212           0      131072            0            1    11811844 
   55045.207707200        16.258        0.025        35212020001646  339.8914990   17.0041100   22h39m33.96s   17d00m14.80s      2               0    3.122740e-07         134         134         126        16.251            0.005     16.254         16.254   16.253       16.254    0.022       0.013        11857766003382  339.8914880   17.0041200        3521      2   55045.211847200         159    16.250    20.042     27.206    3.150       3.264           0     2228224            0            1    11857766 
   55045.289337200        16.236        0.025        35212020001646  339.8914990   17.0041100   22h39m33.96s   17d00m14.80s      2               0    3.122740e-07         134         134         126        16.251            0.005     16.254         16.254   16.253       16.254    0.022       0.013        11857774004674  339.8914860   17.0041060        3521      2   55045.293477200         159    16.245    20.978     27.321    1.950       2.121           0     2228224            0            1    11857774 
   55049.426157200        16.221        0.028        35212020001646  339.8914990   17.0041100   22h39m33.96s   17d00m14.80s      2               0    3.122740e-07         134         134         126        16.251            0.005     16.254         16.254   16.253       16.254    0.022       0.013        11863804003110  339.8915100   17.0041190        3521      2   55049.430517200         163    16.223    20.159     27.258    2.050       2.245           0      131072            0            1    11863804 
   55054.221717200        16.275        0.055        35212020001646  339.8914990   17.0041100   22h39m33.96s   17d00m14.80s      2               0    3.122740e-07         134         134         126        16.251            0.005     16.254         16.254   16.253       16.254    0.022       0.013        11868856002784  339.8914980   17.0041130        3521      2   55054.226297200         168    16.271    19.779     27.060    3.450       3.610           0     2228224            0            1    11868856 
   55066.328927200        16.250        0.032        35212020001646  339.8914990   17.0041100   22h39m33.96s   17d00m14.80s      2               0    3.122740e-07         134         134         126        16.251            0.005     16.254         16.254   16.253       16.254    0.022       0.013        11884937005482  339.8915180   17.0041140        3521      2   55066.333957200         180    16.238    21.491     27.015    1.750       1.767           0      131072            0            1    11884937 
   55061.271507200        16.255        0.027        35212020001646  339.8914990   17.0041100   22h39m33.96s   17d00m14.80s      2               0    3.122740e-07         134         134         126        16.251            0.005     16.254         16.254   16.253       16.254    0.022       0.013        11894306005723  339.8914950   17.0041100        3521      2   55061.276377200         175    16.251    21.496     27.150    1.850       2.007           0      131072            0            1    11894306 
   55061.369177200        16.265        0.027        35212020001646  339.8914990   17.0041100   22h39m33.96s   17d00m14.80s      2               0    3.122740e-07         134         134         126        16.251            0.005     16.254         16.254   16.253       16.254    0.022       0.013        11894330005889  339.8914980   17.0041500        3521      2   55061.374047200         175    16.260    21.528     27.153    2.050       2.173           0      131072            0            1    11894330 
   55056.350197200        16.251        0.026        35212020001646  339.8914990   17.0041100   22h39m33.96s   17d00m14.80s      2               0    3.122740e-07         134         134         126        16.251            0.005     16.254         16.254   16.253       16.254    0.022       0.013        11900394004931  339.8914580   17.0041480        3521      2   55056.354877200         170    16.253    21.049     27.192    2.150       2.301           0      131072            0            1    11900394 
   55056.268047200        16.246        0.026        35212020001646  339.8914990   17.0041100   22h39m33.96s   17d00m14.80s      2               0    3.122740e-07         134         134         126        16.251            0.005     16.254         16.254   16.253       16.254    0.022       0.013        11900405004944  339.8914970   17.0041280        3521      2   55056.272717200         170    16.247    21.143     27.168    2.050       2.182           0     2228224            0            1    11900405 
   55019.451217200        16.254        0.028        35212020001646  339.8914990   17.0041100   22h39m33.96s   17d00m14.80s      2               0    3.122740e-07         134         134         126        16.251            0.005     16.254         16.254   16.253       16.254    0.022       0.013        11910557003058  339.8914810   17.0041020        3521      2   55019.453587200         133    16.245    20.230     27.068    2.350       2.489           0      131072            0            1    11910557 
   55019.390137200        16.252        0.029        35212020001646  339.8914990   17.0041100   22h39m33.96s   17d00m14.80s      2               0    3.122740e-07         134         134         126        16.251            0.005     16.254         16.254   16.253       16.254    0.022       0.013        11910602002900  339.8914940   17.0041090        3521      2   55019.392507200         133    16.241    20.099     27.050    2.450       2.388           0      131072            0            1    11910602 
   55087.280887200        16.248        0.027        35212020001646  339.8914990   17.0041100   22h39m33.96s   17d00m14.80s      2               0    3.122740e-07         134         134         126        16.251            0.005     16.254         16.254   16.253       16.254    0.022       0.013        11916705006063  339.8914980   17.0041110        3521      2   55087.286197200         199    16.241    21.565     27.209    1.950       2.057           0      131072            0            1    11916705 
   55087.325037200        16.259        0.027        35212020001646  339.8914990   17.0041100   22h39m33.96s   17d00m14.80s      2               0    3.122740e-07         134         134         126        16.251            0.005     16.254         16.254   16.253       16.254    0.022       0.013        11916719005928  339.8914940   17.0041100        3521      2   55087.330337200         199    16.253    21.500     27.205    2.050       2.134           0      131072            0            1    11916719 
   55032.282817200        16.196        0.068        35212020001646  339.8914990   17.0041100   22h39m33.96s   17d00m14.80s      2               0    3.122740e-07         134         134         126        16.251            0.005     16.254         16.254   16.253       16.254    0.022       0.013        11956327002567  339.8914810   17.0041220        3521      2   55032.286137200         146    17.515    21.001     27.198    2.150       2.390           0     2228224            0            1    11956327 
   55031.383737200        16.243        0.027        35212020001646  339.8914990   17.0041100   22h39m33.96s   17d00m14.80s      2               0    3.122740e-07         134         134         126        16.251            0.005     16.254         16.254   16.253       16.254    0.022       0.013        11957187006502  339.8914920   17.0041360        3521      2   55031.387007200         145    16.254    21.704     27.319    1.850       2.019           0      131072            0            1    11957187 
   55039.420947200        16.243        0.026        35212020001646  339.8914990   17.0041100   22h39m33.96s   17d00m14.80s      2               0    3.122740e-07         134         134         126        16.251            0.005     16.254         16.254   16.253       16.254    0.022       0.013        11985332006319  339.8915190   17.0041120        3521      2   55039.424747200         153    16.240    21.637     27.267    1.950       2.083           0      131072            0            1    11985332 
   55039.376907200        16.243        0.026        35212020001646  339.8914990   17.0041100   22h39m33.96s   17d00m14.80s      2               0    3.122740e-07         134         134         126        16.251            0.005     16.254         16.254   16.253       16.254    0.022       0.013        11985427006476  339.8915180   17.0041240        3521      2   55039.380697200         153    16.239    21.594     27.245    1.950       2.094           0      131072            0            1    11985427 
   55498.219327200        16.236        0.188        35212020001646  339.8914990   17.0041100   22h39m33.96s   17d00m14.80s      2               0    3.122740e-07         134         134         126        16.251            0.005     16.254         16.254   16.253       16.254    0.022       0.013        12782245004044  339.8915030   17.0041160        3521      2   55498.222967200         593    16.460    21.162     27.615    2.050       2.185           0      131072            0            1    12782245 
   55498.274697200        16.245        0.188        35212020001646  339.8914990   17.0041100   22h39m33.96s   17d00m14.80s      2               0    3.122740e-07         134         134         126        16.251            0.005     16.254         16.254   16.253       16.254    0.022       0.013        12782586004850  339.8914960   17.0041220        3521      2   55498.278327200         593    16.076    21.169     27.515    1.950       2.025           0      131072            0            1    12782586 
   55458.418447200        16.252        0.026        35212020001646  339.8914990   17.0041100   22h39m33.96s   17d00m14.80s      2               0    3.122740e-07         134         134         126        16.251            0.005     16.254         16.254   16.253       16.254    0.022       0.013        12794034004144  339.8914950   17.0041210        3521      2   55458.423707200         553    16.247    20.964     27.689    2.250       2.345           0      131072            0            1    12794034 
   55458.351667200        16.270        0.026        35212020001646  339.8914990   17.0041100   22h39m33.96s   17d00m14.80s      2               0    3.122740e-07         134         134         126        16.251            0.005     16.254         16.254   16.253       16.254    0.022       0.013        12794190003752  339.8914980   17.0041130        3521      2   55458.356927200         553    16.266    20.868     27.711    2.150       2.312           0      131072            0            1    12794190 
   55480.170497200        16.258        0.024        35212020001646  339.8914990   17.0041100   22h39m33.96s   17d00m14.80s      2               0    3.122740e-07         134         134         126        16.251            0.005     16.254         16.254   16.253       16.254    0.022       0.013        12805692005096  339.8914970   17.0041160        3521      2   55480.175147200         574    16.262    21.402     27.708    2.150       2.250           0      131072            0            1    12805692 
   55480.128187200        16.268        0.024        35212020001646  339.8914990   17.0041100   22h39m33.96s   17d00m14.80s      2               0    3.122740e-07         134         134         126        16.251            0.005     16.254         16.254   16.253       16.254    0.022       0.013        12805707005517  339.8914960   17.0041130        3521      2   55480.132837200         574    16.277    21.447     27.686    2.050       2.182           0      131072            0            1    12805707 
   56202.157977200        16.257        0.024        35212020001646  339.8914990   17.0041100   22h39m33.96s   17d00m14.80s      2               0    3.122740e-07         134         134         126        16.251            0.005     16.254         16.254   16.253       16.254    0.022       0.013        14272501003519  339.8914950   17.0041130        3521      2   56202.162947200        1299    16.276    20.711     27.720    1.950       2.093           0      131072            0            1    14272501 
   56202.128807200        16.252        0.025        35212020001646  339.8914990   17.0041100   22h39m33.96s   17d00m14.80s      2               0    3.122740e-07         134         134         126        16.251            0.005     16.254         16.254   16.253       16.254    0.022       0.013        14272504003477  339.8914920   17.0041100        3521      2   56202.133787200        1299    16.267    20.574     27.706    2.250       2.343           0      131072            0            1    14272504 
   56202.187427200        16.270        0.024        35212020001646  339.8914990   17.0041100   22h39m33.96s   17d00m14.80s      2               0    3.122740e-07         134         134         126        16.251            0.005     16.254         16.254   16.253       16.254    0.022       0.013        14272537003589  339.8914930   17.0041070        3521      2   56202.192407200        1299    16.275    20.624     27.730    2.250       2.286           0      131072            0            1    14272537 
   56204.112797200        16.268        0.269        35212020001646  339.8914990   17.0041100   22h39m33.96s   17d00m14.80s      2               0    3.122740e-07         134         134         126        16.251            0.005     16.254         16.254   16.253       16.254    0.022       0.013        14313586002529  339.8914990   17.0041110        3521      2   56204.117707200        1301    17.003    20.554     27.557    2.650       2.834           0      131072            0            1    14313586 
   56204.143157200        16.314        0.269        35212020001646  339.8914990   17.0041100   22h39m33.96s   17d00m14.80s      2               0    3.122740e-07         134         134         126        16.251            0.005     16.254         16.254   16.253       16.254    0.022       0.013        14313609003512  339.8915110   17.0041220        3521      2   56204.148067200        1301    16.611    20.900     27.549    2.250       2.345           0      131072            0            1    14313609 
   56204.173637200        16.268        0.269        35212020001646  339.8914990   17.0041100   22h39m33.96s   17d00m14.80s      2               0    3.122740e-07         134         134         126        16.251            0.005     16.254         16.254   16.253       16.254    0.022       0.013        14313634004589  339.8914940   17.0041150        3521      2   56204.178537200        1301    16.005    20.760     27.475    2.450       2.532           0      131072            0            1    14313634 
   56206.113627200        16.257        0.068        35212020001646  339.8914990   17.0041100   22h39m33.96s   17d00m14.80s      2               0    3.122740e-07         134         134         126        16.251            0.005     16.254         16.254   16.253       16.254    0.022       0.013        14339740005088  339.8915000   17.0041170        3521      2   56206.118457200        1303    16.197    21.162     27.674    2.550       2.575           0      131072            0            1    14339740 
   56206.149307200        16.246        0.068        35212020001646  339.8914990   17.0041100   22h39m33.96s   17d00m14.80s      2               0    3.122740e-07         134         134         126        16.251            0.005     16.254         16.254   16.253       16.254    0.022       0.013        14339761005317  339.8914970   17.0041170        3521      2   56206.154137200        1303    16.261    21.497     27.757    2.250       2.252           0      131072            0            1    14339761 
   56206.179597200        16.268        0.068        35212020001646  339.8914990   17.0041100   22h39m33.96s   17d00m14.80s      2               0    3.122740e-07         134         134         126        16.251            0.005     16.254         16.254   16.253       16.254    0.022       0.013        14339791005467  339.8915000   17.0041200        3521      2   56206.184427200        1303    16.305    21.660     27.787    2.050       2.090           0      131072            0            1    14339791 
   56228.184547200        16.258        0.025        35212020001646  339.8914990   17.0041100   22h39m33.96s   17d00m14.80s      2               0    3.122740e-07         134         134         126        16.251            0.005     16.254         16.254   16.253       16.254    0.022       0.013        14451022003548  339.8914890   17.0041160        3521      2   56228.188217200        1315    16.247    20.592     27.726    2.250       2.231           0      131072            0            1    14451022 
   56228.215327200        16.247        0.026        35212020001646  339.8914990   17.0041100   22h39m33.96s   17d00m14.80s      2               0    3.122740e-07         134         134         126        16.251            0.005     16.254         16.254   16.253       16.254    0.022       0.013        14451038003321  339.8915010   17.0041270        3521      2   56228.218997200        1315    16.250    20.496     27.720    2.350       2.488           0      131072            0            1    14451038 
   56230.249197200        16.259        0.025        35212020001646  339.8914990   17.0041100   22h39m33.96s   17d00m14.80s      2               0    3.122740e-07         134         134         126        16.251            0.005     16.254         16.254   16.253       16.254    0.022       0.013        14486886003236  339.8914900   17.0041170        3521      2   56230.252737200        1317    16.271    20.503     27.708    2.050       2.110           0      131072            0            1    14486886 
   56234.212917200        16.264        0.044        35212020001646  339.8914990   17.0041100   22h39m33.96s   17d00m14.80s      2               0    3.122740e-07         134         134         126        16.251            0.005     16.254         16.254   16.253       16.254    0.022       0.013        14496048004301  339.8915060   17.0041160        3521      2   56234.216167200        1321    16.242    20.989     27.697    2.450       2.544           0      131072            0            1    14496048 
   56234.244177200        16.276        0.044        35212020001646  339.8914990   17.0041100   22h39m33.96s   17d00m14.80s      2               0    3.122740e-07         134         134         126        16.251            0.005     16.254         16.254   16.253       16.254    0.022       0.013        14496063004156  339.8914920   17.0041190        3521      2   56234.247427200        1321    16.246    20.865     27.681    2.550       2.658           0      131072            0            1    14496063 
   56236.145687200        16.260        0.025        35212020001646  339.8914990   17.0041100   22h39m33.96s   17d00m14.80s      2               0    3.122740e-07         134         134         126        16.251            0.005     16.254         16.254   16.253       16.254    0.022       0.013        14529361005192  339.8915000   17.0041140        3521      2   56236.148787200        1323    16.263    21.382     27.735    2.350       2.493           0      131072            0            1    14529361 
   56238.121187200        16.253        0.023        35212020001646  339.8914990   17.0041100   22h39m33.96s   17d00m14.80s      2               0    3.122740e-07         134         134         126        16.251            0.005     16.254         16.254   16.253       16.254    0.022       0.013        14571102005304  339.8914880   17.0041220        3521      2   56238.124147200        1325    16.261    21.470     27.742    2.050       2.093           0      131072            0            1    14571102 
   56238.091697200        16.271        0.023        35212020001646  339.8914990   17.0041100   22h39m33.96s   17d00m14.80s      2               0    3.122740e-07         134         134         126        16.251            0.005     16.254         16.254   16.253       16.254    0.022       0.013        14571124005183  339.8914990   17.0041240        3521      2   56238.094657200        1325    16.274    21.367     27.736    2.150       2.251           0      131072            0            1    14571124 
   56232.228407200        16.286        0.067        35212020001646  339.8914990   17.0041100   22h39m33.96s   17d00m14.80s      2               0    3.122740e-07         134         134         126        16.251            0.005     16.254         16.254   16.253       16.254    0.022       0.013        14645841004198  339.8914970   17.0041150        3521      2   56232.231797200        1319    16.231    20.967     27.678    2.050       2.131           0      131072            0            1    14645841 
   56251.084597200        16.249        0.022        35212020001646  339.8914990   17.0041100   22h39m33.96s   17d00m14.80s      2               0    3.122740e-07         134         134         126        16.251            0.005     16.254         16.254   16.253       16.254    0.022       0.013        14654891004527  339.8914880   17.0041190        3521      2   56251.086477200        1338    16.258    21.218     27.749    2.050       2.174           0      131072            0            1    14654891 
   56251.114167200        16.271        0.022        35212020001646  339.8914990   17.0041100   22h39m33.96s   17d00m14.80s      2               0    3.122740e-07         134         134         126        16.251            0.005     16.254         16.254   16.253       16.254    0.022       0.013        14654901004446  339.8914990   17.0041070        3521      2   56251.116047200        1338    16.280    20.878     27.750    2.850       3.009           0      131072            0            1    14654901 
   56255.081677200        16.261        0.024        35212020001646  339.8914990   17.0041100   22h39m33.96s   17d00m14.80s      2               0    3.122740e-07         134         134         126        16.251            0.005     16.254         16.254   16.253       16.254    0.022       0.013        14696593003713  339.8914930   17.0041110        3521      2   56255.083207200        1342    16.255    20.547     27.743    2.650       2.791           0      131072            0            1    14696593 
   56255.112127200        16.263        0.024        35212020001646  339.8914990   17.0041100   22h39m33.96s   17d00m14.80s      2               0    3.122740e-07         134         134         126        16.251            0.005     16.254         16.254   16.253       16.254    0.022       0.013        14696621003282  339.8915040   17.0041270        3521      2   56255.113657200        1342    16.276    20.356     27.747    3.350       3.351           0      131072            0            1    14696621 
   56267.144527200        16.245        0.219        35212020001646  339.8914990   17.0041100   22h39m33.96s   17d00m14.80s      2               0    3.122740e-07         134         134         126        16.251            0.005     16.254         16.254   16.253       16.254    0.022       0.013        14758872004463  339.8915030   17.0041140        3521      2   56267.144947200        1354    16.273    21.042     27.591    2.350       2.491           0      131072            0            1    14758872 
   56267.186597200        16.240        0.219        35212020001646  339.8914990   17.0041100   22h39m33.96s   17d00m14.80s      2               0    3.122740e-07         134         134         126        16.251            0.005     16.254         16.254   16.253       16.254    0.022       0.013        14758895004192  339.8914910   17.0041180        3521      2   56267.187007200        1354    16.281    21.037     27.530    2.050       2.141           0      131072            0            1    14758895 
   56265.173377200        16.267        0.235        35212020001646  339.8914990   17.0041100   22h39m33.96s   17d00m14.80s      2               0    3.122740e-07         134         134         126        16.251            0.005     16.254         16.254   16.253       16.254    0.022       0.013        14767655003713  339.8915000   17.0041190        3521      2   56265.173987200        1352    16.461    21.003     27.482    2.250       2.272           0      131072            0            1    14767655 
   56265.143887200        16.271        0.235        35212020001646  339.8914990   17.0041100   22h39m33.96s   17d00m14.80s      2               0    3.122740e-07         134         134         126        16.251            0.005     16.254         16.254   16.253       16.254    0.022       0.013        14767665005177  339.8915030   17.0041190        3521      2   56265.144497200        1352    16.213    21.441     27.640    2.250       2.332           0      131072            0            1    14767665 
   56271.223777200        16.258        0.037        35212020001646  339.8914990   17.0041100   22h39m33.96s   17d00m14.80s      2               0    3.122740e-07         134         134         126        16.251            0.005     16.254         16.254   16.253       16.254    0.022       0.013        14805507003447  339.8915310   17.0041300        3521      2   56271.223807200        1358    16.243    20.530     27.609    3.550       3.594           0      131072            0            1    14805507 
   56257.088927200        16.265        0.023        35212020001646  339.8914990   17.0041100   22h39m33.96s   17d00m14.80s      2               0    3.122740e-07         134         134         126        16.251            0.005     16.254         16.254   16.253       16.254    0.022       0.013        15702442003408  339.8914980   17.0041130        3521      2   56257.090267200        1344    16.258    20.562     27.729    2.650       2.730           0      131072            0            1    15702442 
   56257.119777200        16.266        0.023        35212020001646  339.8914990   17.0041100   22h39m33.96s   17d00m14.80s      2               0    3.122740e-07         134         134         126        16.251            0.005     16.254         16.254   16.253       16.254    0.022       0.013        15702461003766  339.8914940   17.0041140        3521      2   56257.121127200        1344    16.259    20.735     27.732    2.250       2.338           0      131072            0            1    15702461 
   56911.286797200        16.257        0.029        35212020001646  339.8914990   17.0041100   22h39m33.96s   17d00m14.80s      2               0    3.122740e-07         134         134         126        16.251            0.005     16.254         16.254   16.253       16.254    0.022       0.013        21288198003202  339.8915000   17.0041220        3521      2   56911.292097200        1975    16.228    20.447     27.633    2.350       2.332           0      131072            0            1    21288198 
