   55783.493537200        18.929        0.045        35212060008372  338.7588010   16.5312410   22h35m02.11s   16d31m52.47s      2               0    8.209457e-07         134         131         118        18.930            0.009     18.963         18.965   18.965       18.972    0.085       0.077        10358041001559  338.7587900   16.5312470        3521      6   55783.498077200         881    18.937    21.576     27.576    2.150       2.326           0      131072            0            1    10358041 
   55783.450517200        18.892        0.042        35212060008372  338.7588010   16.5312410   22h35m02.11s   16d31m52.47s      2               0    8.209457e-07         134         131         118        18.930            0.009     18.963         18.965   18.965       18.972    0.085       0.077        10358099001675  338.7587970   16.5312170        3521      6   55783.455047200         881    18.895    21.778     27.592    2.050       2.279           0      131072            0            1    10358099 
   55794.417557200        19.123        0.119        35212060008372  338.7588010   16.5312410   22h35m02.11s   16d31m52.47s      2               0    8.209457e-07         134         131         118        18.930            0.009     18.963         18.965   18.965       18.972    0.085       0.077        10379479000856  338.7587990   16.5311750        3521      6   55794.422517200         892    19.797    20.905     27.533    2.150       2.625           0      131072            0            1    10379479 
   55794.374747200        18.913        0.166        35212060008372  338.7588010   16.5312410   22h35m02.11s   16d31m52.47s      2               0    8.209457e-07         134         131         118        18.930            0.009     18.963         18.965   18.965       18.972    0.085       0.077        10379521000540  338.7588560   16.5312780        3521      6   55794.379707200         892    20.338    20.767     27.529    2.050       1.798           0           0            0            1    10379521 
   55821.364667200        18.872        0.056        35212060008372  338.7588010   16.5312410   22h35m02.11s   16d31m52.47s      2               0    8.209457e-07         134         131         118        18.930            0.009     18.963         18.965   18.965       18.972    0.085       0.077        10510076001181  338.7588110   16.5312690        3521      6   55821.369947200         919    18.878    20.954     27.558    2.050       4.115           0      131072            0            1    10510076 
   55821.319317200        18.891        0.054        35212060008372  338.7588010   16.5312410   22h35m02.11s   16d31m52.47s      2               0    8.209457e-07         134         131         118        18.930            0.009     18.963         18.965   18.965       18.972    0.085       0.077        10510105001215  338.7588280   16.5312330        3521      6   55821.324607200         919    18.893    20.941     27.566    2.250       2.711           0      131072            0            1    10510105 
   55471.200687200        18.941        0.042        35212060008372  338.7588010   16.5312410   22h35m02.11s   16d31m52.47s      2               0    8.209457e-07         134         131         118        18.930            0.009     18.963         18.965   18.965       18.972    0.085       0.077        10797714001681  338.7588110   16.5312330        3521      6   55471.205667200         562    18.947    21.661     27.685    2.050       2.237           0      131072            0            1    10797714 
   55471.244407200        18.882        0.043        35212060008372  338.7588010   16.5312410   22h35m02.11s   16d31m52.47s      2               0    8.209457e-07         134         131         118        18.930            0.009     18.963         18.965   18.965       18.972    0.085       0.077        10797892001697  338.7587810   16.5312270        3521      6   55471.249397200         562    18.885    21.657     27.681    2.050       2.520           0      131072            0            1    10797892 
   55483.122857200        18.968        0.044        35212060008372  338.7588010   16.5312410   22h35m02.11s   16d31m52.47s      2               0    8.209457e-07         134         131         118        18.930            0.009     18.963         18.965   18.965       18.972    0.085       0.077        10855267001547  338.7588110   16.5312310        3521      6   55483.127367200         577    18.976    21.434     27.666    2.050       2.314           0      131072            0            1    10855267 
   55443.230767200        18.971        0.042        35212060008372  338.7588010   16.5312410   22h35m02.11s   16d31m52.47s      2               0    8.209457e-07         134         131         118        18.930            0.009     18.963         18.965   18.965       18.972    0.085       0.077        10907901001725  338.7587720   16.5312490        3521      6   55443.236027200         538    18.972    21.610     27.684    2.150       2.274           0      131072            0            1    10907901 
   55443.185917200        18.924        0.046        35212060008372  338.7588010   16.5312410   22h35m02.11s   16d31m52.47s      2               0    8.209457e-07         134         131         118        18.930            0.009     18.963         18.965   18.965       18.972    0.085       0.077        10907909001502  338.7588130   16.5312630        3521      6   55443.191177200         538    18.931    21.313     27.656    2.450       3.008           0      131072            0            1    10907909 
   55446.312747200        18.922        0.042        35212060008372  338.7588010   16.5312410   22h35m02.11s   16d31m52.47s      2               0    8.209457e-07         134         131         118        18.930            0.009     18.963         18.965   18.965       18.972    0.085       0.077        10913961001825  338.7587820   16.5312210        3521      6   55446.318037200         541    18.927    21.885     27.700    1.850       1.909           0      131072            0            1    10913961 
   55446.269397200        18.929        0.044        35212060008372  338.7588010   16.5312410   22h35m02.11s   16d31m52.47s      2               0    8.209457e-07         134         131         118        18.930            0.009     18.963         18.965   18.965       18.972    0.085       0.077        10914006001789  338.7588090   16.5312330        3521      6   55446.274687200         541    18.934    21.807     27.698    1.950       2.105           0      131072            0            1    10914006 
   55452.163847200        18.941        0.045        35212060008372  338.7588010   16.5312410   22h35m02.11s   16d31m52.47s      2               0    8.209457e-07         134         131         118        18.930            0.009     18.963         18.965   18.965       18.972    0.085       0.077        10934490001578  338.7587850   16.5312210        3521      6   55452.169147200         547    18.947    21.321     27.682    2.150       2.513           0      131072            0            1    10934490 
   55467.310857200        18.922        0.058        35212060008372  338.7588010   16.5312410   22h35m02.11s   16d31m52.47s      2               0    8.209457e-07         134         131         118        18.930            0.009     18.963         18.965   18.965       18.972    0.085       0.077        11077051001416  338.7588140   16.5312360        3521      6   55467.315957200         560    18.908    21.232     27.641    1.950       2.071           0      131072            0            1    11077051 
   55468.221587200        18.964        0.264        35212060008372  338.7588010   16.5312410   22h35m02.11s   16d31m52.47s      2               0    8.209457e-07         134         131         118        18.930            0.009     18.963         18.965   18.965       18.972    0.085       0.077        11077897001607  338.7588080   16.5312410        3521      6   55468.226657200         558    18.957    21.509     27.650    2.050       2.246           0      131072            0            1    11077897 
   55416.200397200        18.654        0.199        35212060008372  338.7588010   16.5312410   22h35m02.11s   16d31m52.47s      2               0    8.209457e-07         134         131         118        18.930            0.009     18.963         18.965   18.965       18.972    0.085       0.077        11121300000887  338.7587970   16.5313200        3521      6   55416.204827200         515    18.952    20.558     26.563    3.050       4.064           0      131072            0            1    11121300 
   55416.243347200        18.823        0.186        35212060008372  338.7588010   16.5312410   22h35m02.11s   16d31m52.47s      2               0    8.209457e-07         134         131         118        18.930            0.009     18.963         18.965   18.965       18.972    0.085       0.077        11121435000985  338.7588270   16.5312560        3521      6   55416.247777200         515    18.956    20.706     26.578    2.950       4.269           0      131072            0            1    11121435 
   55422.369597200        18.957        0.039        35212060008372  338.7588010   16.5312410   22h35m02.11s   16d31m52.47s      2               0    8.209457e-07         134         131         118        18.930            0.009     18.963         18.965   18.965       18.972    0.085       0.077        11149883001833  338.7587660   16.5312260        3521      6   55422.374307200         521    18.953    21.891     27.721    2.050       2.210           0      131072            0            1    11149883 
   55422.414337200        18.963        0.041        35212060008372  338.7588010   16.5312410   22h35m02.11s   16d31m52.47s      2               0    8.209457e-07         134         131         118        18.930            0.009     18.963         18.965   18.965       18.972    0.085       0.077        11150030001754  338.7587770   16.5312470        3521      6   55422.419057200         521    18.960    21.814     27.717    2.150       2.246           0      131072            0            1    11150030 
   55429.226357200        19.031        0.057        35212060008372  338.7588010   16.5312410   22h35m02.11s   16d31m52.47s      2               0    8.209457e-07         134         131         118        18.930            0.009     18.963         18.965   18.965       18.972    0.085       0.077        11192864001256  338.7588070   16.5312680        3521      6   55429.231317200         528    19.028    20.938     27.660    2.050       2.582           0      131072            0            1    11192864 
   55429.183207200        19.002        0.071        35212060008372  338.7588010   16.5312410   22h35m02.11s   16d31m52.47s      2               0    8.209457e-07         134         131         118        18.930            0.009     18.963         18.965   18.965       18.972    0.085       0.077        11193056001060  338.7587860   16.5312500        3521      6   55429.188167200         528    18.993    20.641     27.611    2.250       2.673           0      131072            0            1    11193056 
   55426.169847200        18.996        0.092        35212060008372  338.7588010   16.5312410   22h35m02.11s   16d31m52.47s      2               0    8.209457e-07         134         131         118        18.930            0.009     18.963         18.965   18.965       18.972    0.085       0.077        11198477001052  338.7588420   16.5312060        3521      6   55426.174707200         525    18.848    20.232     27.371    3.350       4.188           0      131072            0            1    11198477 
   55436.224917200        18.750        0.063        35212060008372  338.7588010   16.5312410   22h35m02.11s   16d31m52.47s      2               0    8.209457e-07         134         131         118        18.930            0.009     18.963         18.965   18.965       18.972    0.085       0.077        11208936001072  338.7587900   16.5312460        3521      6   55436.230067200         609    18.733    20.534     27.673    2.450       3.086           0      131072            0            1    11208936 
   55436.176617200        19.043        0.086        35212060008372  338.7588010   16.5312410   22h35m02.11s   16d31m52.47s      2               0    8.209457e-07         134         131         118        18.930            0.009     18.963         18.965   18.965       18.972    0.085       0.077        11209154000939  338.7587830   16.5312540        3521      6   55436.181767200         609    19.030    20.329     27.634    2.850       3.290           0      131072            0            1    11209154 
   55439.224367200        18.988        0.045        35212060008372  338.7588010   16.5312410   22h35m02.11s   16d31m52.47s      2               0    8.209457e-07         134         131         118        18.930            0.009     18.963         18.965   18.965       18.972    0.085       0.077        11224411001617  338.7588200   16.5312600        3521      6   55439.229567200         534    18.987    21.482     27.677    2.050       2.420           0      131072            0            1    11224411 
   55439.179857200        18.910        0.046        35212060008372  338.7588010   16.5312410   22h35m02.11s   16d31m52.47s      2               0    8.209457e-07         134         131         118        18.930            0.009     18.963         18.965   18.965       18.972    0.085       0.077        11224453001504  338.7588130   16.5312470        3521      6   55439.185067200         534    18.907    21.289     27.637    2.450       2.947           0      131072            0            1    11224453 
   55382.429197200        18.945        0.046        35212060008372  338.7588010   16.5312410   22h35m02.11s   16d31m52.47s      2               0    8.209457e-07         134         131         118        18.930            0.009     18.963         18.965   18.965       18.972    0.085       0.077        11240307001568  338.7588110   16.5312440        3521      6   55382.431397200         481    18.950    21.480     27.707    2.150       2.552           0      131072            0            1    11240307 
   55382.386187200        19.020        0.047        35212060008372  338.7588010   16.5312410   22h35m02.11s   16d31m52.47s      2               0    8.209457e-07         134         131         118        18.930            0.009     18.963         18.965   18.965       18.972    0.085       0.077        11240321001503  338.7587900   16.5312200        3521      6   55382.388377200         481    19.031    21.362     27.695    2.250       2.456           0      131072            0            1    11240321 
   55387.460507200        18.968        0.130        35212060008372  338.7588010   16.5312410   22h35m02.11s   16d31m52.47s      2               0    8.209457e-07         134         131         118        18.930            0.009     18.963         18.965   18.965       18.972    0.085       0.077        11259398001775  338.7587760   16.5312400        3521      6   55387.463097200         486    18.762    21.423     27.475    2.250       2.488           0      131072            0            1    11259398 
   55387.412087200        18.939        0.128        35212060008372  338.7588010   16.5312410   22h35m02.11s   16d31m52.47s      2               0    8.209457e-07         134         131         118        18.930            0.009     18.963         18.965   18.965       18.972    0.085       0.077        11259482001956  338.7587980   16.5312190        3521      6   55387.414667200         486    18.832    21.894     27.572    1.850       1.867           0      131072            0            1    11259482 
   55349.467407200        18.946        0.077        35212060008372  338.7588010   16.5312410   22h35m02.11s   16d31m52.47s      2               0    8.209457e-07         134         131         118        18.930            0.009     18.963         18.965   18.965       18.972    0.085       0.077        11335202001290  338.7588330   16.5312260        3521      6   55349.466757200         449    18.972    20.878     27.717    2.450       2.582           0      131072            0            1    11335202 
   55419.358367200        18.739        0.283        35212060008372  338.7588010   16.5312410   22h35m02.11s   16d31m52.47s      2               0    8.209457e-07         134         131         118        18.930            0.009     18.963         18.965   18.965       18.972    0.085       0.077        11390000001225  338.7588150   16.5312450        3521      6   55419.362947200         518    18.665    21.085     26.741    2.250       3.391           0      131072            0            1    11390000 
   55419.401647200        19.019        0.284        35212060008372  338.7588010   16.5312410   22h35m02.11s   16d31m52.47s      2               0    8.209457e-07         134         131         118        18.930            0.009     18.963         18.965   18.965       18.972    0.085       0.077        11390163001154  338.7587960   16.5312490        3521      6   55419.406227200         518    18.995    21.056     26.769    2.450       3.132           0      131072            0            1    11390163 
   55364.433677200        18.967        0.045        35212060008372  338.7588010   16.5312410   22h35m02.11s   16d31m52.47s      2               0    8.209457e-07         134         131         118        18.930            0.009     18.963         18.965   18.965       18.972    0.085       0.077        11392766001622  338.7587880   16.5312340        3521      6   55364.434347200         463    18.959    21.534     27.699    2.450       2.747           0      131072            0            1    11392766 
   55364.386147200        18.955        0.045        35212060008372  338.7588010   16.5312410   22h35m02.11s   16d31m52.47s      2               0    8.209457e-07         134         131         118        18.930            0.009     18.963         18.965   18.965       18.972    0.085       0.077        11392768001515  338.7588060   16.5312330        3521      6   55364.386807200         463    18.944    21.397     27.669    2.550       2.974           0      131072            0            1    11392768 
   55369.460177200        18.925        0.041        35212060008372  338.7588010   16.5312410   22h35m02.11s   16d31m52.47s      2               0    8.209457e-07         134         131         118        18.930            0.009     18.963         18.965   18.965       18.972    0.085       0.077        11409159001764  338.7587910   16.5312510        3521      6   55369.461277200         468    18.925    21.751     27.710    2.050       2.205           0      131072            0            1    11409159 
   55372.400097200        18.907        0.058        35212060008372  338.7588010   16.5312410   22h35m02.11s   16d31m52.47s      2               0    8.209457e-07         134         131         118        18.930            0.009     18.963         18.965   18.965       18.972    0.085       0.077        11410845001210  338.7587980   16.5312340        3521      6   55372.401447200         471    18.906    20.944     27.713    2.150       2.492           0      131072            0            1    11410845 
   55372.356507200        19.123        0.075        35212060008372  338.7588010   16.5312410   22h35m02.11s   16d31m52.47s      2               0    8.209457e-07         134         131         118        18.930            0.009     18.963         18.965   18.965       18.972    0.085       0.077        11410908001046  338.7587970   16.5312800        3521      6   55372.357857200         471    19.125    20.554     27.682    2.650       3.078           0      131072            0            1    11410908 
   55371.453437200        18.889        0.040        35212060008372  338.7588010   16.5312410   22h35m02.11s   16d31m52.47s      2               0    8.209457e-07         134         131         118        18.930            0.009     18.963         18.965   18.965       18.972    0.085       0.077        11413178001741  338.7588020   16.5312570        3521      6   55371.454717200         470    18.892    21.570     27.735    2.050       2.439           0      131072            0            1    11413178 
   55370.457827200        18.946        0.038        35212060008372  338.7588010   16.5312410   22h35m02.11s   16d31m52.47s      2               0    8.209457e-07         134         131         118        18.930            0.009     18.963         18.965   18.965       18.972    0.085       0.077        11415556001804  338.7587810   16.5312490        3521      6   55370.459017200         469    18.961    21.830     27.737    2.050       2.287           0      131072            0            1    11415556 
   55377.357017200        19.066        0.069        35212060008372  338.7588010   16.5312410   22h35m02.11s   16d31m52.47s      2               0    8.209457e-07         134         131         118        18.930            0.009     18.963         18.965   18.965       18.972    0.085       0.077        11430484001049  338.7587810   16.5312410        3521      6   55377.358787200         476    19.063    20.642     27.670    2.450       2.842           0      131072            0            1    11430484 
   55377.401227200        18.944        0.064        35212060008372  338.7588010   16.5312410   22h35m02.11s   16d31m52.47s      2               0    8.209457e-07         134         131         118        18.930            0.009     18.963         18.965   18.965       18.972    0.085       0.077        11430516001105  338.7587870   16.5312500        3521      6   55377.403007200         476    18.944    20.716     27.690    2.450       3.540           0      131072            0            1    11430516 
   55137.187677200        19.075        0.073        35212060008372  338.7588010   16.5312410   22h35m02.11s   16d31m52.47s      2               0    8.209457e-07         134         131         118        18.930            0.009     18.963         18.965   18.965       18.972    0.085       0.077        11784938000979  338.7587610   16.5311750        3521      6   55137.191017200         244    19.057    20.525     27.762    2.350       2.189           0      131072            0            1    11784938 
   55138.179157200        19.083        0.080        35212060008372  338.7588010   16.5312410   22h35m02.11s   16d31m52.47s      2               0    8.209457e-07         134         131         118        18.930            0.009     18.963         18.965   18.965       18.972    0.085       0.077        11788423001025  338.7587890   16.5312680        3521      6   55138.182427200         245    19.073    20.468     27.762    2.650       3.438           0      131072            0            1    11788423 
   55142.118957200        18.997        0.046        35212060008372  338.7588010   16.5312410   22h35m02.11s   16d31m52.47s      2               0    8.209457e-07         134         131         118        18.930            0.009     18.963         18.965   18.965       18.972    0.085       0.077        11792976001589  338.7587950   16.5312550        3521      6   55142.121927200         282    18.980    21.326     27.750    2.450       2.287           0      131072            0            1    11792976 
   55123.223387200        18.929        0.044        35212060008372  338.7588010   16.5312410   22h35m02.11s   16d31m52.47s      2               0    8.209457e-07         134         131         118        18.930            0.009     18.963         18.965   18.965       18.972    0.085       0.077        11812972001360  338.7587920   16.5312270        3521      6   55123.227627200         232    18.937    21.530     27.777    2.250       2.267           0      131072            0            1    11812972 
   55045.207707200        19.147        0.082        35212060008372  338.7588010   16.5312410   22h35m02.11s   16d31m52.47s      2               0    8.209457e-07         134         131         118        18.930            0.009     18.963         18.965   18.965       18.972    0.085       0.077        11857617000809  338.7587800   16.5312220        3521      6   55045.211847200         159    19.148    20.100     27.160    3.150       4.314           0      131072            0            1    11857617 
   55045.289337200        19.059        0.051        35212060008372  338.7588010   16.5312410   22h35m02.11s   16d31m52.47s      2               0    8.209457e-07         134         131         118        18.930            0.009     18.963         18.965   18.965       18.972    0.085       0.077        11857630001194  338.7587700   16.5312260        3521      6   55045.293477200         159    19.064    20.967     27.263    2.050       2.188           0    12713984            0            1    11857630 
   55049.426157200        18.957        0.077        35212060008372  338.7588010   16.5312410   22h35m02.11s   16d31m52.47s      2               0    8.209457e-07         134         131         118        18.930            0.009     18.963         18.965   18.965       18.972    0.085       0.077        11863980000832  338.7587950   16.5311600        3521      6   55049.430517200         163    18.955    20.192     27.283    2.150       3.342           0      131072            0            1    11863980 
   55054.221717200        19.129        0.103        35212060008372  338.7588010   16.5312410   22h35m02.11s   16d31m52.47s      2               0    8.209457e-07         134         131         118        18.930            0.009     18.963         18.965   18.965       18.972    0.085       0.077        11869211000730  338.7587630   16.5312750        3521      6   55054.226297200         168    19.102    19.934     27.075    3.350       3.816           0      131072            0            1    11869211 
   55066.328927200        18.951        0.042        35212060008372  338.7588010   16.5312410   22h35m02.11s   16d31m52.47s      2               0    8.209457e-07         134         131         118        18.930            0.009     18.963         18.965   18.965       18.972    0.085       0.077        11884713001679  338.7587420   16.5311900        3521      6   55066.333957200         180    18.926    21.672     27.190    1.850       1.753           0    12713984            0            1    11884713 
   55066.284507200        18.936        0.043        35212060008372  338.7588010   16.5312410   22h35m02.11s   16d31m52.47s      2               0    8.209457e-07         134         131         118        18.930            0.009     18.963         18.965   18.965       18.972    0.085       0.077        11884730001616  338.7587410   16.5312060        3521      6   55066.289537200         180    18.935    21.748     27.170    1.650       1.817           0      131072            0            1    11884730 
   55061.271507200        18.925        0.040        35212060008372  338.7588010   16.5312410   22h35m02.11s   16d31m52.47s      2               0    8.209457e-07         134         131         118        18.930            0.009     18.963         18.965   18.965       18.972    0.085       0.077        11894894001619  338.7587730   16.5312130        3521      6   55061.276377200         175    18.921    21.556     27.264    2.050       2.208           0      131072            0            1    11894894 
   55061.369177200        18.942        0.041        35212060008372  338.7588010   16.5312410   22h35m02.11s   16d31m52.47s      2               0    8.209457e-07         134         131         118        18.930            0.009     18.963         18.965   18.965       18.972    0.085       0.077        11894918001704  338.7587380   16.5311790        3521      6   55061.374047200         175    18.943    21.640     27.264    2.150       2.231           0      131072            0            1    11894918 
   55056.350197200        18.927        0.045        35212060008372  338.7588010   16.5312410   22h35m02.11s   16d31m52.47s      2               0    8.209457e-07         134         131         118        18.930            0.009     18.963         18.965   18.965       18.972    0.085       0.077        11901129001351  338.7587760   16.5312210        3521      6   55056.354877200         170    18.928    21.140     27.255    2.250       2.321           0      131072            0            1    11901129 
   55056.268047200        18.993        0.047        35212060008372  338.7588010   16.5312410   22h35m02.11s   16d31m52.47s      2               0    8.209457e-07         134         131         118        18.930            0.009     18.963         18.965   18.965       18.972    0.085       0.077        11901140001355  338.7587710   16.5312200        3521      6   55056.272717200         170    18.992    21.242     27.230    2.150       2.301           0      131072            0            1    11901140 
   55019.451217200        19.028        0.078        35212060008372  338.7588010   16.5312410   22h35m02.11s   16d31m52.47s      2               0    8.209457e-07         134         131         118        18.930            0.009     18.963         18.965   18.965       18.972    0.085       0.077        11910204001024  338.7587400   16.5311860        3521      6   55019.453587200         133    18.968    20.369     27.170    2.350       2.784           0      131072            0            1    11910204 
   55019.390137200        18.879        0.075        35212060008372  338.7588010   16.5312410   22h35m02.11s   16d31m52.47s      2               0    8.209457e-07         134         131         118        18.930            0.009     18.963         18.965   18.965       18.972    0.085       0.077        11910250000992  338.7587630   16.5311830        3521      6   55019.392507200         133    18.823    20.292     27.157    2.350       2.539           0      131072            0            1    11910250 
   55087.280887200        18.971        0.038        35212060008372  338.7588010   16.5312410   22h35m02.11s   16d31m52.47s      2               0    8.209457e-07         134         131         118        18.930            0.009     18.963         18.965   18.965       18.972    0.085       0.077        11916868001551  338.7587860   16.5312490        3521      6   55087.286197200         199    18.967    21.661     27.271    1.950       1.891           0    12713984            0            1    11916868 
   55087.325037200        19.002        0.040        35212060008372  338.7588010   16.5312410   22h35m02.11s   16d31m52.47s      2               0    8.209457e-07         134         131         118        18.930            0.009     18.963         18.965   18.965       18.972    0.085       0.077        11916882001477  338.7587930   16.5312420        3521      6   55087.330337200         199    19.000    21.543     27.266    2.150       2.200           0      131072            0            1    11916882 
   55032.282817200        18.898        0.124        35212060008372  338.7588010   16.5312410   22h35m02.11s   16d31m52.47s      2               0    8.209457e-07         134         131         118        18.930            0.009     18.963         18.965   18.965       18.972    0.085       0.077        11955700000587  338.7587580   16.5312610        3521      6   55032.286137200         146    20.471    20.958     27.111    2.250       2.385           0      131072            0            1    11955700 
   55031.383737200        18.954        0.043        35212060008372  338.7588010   16.5312410   22h35m02.11s   16d31m52.47s      2               0    8.209457e-07         134         131         118        18.930            0.009     18.963         18.965   18.965       18.972    0.085       0.077        11957715001561  338.7587780   16.5311970        3521      6   55031.387007200         145    18.953    21.620     27.196    1.950       2.083           0      131072            0            1    11957715 
   55039.420947200        18.938        0.043        35212060008372  338.7588010   16.5312410   22h35m02.11s   16d31m52.47s      2               0    8.209457e-07         134         131         118        18.930            0.009     18.963         18.965   18.965       18.972    0.085       0.077        11985720001564  338.7587390   16.5311840        3521      6   55039.424747200         153    18.904    21.536     27.200    2.150       2.024           0      131072            0            1    11985720 
   55039.376907200        18.933        0.045        35212060008372  338.7588010   16.5312410   22h35m02.11s   16d31m52.47s      2               0    8.209457e-07         134         131         118        18.930            0.009     18.963         18.965   18.965       18.972    0.085       0.077        11985816001550  338.7587730   16.5311870        3521      6   55039.380697200         153    18.895    21.548     27.177    2.050       2.200           0      131072            0            1    11985816 
   55498.219327200        18.891        0.198        35212060008372  338.7588010   16.5312410   22h35m02.11s   16d31m52.47s      2               0    8.209457e-07         134         131         118        18.930            0.009     18.963         18.965   18.965       18.972    0.085       0.077        12782467001223  338.7588210   16.5312580        3521      6   55498.222967200         593    19.144    21.125     27.616    2.150       2.480           0      131072            0            1    12782467 
   55498.274697200        18.971        0.195        35212060008372  338.7588010   16.5312410   22h35m02.11s   16d31m52.47s      2               0    8.209457e-07         134         131         118        18.930            0.009     18.963         18.965   18.965       18.972    0.085       0.077        12782853001481  338.7588510   16.5312300        3521      6   55498.278327200         593    18.890    21.221     27.594    2.050       2.302           0      131072            0            1    12782853 
   55458.418447200        18.853        0.055        35212060008372  338.7588010   16.5312410   22h35m02.11s   16d31m52.47s      2               0    8.209457e-07         134         131         118        18.930            0.009     18.963         18.965   18.965       18.972    0.085       0.077        12794528001288  338.7588670   16.5312340        3521      6   55458.423707200         553    18.848    20.977     27.659    2.250       2.554           0      131072            0            1    12794528 
   55458.351667200        18.833        0.059        35212060008372  338.7588010   16.5312410   22h35m02.11s   16d31m52.47s      2               0    8.209457e-07         134         131         118        18.930            0.009     18.963         18.965   18.965       18.972    0.085       0.077        12794684001155  338.7588070   16.5312630        3521      6   55458.356927200         553    18.833    20.888     27.687    2.150       2.420           0      131072            0            1    12794684 
   55480.170497200        18.862        0.042        35212060008372  338.7588010   16.5312410   22h35m02.11s   16d31m52.47s      2               0    8.209457e-07         134         131         118        18.930            0.009     18.963         18.965   18.965       18.972    0.085       0.077        12807417001578  338.7588230   16.5312540        3521      6   55480.175147200         574    18.867    21.385     27.676    2.150       2.411           0      131072            0            1    12807417 
   55480.128187200        18.903        0.042        35212060008372  338.7588010   16.5312410   22h35m02.11s   16d31m52.47s      2               0    8.209457e-07         134         131         118        18.930            0.009     18.963         18.965   18.965       18.972    0.085       0.077        12807432001568  338.7588310   16.5312790        3521      6   55480.132837200         574    18.916    21.438     27.658    2.150       2.390           0      131072            0            1    12807432 
   56202.157977200        19.069        0.072        35212060008372  338.7588010   16.5312410   22h35m02.11s   16d31m52.47s      2               0    8.209457e-07         134         131         118        18.930            0.009     18.963         18.965   18.965       18.972    0.085       0.077        14273037000990  338.7588100   16.5312730        3521      6   56202.162947200        1299    19.091    20.730     27.700    2.050       2.305           0      131072            0            1    14273037 
   56202.128807200        18.871        0.071        35212060008372  338.7588010   16.5312410   22h35m02.11s   16d31m52.47s      2               0    8.209457e-07         134         131         118        18.930            0.009     18.963         18.965   18.965       18.972    0.085       0.077        14273040000998  338.7588170   16.5312350        3521      6   56202.133787200        1299    18.887    20.648     27.686    2.250       3.343           0      131072            0            1    14273040 
   56202.187427200        19.064        0.073        35212060008372  338.7588010   16.5312410   22h35m02.11s   16d31m52.47s      2               0    8.209457e-07         134         131         118        18.930            0.009     18.963         18.965   18.965       18.972    0.085       0.077        14273073000994  338.7587780   16.5312490        3521      6   56202.192407200        1299    19.075    20.646     27.710    2.350       2.694           0      131072            0            1    14273073 
   56204.112797200        19.053        0.421        35212060008372  338.7588010   16.5312410   22h35m02.11s   16d31m52.47s      2               0    8.209457e-07         134         131         118        18.930            0.009     18.963         18.965   18.965       18.972    0.085       0.077        14315356000760  338.7588920   16.5311930        3521      6   56204.117707200        1301    19.665    20.548     27.446    2.650       3.336           0      131072            0            1    14315356 
   56204.143157200        18.887        0.411        35212060008372  338.7588010   16.5312410   22h35m02.11s   16d31m52.47s      2               0    8.209457e-07         134         131         118        18.930            0.009     18.963         18.965   18.965       18.972    0.085       0.077        14315379000984  338.7588380   16.5312650        3521      6   56204.148067200        1301    19.240    20.760     27.414    2.350       3.212           0      131072            0            1    14315379 
   56204.173637200        18.975        0.408        35212060008372  338.7588010   16.5312410   22h35m02.11s   16d31m52.47s      2               0    8.209457e-07         134         131         118        18.930            0.009     18.963         18.965   18.965       18.972    0.085       0.077        14315404001262  338.7588430   16.5312340        3521      6   56204.178537200        1301    18.660    20.709     27.354    2.450       2.672           0      131072            0            1    14315404 
   56206.113627200        19.034        0.110        35212060008372  338.7588010   16.5312410   22h35m02.11s   16d31m52.47s      2               0    8.209457e-07         134         131         118        18.930            0.009     18.963         18.965   18.965       18.972    0.085       0.077        14340592001417  338.7588170   16.5312050        3521      6   56206.118457200        1303    19.064    21.239     27.735    2.650       3.180           0      131072            0            1    14340592 
   56206.149307200        18.996        0.109        35212060008372  338.7588010   16.5312410   22h35m02.11s   16d31m52.47s      2               0    8.209457e-07         134         131         118        18.930            0.009     18.963         18.965   18.965       18.972    0.085       0.077        14340613001567  338.7588200   16.5312200        3521      6   56206.154137200        1303    19.037    21.548     27.750    2.250       2.298           0      131072            0            1    14340613 
   56206.179597200        18.963        0.109        35212060008372  338.7588010   16.5312410   22h35m02.11s   16d31m52.47s      2               0    8.209457e-07         134         131         118        18.930            0.009     18.963         18.965   18.965       18.972    0.085       0.077        14340643001598  338.7588110   16.5312560        3521      6   56206.184427200        1303    18.992    21.676     27.747    2.050       2.251           0      131072            0            1    14340643 
   56228.184547200        18.900        0.065        35212060008372  338.7588010   16.5312410   22h35m02.11s   16d31m52.47s      2               0    8.209457e-07         134         131         118        18.930            0.009     18.963         18.965   18.965       18.972    0.085       0.077        14450484001051  338.7588010   16.5312330        3521      6   56228.188217200        1315    18.893    20.665     27.738    2.250       2.823           0      131072            0            1    14450484 
   56228.215327200        19.038        0.072        35212060008372  338.7588010   16.5312410   22h35m02.11s   16d31m52.47s      2               0    8.209457e-07         134         131         118        18.930            0.009     18.963         18.965   18.965       18.972    0.085       0.077        14450500000938  338.7588220   16.5312070        3521      6   56228.218997200        1315    19.046    20.569     27.732    2.350       2.744           0      131072            0            1    14450500 
   56230.249197200        19.074        0.075        35212060008372  338.7588010   16.5312410   22h35m02.11s   16d31m52.47s      2               0    8.209457e-07         134         131         118        18.930            0.009     18.963         18.965   18.965       18.972    0.085       0.077        14486720000926  338.7587780   16.5312550        3521      6   56230.252737200        1317    19.085    20.573     27.717    2.050       2.312           0      131072            0            1    14486720 
   56234.212917200        19.067        0.067        35212060008372  338.7588010   16.5312410   22h35m02.11s   16d31m52.47s      2               0    8.209457e-07         134         131         118        18.930            0.009     18.963         18.965   18.965       18.972    0.085       0.077        14496638001256  338.7588210   16.5312560        3521      6   56234.216167200        1321    19.057    21.039     27.704    2.450       2.668           0      131072            0            1    14496638 
   56234.244177200        19.079        0.067        35212060008372  338.7588010   16.5312410   22h35m02.11s   16d31m52.47s      2               0    8.209457e-07         134         131         118        18.930            0.009     18.963         18.965   18.965       18.972    0.085       0.077        14496653001238  338.7588450   16.5312160        3521      6   56234.247427200        1321    19.062    20.913     27.688    2.550       2.867           0      131072            0            1    14496653 
   56236.145687200        18.897        0.045        35212060008372  338.7588010   16.5312410   22h35m02.11s   16d31m52.47s      2               0    8.209457e-07         134         131         118        18.930            0.009     18.963         18.965   18.965       18.972    0.085       0.077        14528341001408  338.7588410   16.5312400        3521      6   56236.148787200        1323    18.904    21.375     27.734    2.450       2.667           0      131072            0            1    14528341 
   56238.121187200        18.967        0.044        35212060008372  338.7588010   16.5312410   22h35m02.11s   16d31m52.47s      2               0    8.209457e-07         134         131         118        18.930            0.009     18.963         18.965   18.965       18.972    0.085       0.077        14568960001473  338.7588370   16.5312360        3521      6   56238.124147200        1325    18.974    21.458     27.734    2.150       2.326           0      131072            0            1    14568960 
   56238.091697200        18.907        0.045        35212060008372  338.7588010   16.5312410   22h35m02.11s   16d31m52.47s      2               0    8.209457e-07         134         131         118        18.930            0.009     18.963         18.965   18.965       18.972    0.085       0.077        14568982001429  338.7588410   16.5312440        3521      6   56238.094657200        1325    18.910    21.354     27.728    2.250       2.474           0      131072            0            1    14568982 
   56232.228407200        18.967        0.092        35212060008372  338.7588010   16.5312410   22h35m02.11s   16d31m52.47s      2               0    8.209457e-07         134         131         118        18.930            0.009     18.963         18.965   18.965       18.972    0.085       0.077        14645543001173  338.7588000   16.5312340        3521      6   56232.231797200        1319    18.925    20.972     27.686    2.150       2.275           0      131072            0            1    14645543 
   56251.084597200        18.969        0.048        35212060008372  338.7588010   16.5312410   22h35m02.11s   16d31m52.47s      2               0    8.209457e-07         134         131         118        18.930            0.009     18.963         18.965   18.965       18.972    0.085       0.077        14655197001404  338.7588510   16.5312260        3521      6   56251.086477200        1338    18.983    21.257     27.746    2.050       2.447           0      131072            0            1    14655197 
   56251.114167200        18.951        0.050        35212060008372  338.7588010   16.5312410   22h35m02.11s   16d31m52.47s      2               0    8.209457e-07         134         131         118        18.930            0.009     18.963         18.965   18.965       18.972    0.085       0.077        14655207001298  338.7588530   16.5312140        3521      6   56251.116047200        1338    18.964    20.839     27.746    3.050       3.578           0      131072            0            1    14655207 
   56255.081677200        19.071        0.064        35212060008372  338.7588010   16.5312410   22h35m02.11s   16d31m52.47s      2               0    8.209457e-07         134         131         118        18.930            0.009     18.963         18.965   18.965       18.972    0.085       0.077        14693965001046  338.7587890   16.5311960        3521      6   56255.083207200        1342    19.061    20.568     27.731    2.750       2.506           0      131072            0            1    14693965 
   56255.112127200        19.028        0.070        35212060008372  338.7588010   16.5312410   22h35m02.11s   16d31m52.47s      2               0    8.209457e-07         134         131         118        18.930            0.009     18.963         18.965   18.965       18.972    0.085       0.077        14693993000947  338.7588580   16.5312320        3521      6   56255.113657200        1342    19.038    20.444     27.735    3.250       4.558           0      131072            0            1    14693993 
   56267.144527200        18.953        0.249        35212060008372  338.7588010   16.5312410   22h35m02.11s   16d31m52.47s      2               0    8.209457e-07         134         131         118        18.930            0.009     18.963         18.965   18.965       18.972    0.085       0.077        14757332001286  338.7588390   16.5312350        3521      6   56267.144947200        1354    18.960    20.960     27.559    2.550       3.343           0      131072            0            1    14757332 
   56267.186597200        19.036        0.250        35212060008372  338.7588010   16.5312410   22h35m02.11s   16d31m52.47s      2               0    8.209457e-07         134         131         118        18.930            0.009     18.963         18.965   18.965       18.972    0.085       0.077        14757355001225  338.7588380   16.5312440        3521      6   56267.187007200        1354    19.037    21.021     27.475    2.050       2.278           0      131072            0            1    14757355 
   56265.173377200        19.033        0.241        35212060008372  338.7588010   16.5312410   22h35m02.11s   16d31m52.47s      2               0    8.209457e-07         134         131         118        18.930            0.009     18.963         18.965   18.965       18.972    0.085       0.077        14766155001067  338.7588290   16.5312460        3521      6   56265.173987200        1352    19.245    21.033     27.470    2.250       2.801           0      131072            0            1    14766155 
   56265.143887200        18.988        0.237        35212060008372  338.7588010   16.5312410   22h35m02.11s   16d31m52.47s      2               0    8.209457e-07         134         131         118        18.930            0.009     18.963         18.965   18.965       18.972    0.085       0.077        14766165001384  338.7587990   16.5312310        3521      6   56265.144497200        1352    18.959    21.480     27.646    2.250       2.698           0      131072            0            1    14766165 
   56271.223777200        19.086        0.077        35212060008372  338.7588010   16.5312410   22h35m02.11s   16d31m52.47s      2               0    8.209457e-07         134         131         118        18.930            0.009     18.963         18.965   18.965       18.972    0.085       0.077        14805819000932  338.7587870   16.5312500        3521      6   56271.223807200        1358    19.080    20.542     27.595    3.550       5.458           0      131072            0            1    14805819 
   56257.088927200        19.012        0.069        35212060008372  338.7588010   16.5312410   22h35m02.11s   16d31m52.47s      2               0    8.209457e-07         134         131         118        18.930            0.009     18.963         18.965   18.965       18.972    0.085       0.077        15701302001067  338.7588110   16.5312550        3521      6   56257.090267200        1344    19.017    20.550     27.723    2.850       3.499           0      131072            0            1    15701302 
   56257.119777200        19.016        0.064        35212060008372  338.7588010   16.5312410   22h35m02.11s   16d31m52.47s      2               0    8.209457e-07         134         131         118        18.930            0.009     18.963         18.965   18.965       18.972    0.085       0.077        15701321001052  338.7588400   16.5312300        3521      6   56257.121127200        1344    19.020    20.737     27.728    2.350       2.571           0      131072            0            1    15701321 
   56911.286797200        19.004        0.075        35212060008372  338.7588010   16.5312410   22h35m02.11s   16d31m52.47s      2               0    8.209457e-07         134         131         118        18.930            0.009     18.963         18.965   18.965       18.972    0.085       0.077        21287473000951  338.7588080   16.5312230        3521      6   56911.292097200        1975    18.992    20.587     27.654    2.250       2.770           0      131072            0            1    21287473 
