   55783.493537200        14.807        0.031        35212010000353  339.7586430   16.8660400   22h39m02.07s   16d51m57.74s      2               0    1.112545e-06         133         130         118        14.821            0.005     14.802         14.802   14.803       14.803    0.015       0.007        10358266004026  339.7586300   16.8661290        3521      1   55783.498077200         881    14.805    21.462     27.702    2.350       2.838           0      131072            0            1    10358266 
   55783.450517200        14.809        0.031        35212010000353  339.7586430   16.8660400   22h39m02.07s   16d51m57.74s      2               0    1.112545e-06         133         130         118        14.821            0.005     14.802         14.802   14.803       14.803    0.015       0.007        10358322004384  339.7586340   16.8661570        3521      1   55783.455047200         881    14.801    21.660     27.716    2.250       2.671           0      131072            0            1    10358322 
   55794.417557200        14.788        0.115        35212010000353  339.7586430   16.8660400   22h39m02.07s   16d51m57.74s      2               0    1.112545e-06         133         130         118        14.821            0.005     14.802         14.802   14.803       14.803    0.015       0.007        10380774002349  339.7585720   16.8660400        3521      1   55794.422517200         892    15.278    20.913     27.594    1.950       2.114           0      131072            0            1    10380774 
   55794.374747200        14.734        0.115        35212010000353  339.7586430   16.8660400   22h39m02.07s   16d51m57.74s      2               0    1.112545e-06         133         130         118        14.821            0.005     14.802         14.802   14.803       14.803    0.015       0.007        10380859001248  339.7585720   16.8660150        3521      1   55794.379707200         892    16.590    20.633     27.632    1.950       2.028           0      131072            0            1    10380859 
   55821.364667200        14.792        0.029        35212010000353  339.7586430   16.8660400   22h39m02.07s   16d51m57.74s      2               0    1.112545e-06         133         130         118        14.821            0.005     14.802         14.802   14.803       14.803    0.015       0.007        10511298003158  339.7586650   16.8660140        3521      1   55821.369947200         919    14.802    20.981     27.697    1.950       2.007           0      131072            0            1    10511298 
   55821.319317200        14.793        0.029        35212010000353  339.7586430   16.8660400   22h39m02.07s   16d51m57.74s      2               0    1.112545e-06         133         130         118        14.821            0.005     14.802         14.802   14.803       14.803    0.015       0.007        10511326003175  339.7586790   16.8660080        3521      1   55821.324607200         919    14.799    20.962     27.707    2.150       2.249           0      131072            0            1    10511326 
   55471.200687200        14.800        0.117        35212010000353  339.7586430   16.8660400   22h39m02.07s   16d51m57.74s      2               0    1.112545e-06         133         130         118        14.821            0.005     14.802         14.802   14.803       14.803    0.015       0.007        10799056004211  339.7586540   16.8660980        3521      1   55471.205667200         562    14.860    21.646     27.864    2.150       2.306           0      131072            0            1    10799056 
   55471.244407200        14.794        0.117        35212010000353  339.7586430   16.8660400   22h39m02.07s   16d51m57.74s      2               0    1.112545e-06         133         130         118        14.821            0.005     14.802         14.802   14.803       14.803    0.015       0.007        10799148004209  339.7586000   16.8660200        3521      1   55471.249397200         562    14.781    21.684     27.793    1.950       2.039           0      131072            0            1    10799148 
   55483.166527200        14.768        0.028        35212010000353  339.7586430   16.8660400   22h39m02.07s   16d51m57.74s      2               0    1.112545e-06         133         130         118        14.821            0.005     14.802         14.802   14.803       14.803    0.015       0.007        10856278003885  339.7586280   16.8660800        3521      1   55483.171037200         577    14.768    21.472     27.804    2.050       4.077           0      131072            0            1    10856278 
   55483.122857200        14.800        0.028        35212010000353  339.7586430   16.8660400   22h39m02.07s   16d51m57.74s      2               0    1.112545e-06         133         130         118        14.821            0.005     14.802         14.802   14.803       14.803    0.015       0.007        10856333003757  339.7586920   16.8660410        3521      1   55483.127367200         577    14.791    21.361     27.786    2.150       2.557           0      131072            0            1    10856333 
   55443.230767200        14.801        0.029        35212010000353  339.7586430   16.8660400   22h39m02.07s   16d51m57.74s      2               0    1.112545e-06         133         130         118        14.821            0.005     14.802         14.802   14.803       14.803    0.015       0.007        10906546004114  339.7586260   16.8660940        3521      1   55443.236027200         538    14.800    21.593     27.773    2.150       2.512           0      131072            0            1    10906546 
   55443.185917200        14.798        0.029        35212010000353  339.7586430   16.8660400   22h39m02.07s   16d51m57.74s      2               0    1.112545e-06         133         130         118        14.821            0.005     14.802         14.802   14.803       14.803    0.015       0.007        10906554003600  339.7586200   16.8661330        3521      1   55443.191177200         538    14.796    21.292     27.742    2.450       2.938           0      131072            0            1    10906554 
   55446.312747200        14.796        0.038        35212010000353  339.7586430   16.8660400   22h39m02.07s   16d51m57.74s      2               0    1.112545e-06         133         130         118        14.821            0.005     14.802         14.802   14.803       14.803    0.015       0.007        10912220004385  339.7586000   16.8661350        3521      1   55446.318037200         541    14.788    21.874     27.786    1.850       2.004           0      131072            0            1    10912220 
   55446.269397200        14.800        0.038        35212010000353  339.7586430   16.8660400   22h39m02.07s   16d51m57.74s      2               0    1.112545e-06         133         130         118        14.821            0.005     14.802         14.802   14.803       14.803    0.015       0.007        10912266004486  339.7586450   16.8661040        3521      1   55446.274687200         541    14.789    21.793     27.785    1.950       2.196           0      131072            0            1    10912266 
   55452.163847200        14.802        0.026        35212010000353  339.7586430   16.8660400   22h39m02.07s   16d51m57.74s      2               0    1.112545e-06         133         130         118        14.821            0.005     14.802         14.802   14.803       14.803    0.015       0.007        10932338003833  339.7586370   16.8661090        3521      1   55452.169147200         547    14.799    21.398     27.799    2.050       2.622           0      131072            0            1    10932338 
   55452.206587200        14.805        0.026        35212010000353  339.7586430   16.8660400   22h39m02.07s   16d51m57.74s      2               0    1.112545e-06         133         130         118        14.821            0.005     14.802         14.802   14.803       14.803    0.015       0.007        10932452003929  339.7586610   16.8660860        3521      1   55452.211887200         547    14.808    21.478     27.816    2.250       2.557           0      131072            0            1    10932452 
   55467.310857200        14.802        0.070        35212010000353  339.7586430   16.8660400   22h39m02.07s   16d51m57.74s      2               0    1.112545e-06         133         130         118        14.821            0.005     14.802         14.802   14.803       14.803    0.015       0.007        11077173003400  339.7586820   16.8661100        3521      1   55467.315957200         560    14.814    21.126     27.798    2.150       2.273           0      131072            0            1    11077173 
   55468.221587200        14.795        0.250        35212010000353  339.7586430   16.8660400   22h39m02.07s   16d51m57.74s      2               0    1.112545e-06         133         130         118        14.821            0.005     14.802         14.802   14.803       14.803    0.015       0.007        11078099003894  339.7586440   16.8660730        3521      1   55468.226657200         558    14.816    21.447     27.807    2.250       2.443           0      131072            0            1    11078099 
   55416.200397200        14.850        0.185        35212010000353  339.7586430   16.8660400   22h39m02.07s   16d51m57.74s      2               0    1.112545e-06         133         130         118        14.821            0.005     14.802         14.802   14.803       14.803    0.015       0.007        11122123002274  339.7586510   16.8660700        3521      1   55416.204827200         515    14.910    20.301     26.638    3.350       3.945           0      131072            0            1    11122123 
   55416.243347200        14.821        0.185        35212010000353  339.7586430   16.8660400   22h39m02.07s   16d51m57.74s      2               0    1.112545e-06         133         130         118        14.821            0.005     14.802         14.802   14.803       14.803    0.015       0.007        11122261002634  339.7585420   16.8661080        3521      1   55416.247777200         515    14.970    20.735     26.860    3.050       3.828           0      131072            0            1    11122261 
   55422.369597200        14.800        0.030        35212010000353  339.7586430   16.8660400   22h39m02.07s   16d51m57.74s      2               0    1.112545e-06         133         130         118        14.821            0.005     14.802         14.802   14.803       14.803    0.015       0.007        11147816004274  339.7584620   16.8661050        3521      1   55422.374307200         521    14.803    21.780     27.784    2.150       2.270           0      131072            0            1    11147816 
   55422.414337200        14.802        0.030        35212010000353  339.7586430   16.8660400   22h39m02.07s   16d51m57.74s      2               0    1.112545e-06         133         130         118        14.821            0.005     14.802         14.802   14.803       14.803    0.015       0.007        11147968004098  339.7586320   16.8660880        3521      1   55422.419057200         521    14.809    21.759     27.783    2.150       2.304           0      131072            0            1    11147968 
   55429.226357200        14.804        0.026        35212010000353  339.7586430   16.8660400   22h39m02.07s   16d51m57.74s      2               0    1.112545e-06         133         130         118        14.821            0.005     14.802         14.802   14.803       14.803    0.015       0.007        11192005003001  339.7586370   16.8660810        3521      1   55429.231317200         528    14.802    20.845     27.766    2.150       2.566           0      131072            0            1    11192005 
   55429.183207200        14.805        0.026        35212010000353  339.7586430   16.8660400   22h39m02.07s   16d51m57.74s      2               0    1.112545e-06         133         130         118        14.821            0.005     14.802         14.802   14.803       14.803    0.015       0.007        11192202002778  339.7586570   16.8661000        3521      1   55429.188167200         528    14.799    20.598     27.718    2.250       2.971           0      131096            0            1    11192202 
   55426.169847200        14.793        0.073        35212010000353  339.7586430   16.8660400   22h39m02.07s   16d51m57.74s      2               0    1.112545e-06         133         130         118        14.821            0.005     14.802         14.802   14.803       14.803    0.015       0.007        11197114002620  339.7586480   16.8660800        3521      1   55426.174707200         525    14.709    20.178     27.480    3.450       3.925           0      131072            0            1    11197114 
   55436.224917200        14.795        0.032        35212010000353  339.7586430   16.8660400   22h39m02.07s   16d51m57.74s      2               0    1.112545e-06         133         130         118        14.821            0.005     14.802         14.802   14.803       14.803    0.015       0.007        11208660002559  339.7586560   16.8661600        3521      1   55436.230067200         609    14.793    20.460     27.732    2.450       3.052           0      131072            0            1    11208660 
   55436.176617200        14.806        0.032        35212010000353  339.7586430   16.8660400   22h39m02.07s   16d51m57.74s      2               0    1.112545e-06         133         130         118        14.821            0.005     14.802         14.802   14.803       14.803    0.015       0.007        11208880002356  339.7586870   16.8661270        3521      1   55436.181767200         609    14.799    20.253     27.690    2.850       3.578           0      131088            0            1    11208880 
   55439.224367200        14.804        0.030        35212010000353  339.7586430   16.8660400   22h39m02.07s   16d51m57.74s      2               0    1.112545e-06         133         130         118        14.821            0.005     14.802         14.802   14.803       14.803    0.015       0.007        11225032003633  339.7586640   16.8661580        3521      1   55439.229567200         534    14.801    21.365     27.741    2.150       2.469           0      131072            0            1    11225032 
   55439.179857200        14.811        0.030        35212010000353  339.7586430   16.8660400   22h39m02.07s   16d51m57.74s      2               0    1.112545e-06         133         130         118        14.821            0.005     14.802         14.802   14.803       14.803    0.015       0.007        11225074003534  339.7586090   16.8661810        3521      1   55439.185067200         534    14.807    21.185     27.701    2.550       3.009           0      131072            0            1    11225074 
   55382.429197200        14.802        0.026        35212010000353  339.7586430   16.8660400   22h39m02.07s   16d51m57.74s      2               0    1.112545e-06         133         130         118        14.821            0.005     14.802         14.802   14.803       14.803    0.015       0.007        11241403003779  339.7585640   16.8660280        3521      1   55382.431397200         481    14.803    21.348     27.825    2.350       2.534           0      131072            0            1    11241403 
   55382.386187200        14.802        0.026        35212010000353  339.7586430   16.8660400   22h39m02.07s   16d51m57.74s      2               0    1.112545e-06         133         130         118        14.821            0.005     14.802         14.802   14.803       14.803    0.015       0.007        11241417003629  339.7586060   16.8660090        3521      1   55382.388377200         481    14.806    21.276     27.811    2.350       2.660           0      131072            0            1    11241417 
   55387.460507200        14.798        0.126        35212010000353  339.7586430   16.8660400   22h39m02.07s   16d51m57.74s      2               0    1.112545e-06         133         130         118        14.821            0.005     14.802         14.802   14.803       14.803    0.015       0.007        11260633004077  339.7586190   16.8660320        3521      1   55387.463097200         486    14.660    21.532     27.597    2.250       2.353           0      131072            0            1    11260633 
   55387.412087200        14.802        0.126        35212010000353  339.7586430   16.8660400   22h39m02.07s   16d51m57.74s      2               0    1.112545e-06         133         130         118        14.821            0.005     14.802         14.802   14.803       14.803    0.015       0.007        11260799004181  339.7586390   16.8660360        3521      1   55387.414667200         486    14.708    21.786     27.638    1.950       2.309           0      131072            0            1    11260799 
   55349.467407200        14.797        0.057        35212010000353  339.7586430   16.8660400   22h39m02.07s   16d51m57.74s      2               0    1.112545e-06         133         130         118        14.821            0.005     14.802         14.802   14.803       14.803    0.015       0.007        11335566003179  339.7586490   16.8660510        3521      1   55349.466757200         449    14.809    20.830     27.809    2.450       3.101           0      131072            0            1    11335566 
   55419.358367200        14.831        0.206        35212010000353  339.7586430   16.8660400   22h39m02.07s   16d51m57.74s      2               0    1.112545e-06         133         130         118        14.821            0.005     14.802         14.802   14.803       14.803    0.015       0.007        11390524003221  339.7586830   16.8660550        3521      1   55419.362947200         518    14.704    20.961     26.859    2.450       2.875           0      131072            0            1    11390524 
   55419.401647200        14.809        0.206        35212010000353  339.7586430   16.8660400   22h39m02.07s   16d51m57.74s      2               0    1.112545e-06         133         130         118        14.821            0.005     14.802         14.802   14.803       14.803    0.015       0.007        11390685002941  339.7586980   16.8660330        3521      1   55419.406227200         518    14.780    20.948     26.872    2.650       2.936           0      131072            0            1    11390685 
   55364.386147200        14.795        0.030        35212010000353  339.7586430   16.8660400   22h39m02.07s   16d51m57.74s      2               0    1.112545e-06         133         130         118        14.821            0.005     14.802         14.802   14.803       14.803    0.015       0.007        11392977003593  339.7586680   16.8659980        3521      1   55364.386807200         463    14.789    21.278     27.720    2.650       3.134           0      131072            0            1    11392977 
   55369.460177200        14.801        0.027        35212010000353  339.7586430   16.8660400   22h39m02.07s   16d51m57.74s      2               0    1.112545e-06         133         130         118        14.821            0.005     14.802         14.802   14.803       14.803    0.015       0.007        11408518003945  339.7586120   16.8660210        3521      1   55369.461277200         468    14.798    21.678     27.832    2.150       2.587           0      131072            0            1    11408518 
   55372.400097200        14.794        0.027        35212010000353  339.7586430   16.8660400   22h39m02.07s   16d51m57.74s      2               0    1.112545e-06         133         130         118        14.821            0.005     14.802         14.802   14.803       14.803    0.015       0.007        11411059002988  339.7586520   16.8660290        3521      1   55372.401447200         471    14.791    20.834     27.797    2.250       2.528           0      131072            0            1    11411059 
   55372.356507200        14.806        0.027        35212010000353  339.7586430   16.8660400   22h39m02.07s   16d51m57.74s      2               0    1.112545e-06         133         130         118        14.821            0.005     14.802         14.802   14.803       14.803    0.015       0.007        11411122002555  339.7585120   16.8660800        3521      1   55372.357857200         471    14.805    20.454     27.767    2.750       3.220           0      131072            0            1    11411122 
   55371.453437200        14.806        0.024        35212010000353  339.7586430   16.8660400   22h39m02.07s   16d51m57.74s      2               0    1.112545e-06         133         130         118        14.821            0.005     14.802         14.802   14.803       14.803    0.015       0.007        11413396003786  339.7586260   16.8659900        3521      1   55371.454717200         470    14.806    21.479     27.837    2.150       2.559           0      131072            0            1    11413396 
   55370.457827200        14.811        0.025        35212010000353  339.7586430   16.8660400   22h39m02.07s   16d51m57.74s      2               0    1.112545e-06         133         130         118        14.821            0.005     14.802         14.802   14.803       14.803    0.015       0.007        11415784004020  339.7586740   16.8660620        3521      1   55370.459017200         469    14.816    21.749     27.832    2.150       2.354           0      131072            0            1    11415784 
   55377.357017200        14.798        0.027        35212010000353  339.7586430   16.8660400   22h39m02.07s   16d51m57.74s      2               0    1.112545e-06         133         130         118        14.821            0.005     14.802         14.802   14.803       14.803    0.015       0.007        11430952002682  339.7586740   16.8660320        3521      1   55377.358787200         476    14.800    20.528     27.736    2.550       2.904           0      131072            0            1    11430952 
   55377.401227200        14.801        0.027        35212010000353  339.7586430   16.8660400   22h39m02.07s   16d51m57.74s      2               0    1.112545e-06         133         130         118        14.821            0.005     14.802         14.802   14.803       14.803    0.015       0.007        11430984002787  339.7586840   16.8660730        3521      1   55377.403007200         476    14.807    20.607     27.759    2.550       2.829           0      131072            0            1    11430984 
   55137.187677200        14.809        0.026        35212010000353  339.7586430   16.8660400   22h39m02.07s   16d51m57.74s      2               0    1.112545e-06         133         130         118        14.821            0.005     14.802         14.802   14.803       14.803    0.015       0.007        11785647002564  339.7586150   16.8660530        3521      1   55137.191017200         244    14.813    20.532     27.861    2.250       2.350           0      131072            0            1    11785647 
   55138.179157200        14.812        0.040        35212010000353  339.7586430   16.8660400   22h39m02.07s   16d51m57.74s      2               0    1.112545e-06         133         130         118        14.821            0.005     14.802         14.802   14.803       14.803    0.015       0.007        11788716002601  339.7586400   16.8660540        3521      1   55138.182427200         245    14.803    20.407     27.838    2.650       2.724           0      131072            0            1    11788716 
   55142.163267200        14.808        0.027        35212010000353  339.7586430   16.8660400   22h39m02.07s   16d51m57.74s      2               0    1.112545e-06         133         130         118        14.821            0.005     14.802         14.802   14.803       14.803    0.015       0.007        11794001003880  339.7586330   16.8661060        3521      1   55142.166237200         282    14.817    21.440     27.846    2.250       2.367           0      131072            0            1    11794001 
   55142.118957200        14.811        0.027        35212010000353  339.7586430   16.8660400   22h39m02.07s   16d51m57.74s      2               0    1.112545e-06         133         130         118        14.821            0.005     14.802         14.802   14.803       14.803    0.015       0.007        11794104003706  339.7586450   16.8660710        3521      1   55142.121927200         282    14.822    21.256     27.843    2.550       2.713           0      131072            0            1    11794104 
   55123.223387200        14.802        0.027        35212010000353  339.7586430   16.8660400   22h39m02.07s   16d51m57.74s      2               0    1.112545e-06         133         130         118        14.821            0.005     14.802         14.802   14.803       14.803    0.015       0.007        11812126004235  339.7585980   16.8660960        3521      1   55123.227627200         232    14.813    21.573     27.905    2.150       2.206           0      131072            0            1    11812126 
   55045.207707200        14.810        0.027        35212010000353  339.7586430   16.8660400   22h39m02.07s   16d51m57.74s      2               0    1.112545e-06         133         130         118        14.821            0.005     14.802         14.802   14.803       14.803    0.015       0.007        11860485002641  339.7585910   16.8660650        3521      1   55045.211847200         159    14.803    20.084     27.324    3.150       3.943           0      131088            0            1    11860485 
   55045.289337200        14.801        0.027        35212010000353  339.7586430   16.8660400   22h39m02.07s   16d51m57.74s      2               0    1.112545e-06         133         130         118        14.821            0.005     14.802         14.802   14.803       14.803    0.015       0.007        11860493003561  339.7586700   16.8660690        3521      1   55045.293477200         159    14.806    20.903     27.433    2.150       2.525           0      131072            0            1    11860493 
   55049.426157200        14.797        0.027        35212010000353  339.7586430   16.8660400   22h39m02.07s   16d51m57.74s      2               0    1.112545e-06         133         130         118        14.821            0.005     14.802         14.802   14.803       14.803    0.015       0.007        11862929002477  339.7586600   16.8660220        3521      1   55049.430517200         163    14.804    20.099     27.386    2.250       2.588           0      131072            0            1    11862929 
   55054.221717200        14.806        0.056        35212010000353  339.7586430   16.8660400   22h39m02.07s   16d51m57.74s      2               0    1.112545e-06         133         130         118        14.821            0.005     14.802         14.802   14.803       14.803    0.015       0.007        11869567002224  339.7586450   16.8660820        3521      1   55054.226297200         168    14.798    19.814     27.190    3.550       3.881           0      131072            0            1    11869567 
   55066.328927200        14.811        0.032        35212010000353  339.7586430   16.8660400   22h39m02.07s   16d51m57.74s      2               0    1.112545e-06         133         130         118        14.821            0.005     14.802         14.802   14.803       14.803    0.015       0.007        11883377004489  339.7586140   16.8660560        3521      1   55066.333957200         180    14.816    21.585     27.166    1.750       1.825           0      131072            0            1    11883377 
   55066.284507200        14.806        0.032        35212010000353  339.7586430   16.8660400   22h39m02.07s   16d51m57.74s      2               0    1.112545e-06         133         130         118        14.821            0.005     14.802         14.802   14.803       14.803    0.015       0.007        11883394004382  339.7586540   16.8660150        3521      1   55066.289537200         180    14.833    21.538     27.147    1.750       1.987           0      131072            0            1    11883394 
   55061.271507200        14.804        0.028        35212010000353  339.7586430   16.8660400   22h39m02.07s   16d51m57.74s      2               0    1.112545e-06         133         130         118        14.821            0.005     14.802         14.802   14.803       14.803    0.015       0.007        11892875004503  339.7587050   16.8660490        3521      1   55061.276377200         175    14.817    21.421     27.303    2.150       2.415           0      131072            0            1    11892875 
   55061.369177200        14.803        0.028        35212010000353  339.7586430   16.8660400   22h39m02.07s   16d51m57.74s      2               0    1.112545e-06         133         130         118        14.821            0.005     14.802         14.802   14.803       14.803    0.015       0.007        11892899004660  339.7586520   16.8660470        3521      1   55061.374047200         175    14.817    21.563     27.308    2.150       2.288           0      131072            0            1    11892899 
   55056.350197200        14.805        0.026        35212010000353  339.7586430   16.8660400   22h39m02.07s   16d51m57.74s      2               0    1.112545e-06         133         130         118        14.821            0.005     14.802         14.802   14.803       14.803    0.015       0.007        11898883003911  339.7586550   16.8660640        3521      1   55056.354877200         170    14.814    21.064     27.325    2.250       2.655           0      131072            0            1    11898883 
   55056.268047200        14.801        0.026        35212010000353  339.7586430   16.8660400   22h39m02.07s   16d51m57.74s      2               0    1.112545e-06         133         130         118        14.821            0.005     14.802         14.802   14.803       14.803    0.015       0.007        11898894003988  339.7586290   16.8660760        3521      1   55056.272717200         170    14.808    21.070     27.300    2.350       2.522           0      131072            0            1    11898894 
   55019.451217200        14.808        0.034        35212010000353  339.7586430   16.8660400   22h39m02.07s   16d51m57.74s      2               0    1.112545e-06         133         130         118        14.821            0.005     14.802         14.802   14.803       14.803    0.015       0.007        11910381002541  339.7586100   16.8660750        3521      1   55019.453587200         133    14.827    20.197     27.207    2.550       2.658           0      131072            0            1    11910381 
   55019.390137200        14.811        0.034        35212010000353  339.7586430   16.8660400   22h39m02.07s   16d51m57.74s      2               0    1.112545e-06         133         130         118        14.821            0.005     14.802         14.802   14.803       14.803    0.015       0.007        11910426002479  339.7587200   16.8660460        3521      1   55019.392507200         133    14.825    20.113     27.187    2.550       2.696           0      131072            0            1    11910426 
   55087.280887200        14.808        0.025        35212010000353  339.7586430   16.8660400   22h39m02.07s   16d51m57.74s      2               0    1.112545e-06         133         130         118        14.821            0.005     14.802         14.802   14.803       14.803    0.015       0.007        11917194004939  339.7586550   16.8660530        3521      1   55087.286197200         199    14.806    21.601     27.374    2.050       2.200           0      131072            0            1    11917194 
   55087.325037200        14.808        0.025        35212010000353  339.7586430   16.8660400   22h39m02.07s   16d51m57.74s      2               0    1.112545e-06         133         130         118        14.821            0.005     14.802         14.802   14.803       14.803    0.015       0.007        11917208004661  339.7586520   16.8660430        3521      1   55087.330337200         199    14.808    21.481     27.372    2.250       2.349           0      131072            0            1    11917208 
   55031.383737200        14.807        0.031        35212010000353  339.7586430   16.8660400   22h39m02.07s   16d51m57.74s      2               0    1.112545e-06         133         130         118        14.821            0.005     14.802         14.802   14.803       14.803    0.015       0.007        11956536004794  339.7587640   16.8660830        3521      1   55031.387007200         145    14.808    21.600     27.424    2.050       2.242           0      131072            0            1    11956536 
   55039.420947200        14.808        0.030        35212010000353  339.7586430   16.8660400   22h39m02.07s   16d51m57.74s      2               0    1.112545e-06         133         130         118        14.821            0.005     14.802         14.802   14.803       14.803    0.015       0.007        11983407004740  339.7586020   16.8660400        3521      1   55039.424747200         153    14.807    21.545     27.382    2.150       2.346           0      131072            0            1    11983407 
   55039.376907200        14.807        0.030        35212010000353  339.7586430   16.8660400   22h39m02.07s   16d51m57.74s      2               0    1.112545e-06         133         130         118        14.821            0.005     14.802         14.802   14.803       14.803    0.015       0.007        11983503004616  339.7586540   16.8660560        3521      1   55039.380697200         153    14.807    21.504     27.363    2.150       2.361           0      131072            0            1    11983503 
   55498.219327200        14.788        0.196        35212010000353  339.7586430   16.8660400   22h39m02.07s   16d51m57.74s      2               0    1.112545e-06         133         130         118        14.821            0.005     14.802         14.802   14.803       14.803    0.015       0.007        12781517003039  339.7586770   16.8660200        3521      1   55498.222967200         593    15.018    21.108     27.710    2.150       2.284           0      131072            0            1    12781517 
   55498.274697200        14.796        0.196        35212010000353  339.7586430   16.8660400   22h39m02.07s   16d51m57.74s      2               0    1.112545e-06         133         130         118        14.821            0.005     14.802         14.802   14.803       14.803    0.015       0.007        12781770003690  339.7586790   16.8660110        3521      1   55498.278327200         593    14.626    21.129     27.613    2.050       2.229           0      131072            0            1    12781770 
   55458.418447200        14.795        0.029        35212010000353  339.7586430   16.8660400   22h39m02.07s   16d51m57.74s      2               0    1.112545e-06         133         130         118        14.821            0.005     14.802         14.802   14.803       14.803    0.015       0.007        12794281003090  339.7586780   16.8660170        3521      1   55458.423707200         553    14.791    20.919     27.780    2.350       2.580           0      131072            0            1    12794281 
   55458.351667200        14.797        0.029        35212010000353  339.7586430   16.8660400   22h39m02.07s   16d51m57.74s      2               0    1.112545e-06         133         130         118        14.821            0.005     14.802         14.802   14.803       14.803    0.015       0.007        12794437002968  339.7586390   16.8660140        3521      1   55458.356927200         553    14.798    20.824     27.805    2.250       2.468           0      131072            0            1    12794437 
   55480.170497200        14.807        0.029        35212010000353  339.7586430   16.8660400   22h39m02.07s   16d51m57.74s      2               0    1.112545e-06         133         130         118        14.821            0.005     14.802         14.802   14.803       14.803    0.015       0.007        12805116003857  339.7586790   16.8660190        3521      1   55480.175147200         574    14.807    21.375     27.805    2.250       2.489           0      131072            0            1    12805116 
   55480.128187200        14.808        0.029        35212010000353  339.7586430   16.8660400   22h39m02.07s   16d51m57.74s      2               0    1.112545e-06         133         130         118        14.821            0.005     14.802         14.802   14.803       14.803    0.015       0.007        12805131003864  339.7586820   16.8660200        3521      1   55480.132837200         574    14.812    21.312     27.781    2.350       2.631           0      131072            0            1    12805131 
   56202.157977200        14.810        0.029        35212010000353  339.7586430   16.8660400   22h39m02.07s   16d51m57.74s      2               0    1.112545e-06         133         130         118        14.821            0.005     14.802         14.802   14.803       14.803    0.015       0.007        14273573002757  339.7586910   16.8660000        3521      1   56202.162947200        1299    14.826    20.632     27.821    2.150       2.369           0      131072            0            1    14273573 
   56202.128807200        14.798        0.029        35212010000353  339.7586430   16.8660400   22h39m02.07s   16d51m57.74s      2               0    1.112545e-06         133         130         118        14.821            0.005     14.802         14.802   14.803       14.803    0.015       0.007        14273576002729  339.7586930   16.8660100        3521      1   56202.133787200        1299    14.810    20.554     27.807    2.350       2.660           0      131072            0            1    14273576 
   56202.187427200        14.804        0.029        35212010000353  339.7586430   16.8660400   22h39m02.07s   16d51m57.74s      2               0    1.112545e-06         133         130         118        14.821            0.005     14.802         14.802   14.803       14.803    0.015       0.007        14273609002785  339.7586910   16.8660110        3521      1   56202.192407200        1299    14.807    20.600     27.829    2.350       2.587           0      131072            0            1    14273609 
   56204.112797200        14.861        0.373        35212010000353  339.7586430   16.8660400   22h39m02.07s   16d51m57.74s      2               0    1.112545e-06         133         130         118        14.821            0.005     14.802         14.802   14.803       14.803    0.015       0.007        14314176002005  339.7586840   16.8660390        3521      1   56204.117707200        1301    15.372    20.324     27.519    2.850       3.071           0      131072            0            1    14314176 
   56204.143157200        14.872        0.373        35212010000353  339.7586430   16.8660400   22h39m02.07s   16d51m57.74s      2               0    1.112545e-06         133         130         118        14.821            0.005     14.802         14.802   14.803       14.803    0.015       0.007        14314199002714  339.7586810   16.8660190        3521      1   56204.148067200        1301    15.095    20.719     27.594    2.450       2.577           0      131072            0            1    14314199 
   56204.173637200        14.854        0.373        35212010000353  339.7586430   16.8660400   22h39m02.07s   16d51m57.74s      2               0    1.112545e-06         133         130         118        14.821            0.005     14.802         14.802   14.803       14.803    0.015       0.007        14314224003433  339.7586910   16.8660090        3521      1   56204.178537200        1301    14.565    20.716     27.598    2.550       2.696           0      131072            0            1    14314224 
   56206.113627200        14.801        0.108        35212010000353  339.7586430   16.8660400   22h39m02.07s   16d51m57.74s      2               0    1.112545e-06         133         130         118        14.821            0.005     14.802         14.802   14.803       14.803    0.015       0.007        14340308003812  339.7587050   16.8660150        3521      1   56206.118457200        1303    14.832    21.239     27.874    2.650       2.758           0      131072            0            1    14340308 
   56206.149307200        14.807        0.108        35212010000353  339.7586430   16.8660400   22h39m02.07s   16d51m57.74s      2               0    1.112545e-06         133         130         118        14.821            0.005     14.802         14.802   14.803       14.803    0.015       0.007        14340329004017  339.7586940   16.8660070        3521      1   56206.154137200        1303    14.835    21.490     27.877    2.350       2.387           0      131072            0            1    14340329 
   56206.179597200        14.805        0.108        35212010000353  339.7586430   16.8660400   22h39m02.07s   16d51m57.74s      2               0    1.112545e-06         133         130         118        14.821            0.005     14.802         14.802   14.803       14.803    0.015       0.007        14340359004178  339.7586960   16.8660100        3521      1   56206.184427200        1303    14.812    21.606     27.864    2.150       2.236           0      131072            0            1    14340359 
   56228.184547200        14.809        0.025        35212010000353  339.7586430   16.8660400   22h39m02.07s   16d51m57.74s      2               0    1.112545e-06         133         130         118        14.821            0.005     14.802         14.802   14.803       14.803    0.015       0.007        14450215002801  339.7586550   16.8660030        3521      1   56228.188217200        1315    14.803    20.579     27.855    2.350       2.386           0      131072            0            1    14450215 
   56228.215327200        14.798        0.025        35212010000353  339.7586430   16.8660400   22h39m02.07s   16d51m57.74s      2               0    1.112545e-06         133         130         118        14.821            0.005     14.802         14.802   14.803       14.803    0.015       0.007        14450231002607  339.7586760   16.8660130        3521      1   56228.218997200        1315    14.805    20.445     27.853    2.550       2.612           0      131072            0            1    14450231 
   56230.249197200        14.807        0.025        35212010000353  339.7586430   16.8660400   22h39m02.07s   16d51m57.74s      2               0    1.112545e-06         133         130         118        14.821            0.005     14.802         14.802   14.803       14.803    0.015       0.007        14487301002515  339.7586700   16.8660080        3521      1   56230.252737200        1317    14.814    20.471     27.838    2.150       2.313           0      131072            0            1    14487301 
   56234.212917200        14.799        0.049        35212010000353  339.7586430   16.8660400   22h39m02.07s   16d51m57.74s      2               0    1.112545e-06         133         130         118        14.821            0.005     14.802         14.802   14.803       14.803    0.015       0.007        14497523003291  339.7587180   16.8660120        3521      1   56234.216167200        1321    14.782    20.978     27.830    2.550       2.637           0      131072            0            1    14497523 
   56234.244177200        14.805        0.049        35212010000353  339.7586430   16.8660400   22h39m02.07s   16d51m57.74s      2               0    1.112545e-06         133         130         118        14.821            0.005     14.802         14.802   14.803       14.803    0.015       0.007        14497538003161  339.7587040   16.8660100        3521      1   56234.247427200        1321    14.782    20.855     27.814    2.650       2.768           0      131072            0            1    14497538 
   56236.145687200        14.809        0.028        35212010000353  339.7586430   16.8660400   22h39m02.07s   16d51m57.74s      2               0    1.112545e-06         133         130         118        14.821            0.005     14.802         14.802   14.803       14.803    0.015       0.007        14529701003941  339.7586570   16.8660130        3521      1   56236.148787200        1323    14.821    21.327     27.866    2.550       2.677           0      131072            0            1    14529701 
   56238.121187200        14.806        0.026        35212010000353  339.7586430   16.8660400   22h39m02.07s   16d51m57.74s      2               0    1.112545e-06         133         130         118        14.821            0.005     14.802         14.802   14.803       14.803    0.015       0.007        14571459004000  339.7586560   16.8660070        3521      1   56238.124147200        1325    14.813    21.452     27.870    2.150       2.367           0      131072            0            1    14571459 
   56238.091697200        14.811        0.026        35212010000353  339.7586430   16.8660400   22h39m02.07s   16d51m57.74s      2               0    1.112545e-06         133         130         118        14.821            0.005     14.802         14.802   14.803       14.803    0.015       0.007        14571481003904  339.7586570   16.8660210        3521      1   56238.094657200        1325    14.816    21.351     27.866    2.250       2.397           0      131072            0            1    14571481 
   56232.228407200        14.796        0.068        35212010000353  339.7586430   16.8660400   22h39m02.07s   16d51m57.74s      2               0    1.112545e-06         133         130         118        14.821            0.005     14.802         14.802   14.803       14.803    0.015       0.007        14646437003224  339.7587030   16.8660150        3521      1   56232.231797200        1319    14.754    20.945     27.811    2.150       2.256           0      131072            0            1    14646437 
   56251.084597200        14.800        0.026        35212010000353  339.7586430   16.8660400   22h39m02.07s   16d51m57.74s      2               0    1.112545e-06         133         130         118        14.821            0.005     14.802         14.802   14.803       14.803    0.015       0.007        14656421003617  339.7586570   16.8660040        3521      1   56251.086477200        1338    14.807    21.188     27.867    2.150       2.325           0      131072            0            1    14656421 
   56251.114167200        14.803        0.026        35212010000353  339.7586430   16.8660400   22h39m02.07s   16d51m57.74s      2               0    1.112545e-06         133         130         118        14.821            0.005     14.802         14.802   14.803       14.803    0.015       0.007        14656431003486  339.7586600   16.8660110        3521      1   56251.116047200        1338    14.809    20.894     27.868    2.850       3.038           0      131072            0            1    14656431 
   56255.081677200        14.800        0.025        35212010000353  339.7586430   16.8660400   22h39m02.07s   16d51m57.74s      2               0    1.112545e-06         133         130         118        14.821            0.005     14.802         14.802   14.803       14.803    0.015       0.007        14696885002894  339.7586550   16.8660140        3521      1   56255.083207200        1342    14.798    20.578     27.861    2.650       2.683           0      131072            0            1    14696885 
   56255.112127200        14.803        0.025        35212010000353  339.7586430   16.8660400   22h39m02.07s   16d51m57.74s      2               0    1.112545e-06         133         130         118        14.821            0.005     14.802         14.802   14.803       14.803    0.015       0.007        14696913002581  339.7586570   16.8660220        3521      1   56255.113657200        1342    14.815    20.354     27.864    3.450       3.377           0      131072            0            1    14696913 
   56267.144527200        14.805        0.234        35212010000353  339.7586430   16.8660400   22h39m02.07s   16d51m57.74s      2               0    1.112545e-06         133         130         118        14.821            0.005     14.802         14.802   14.803       14.803    0.015       0.007        14756100003389  339.7586510   16.8660040        3521      1   56267.144947200        1354    14.809    20.986     27.702    2.450       2.578           0      131072            0            1    14756100 
   56267.186597200        14.802        0.234        35212010000353  339.7586430   16.8660400   22h39m02.07s   16d51m57.74s      2               0    1.112545e-06         133         130         118        14.821            0.005     14.802         14.802   14.803       14.803    0.015       0.007        14756123003186  339.7586460   16.8660080        3521      1   56267.187007200        1354    14.789    20.949     27.611    2.150       2.380           0      131072            0            1    14756123 
   56265.173377200        14.827        0.237        35212010000353  339.7586430   16.8660400   22h39m02.07s   16d51m57.74s      2               0    1.112545e-06         133         130         118        14.821            0.005     14.802         14.802   14.803       14.803    0.015       0.007        14765409002957  339.7586560   16.8660170        3521      1   56265.173987200        1352    15.070    20.980     27.662    2.350       2.484           0      131072            0            1    14765409 
   56265.143887200        14.813        0.237        35212010000353  339.7586430   16.8660400   22h39m02.07s   16d51m57.74s      2               0    1.112545e-06         133         130         118        14.821            0.005     14.802         14.802   14.803       14.803    0.015       0.007        14765419003969  339.7586620   16.8660170        3521      1   56265.144497200        1352    14.807    21.422     27.826    2.350       2.484           0      131072            0            1    14765419 
   56271.223777200        14.807        0.040        35212010000353  339.7586430   16.8660400   22h39m02.07s   16d51m57.74s      2               0    1.112545e-06         133         130         118        14.821            0.005     14.802         14.802   14.803       14.803    0.015       0.007        14806131002708  339.7586710   16.8660530        3521      1   56271.223807200        1358    14.795    20.514     27.739    3.650       3.774           0      131072            0            1    14806131 
   56257.088927200        14.802        0.026        35212010000353  339.7586430   16.8660400   22h39m02.07s   16d51m57.74s      2               0    1.112545e-06         133         130         118        14.821            0.005     14.802         14.802   14.803       14.803    0.015       0.007        15702199002749  339.7586500   16.8660110        3521      1   56257.090267200        1344    14.799    20.547     27.846    2.750       2.836           0      131072            0            1    15702199 
   56257.119777200        14.808        0.026        35212010000353  339.7586430   16.8660400   22h39m02.07s   16d51m57.74s      2               0    1.112545e-06         133         130         118        14.821            0.005     14.802         14.802   14.803       14.803    0.015       0.007        15702237002958  339.7586490   16.8660080        3521      1   56257.121127200        1344    14.807    20.763     27.850    2.250       2.308           0      131072            0            1    15702237 
   56911.286797200        14.788        0.029        35212010000353  339.7586430   16.8660400   22h39m02.07s   16d51m57.74s      2               0    1.112545e-06         133         130         118        14.821            0.005     14.802         14.802   14.803       14.803    0.015       0.007        21287618002572  339.7586530   16.8660300        3521      1   56911.292097200        1975    14.752    20.473     27.736    2.350       2.494           0      131072            0            1    21287618 
