   55783.493537200        14.037        0.026        35212020001055  339.9016460   16.9451280   22h39m36.40s   16d56m42.46s      2               0    2.743080e-07         134         121           0        14.043            0.005     14.041           null   14.039         null    0.024        null        10358709005063  339.9016220   16.9451250        3521      2   55783.498077200         881    14.035    21.493     27.589    2.250       2.468           0      131072            0            1    10358709 
   55783.450517200        14.040        0.026        35212020001055  339.9016460   16.9451280   22h39m36.40s   16d56m42.46s      2               0    2.743080e-07         134         121           0        14.043            0.005     14.041           null   14.039         null    0.024        null        10358765005668  339.9016300   16.9451230        3521      2   55783.455047200         881    14.035    21.750     27.607    2.050       2.286           0      131072            0            1    10358765 
   55794.417557200        14.078        0.094        35212020001055  339.9016460   16.9451280   22h39m36.40s   16d56m42.46s      2               0    2.743080e-07         134         121           0        14.043            0.005     14.041           null   14.039         null    0.024        null        10379909002957  339.9016140   16.9451130        3521      2   55794.422517200         892    14.540    20.961     27.523    1.950       2.145           0      131072            0            1    10379909 
   55794.374747200        13.814        0.094        35212020001055  339.9016460   16.9451280   22h39m36.40s   16d56m42.46s      2               0    2.743080e-07         134         121           0        14.043            0.005     14.041           null   14.039         null    0.024        null        10379952001128  339.9016170   16.9451160        3521      2   55794.379707200         892    15.902    20.598     27.546    1.950       1.955           0      131072            0            1    10379952 
   55821.364667200        14.042        0.025        35212020001055  339.9016460   16.9451280   22h39m36.40s   16d56m42.46s      2               0    2.743080e-07         134         121           0        14.043            0.005     14.041           null   14.039         null    0.024        null        10509839003817  339.9016360   16.9451300        3521      2   55821.369947200         919    14.046    21.017     27.582    1.850       2.014           0      131072            0            1    10509839 
   55821.319317200        14.050        0.025        35212020001055  339.9016460   16.9451280   22h39m36.40s   16d56m42.46s      2               0    2.743080e-07         134         121           0        14.043            0.005     14.041           null   14.039         null    0.024        null        10509867003927  339.9016430   16.9451340        3521      2   55821.324607200         919    14.053    20.941     27.592    2.150       2.149           0      131072            0            1    10509867 
   55471.200687200        14.047        0.136        35212020001055  339.9016460   16.9451280   22h39m36.40s   16d56m42.46s      2               0    2.743080e-07         134         121           0        14.043            0.005     14.041           null   14.039         null    0.024        null        10797470005460  339.9016410   16.9451180        3521      2   55471.205667200         562    14.113    21.702     27.777    2.050       2.177           0      131072            0            1    10797470 
   55471.244407200        14.046        0.136        35212020001055  339.9016460   16.9451280   22h39m36.40s   16d56m42.46s      2               0    2.743080e-07         134         121           0        14.043            0.005     14.041           null   14.039         null    0.024        null        10797561005385  339.9016220   16.9451260        3521      2   55471.249397200         562    14.056    21.708     27.722    1.950       2.065           0      131072            0            1    10797561 
   55483.166527200        14.044        0.026        35212020001055  339.9016460   16.9451280   22h39m36.40s   16d56m42.46s      2               0    2.743080e-07         134         121           0        14.043            0.005     14.041           null   14.039         null    0.024        null        10854963004894  339.9016360   16.9451230        3521      2   55483.171037200         577    14.050    21.574     27.711    1.850       2.078           0      131072            0            1    10854963 
   55483.122857200        14.043        0.026        35212020001055  339.9016460   16.9451280   22h39m36.40s   16d56m42.46s      2               0    2.743080e-07         134         121           0        14.043            0.005     14.041           null   14.039         null    0.024        null        10855003004712  339.9016360   16.9451320        3521      2   55483.127367200         577    14.043    21.401     27.694    2.050       2.230           0      131072            0            1    10855003 
   55443.230767200        14.043        0.025        35212020001055  339.9016460   16.9451280   22h39m36.40s   16d56m42.46s      2               0    2.743080e-07         134         121           0        14.043            0.005     14.041           null   14.039         null    0.024        null        10906821005337  339.9016410   16.9451380        3521      2   55443.236027200         538    14.046    21.673     27.688    1.950       2.099           0      131072            0            1    10906821 
   55443.185917200        14.044        0.025        35212020001055  339.9016460   16.9451280   22h39m36.40s   16d56m42.46s      2               0    2.743080e-07         134         121           0        14.043            0.005     14.041           null   14.039         null    0.024        null        10906829004668  339.9016440   16.9451450        3521      2   55443.191177200         538    14.053    21.315     27.660    2.350       2.529           0      131072            0            1    10906829 
   55446.312747200        14.052        0.031        35212020001055  339.9016460   16.9451280   22h39m36.40s   16d56m42.46s      2               0    2.743080e-07         134         121           0        14.043            0.005     14.041           null   14.039         null    0.024        null        10912721005872  339.9016340   16.9451340        3521      2   55446.318037200         541    14.055    21.913     27.701    1.750       1.949           0      131072            0            1    10912721 
   55446.269397200        14.050        0.031        35212020001055  339.9016460   16.9451280   22h39m36.40s   16d56m42.46s      2               0    2.743080e-07         134         121           0        14.043            0.005     14.041           null   14.039         null    0.024        null        10912767005775  339.9016300   16.9451460        3521      2   55446.274687200         541    14.055    21.832     27.700    1.850       2.010           0      131072            0            1    10912767 
   55452.163847200        14.042        0.022        35212020001055  339.9016460   16.9451280   22h39m36.40s   16d56m42.46s      2               0    2.743080e-07         134         121           0        14.043            0.005     14.041           null   14.039         null    0.024        null        10932880004819  339.9016440   16.9451210        3521      2   55452.169147200         547    14.049    21.434     27.703    1.950       2.183           0      131072            0            1    10932880 
   55452.206587200        14.044        0.022        35212020001055  339.9016460   16.9451280   22h39m36.40s   16d56m42.46s      2               0    2.743080e-07         134         121           0        14.043            0.005     14.041           null   14.039         null    0.024        null        10932994005138  339.9016560   16.9451430        3521      2   55452.211887200         547    14.052    21.570     27.719    2.050       2.267           0      131072            0            1    10932994 
   55467.310857200        14.039        0.070        35212020001055  339.9016460   16.9451280   22h39m36.40s   16d56m42.46s      2               0    2.743080e-07         134         121           0        14.043            0.005     14.041           null   14.039         null    0.024        null        11076928004285  339.9016400   16.9451330        3521      2   55467.315957200         560    14.048    21.220     27.703    1.950       2.124           0      131072            0            1    11076928 
   55468.221587200        14.088        0.415        35212020001055  339.9016460   16.9451280   22h39m36.40s   16d56m42.46s      2               0    2.743080e-07         134         121           0        14.043            0.005     14.041           null   14.039         null    0.024        null        11077553004900  339.9016510   16.9451530        3521      2   55468.226657200         558    14.098    21.460     27.763    2.050       2.242           0      131072            0            1    11077553 
   55416.200397200        14.053        0.181        35212020001055  339.9016460   16.9451280   22h39m36.40s   16d56m42.46s      2               0    2.743080e-07         134         121           0        14.043            0.005     14.041           null   14.039         null    0.024        null        11122400002912  339.9016660   16.9451260        3521      2   55416.204827200         515    14.152    20.322     26.576    3.350       3.496           0      131072            0            1    11122400 
   55416.243347200        14.046        0.181        35212020001055  339.9016460   16.9451280   22h39m36.40s   16d56m42.46s      2               0    2.743080e-07         134         121           0        14.043            0.005     14.041           null   14.039         null    0.024        null        11122538003388  339.9016390   16.9451250        3521      2   55416.247777200         515    14.208    20.673     26.773    3.250       3.325           0      131072            0            1    11122538 
   55422.369597200        14.047        0.028        35212020001055  339.9016460   16.9451280   22h39m36.40s   16d56m42.46s      2               0    2.743080e-07         134         121           0        14.043            0.005     14.041           null   14.039         null    0.024        null        11148589005828  339.9016180   16.9451250        3521      2   55422.374307200         521    14.042    21.795     27.677    2.050       2.120           0      131072            0            1    11148589 
   55422.414337200        14.041        0.028        35212020001055  339.9016460   16.9451280   22h39m36.40s   16d56m42.46s      2               0    2.743080e-07         134         121           0        14.043            0.005     14.041           null   14.039         null    0.024        null        11148740005189  339.9016320   16.9451420        3521      2   55422.419057200         521    14.039    21.776     27.674    2.050       2.206           0      131072            0            1    11148740 
   55429.226357200        14.043        0.022        35212020001055  339.9016460   16.9451280   22h39m36.40s   16d56m42.46s      2               0    2.743080e-07         134         121           0        14.043            0.005     14.041           null   14.039         null    0.024        null        11190900003782  339.9016240   16.9451500        3521      2   55429.231317200         528    14.041    20.937     27.680    1.950       2.144           0      131072            0            1    11190900 
   55429.183207200        14.042        0.022        35212020001055  339.9016460   16.9451280   22h39m36.40s   16d56m42.46s      2               0    2.743080e-07         134         121           0        14.043            0.005     14.041           null   14.039         null    0.024        null        11191097003912  339.9016390   16.9451260        3521      2   55429.188167200         528    14.038    20.632     27.632    2.150       2.449           0      131072            0            1    11191097 
   55426.169847200        14.052        0.071        35212020001055  339.9016460   16.9451280   22h39m36.40s   16d56m42.46s      2               0    2.743080e-07         134         121           0        14.043            0.005     14.041           null   14.039         null    0.024        null        11196938003080  339.9016130   16.9451640        3521      2   55426.174707200         525    14.017    20.153     27.437    3.550       3.410           0      131072            0            1    11196938 
   55436.224917200        14.034        0.028        35212020001055  339.9016460   16.9451280   22h39m36.40s   16d56m42.46s      2               0    2.743080e-07         134         121           0        14.043            0.005     14.041           null   14.039         null    0.024        null        11209482003041  339.9016430   16.9451260        3521      2   55436.230067200         609    14.029    20.423     27.647    2.450       2.608           0      131072            0            1    11209482 
   55436.176617200        14.039        0.028        35212020001055  339.9016460   16.9451280   22h39m36.40s   16d56m42.46s      2               0    2.743080e-07         134         121           0        14.043            0.005     14.041           null   14.039         null    0.024        null        11209702002823  339.9016360   16.9451380        3521      2   55436.181767200         609    14.034    20.177     27.604    2.950       3.002           0      131072            0            1    11209702 
   55439.224367200        14.049        0.025        35212020001055  339.9016460   16.9451280   22h39m36.40s   16d56m42.46s      2               0    2.743080e-07         134         121           0        14.043            0.005     14.041           null   14.039         null    0.024        null        11224536004740  339.9016390   16.9451320        3521      2   55439.229567200         534    14.046    21.383     27.655    2.050       2.222           0      131072            0            1    11224536 
   55439.179857200        14.036        0.025        35212020001055  339.9016460   16.9451280   22h39m36.40s   16d56m42.46s      2               0    2.743080e-07         134         121           0        14.043            0.005     14.041           null   14.039         null    0.024        null        11224578004511  339.9016350   16.9451250        3521      2   55439.185067200         534    14.035    21.197     27.618    2.450       2.583           0      131072            0            1    11224578 
   55382.429197200        14.040        0.023        35212020001055  339.9016460   16.9451280   22h39m36.40s   16d56m42.46s      2               0    2.743080e-07         134         121           0        14.043            0.005     14.041           null   14.039         null    0.024        null        11241639004916  339.9016380   16.9450840        3521      2   55382.431397200         481    14.042    21.420     27.716    2.150       2.331           0      131072            0            1    11241639 
   55382.386187200        14.039        0.023        35212020001055  339.9016460   16.9451280   22h39m36.40s   16d56m42.46s      2               0    2.743080e-07         134         121           0        14.043            0.005     14.041           null   14.039         null    0.024        null        11241653004628  339.9016320   16.9451280        3521      2   55382.388377200         481    14.046    21.297     27.704    2.250       2.450           0      131072            0            1    11241653 
   55387.460507200        14.044        0.126        35212020001055  339.9016460   16.9451280   22h39m36.40s   16d56m42.46s      2               0    2.743080e-07         134         121           0        14.043            0.005     14.041           null   14.039         null    0.024        null        11260078006703  339.9016240   16.9451420        3521      2   55387.463097200         486    13.858    21.494     27.453    2.150       2.202           0      131072            0            1    11260078 
   55387.412087200        14.040        0.126        35212020001055  339.9016460   16.9451280   22h39m36.40s   16d56m42.46s      2               0    2.743080e-07         134         121           0        14.043            0.005     14.041           null   14.039         null    0.024        null        11260241005783  339.9016160   16.9451790        3521      2   55387.414667200         486    13.914    21.787     27.509    1.850       2.006           0      131072            0            1    11260241 
   55349.467407200        14.038        0.050        35212020001055  339.9016460   16.9451280   22h39m36.40s   16d56m42.46s      2               0    2.743080e-07         134         121           0        14.043            0.005     14.041           null   14.039         null    0.024        null        11335748004310  339.9016500   16.9451280        3521      2   55349.466757200         449    14.054    20.796     27.694    2.450       2.612           0      131072            0            1    11335748 
   55419.358367200        14.025        0.194        35212020001055  339.9016460   16.9451280   22h39m36.40s   16d56m42.46s      2               0    2.743080e-07         134         121           0        14.043            0.005     14.041           null   14.039         null    0.024        null        11390784004227  339.9016420   16.9451350        3521      2   55419.362947200         518    13.915    21.049     26.748    2.250       2.480           0      131072            0            1    11390784 
   55419.401647200        14.007        0.194        35212020001055  339.9016460   16.9451280   22h39m36.40s   16d56m42.46s      2               0    2.743080e-07         134         121           0        14.043            0.005     14.041           null   14.039         null    0.024        null        11390947003931  339.9016430   16.9451310        3521      2   55419.406227200         518    14.014    21.036     26.766    2.450       2.591           0      131072            0            1    11390947 
   55364.433677200        14.034        0.027        35212020001055  339.9016460   16.9451280   22h39m36.40s   16d56m42.46s      2               0    2.743080e-07         134         121           0        14.043            0.005     14.041           null   14.039         null    0.024        null        11393184004698  339.9016440   16.9451470        3521      2   55364.434347200         463    14.027    21.368     27.627    2.550       2.673           0      131072            0            1    11393184 
   55364.386147200        14.036        0.027        35212020001055  339.9016460   16.9451280   22h39m36.40s   16d56m42.46s      2               0    2.743080e-07         134         121           0        14.043            0.005     14.041           null   14.039         null    0.024        null        11393186004593  339.9016460   16.9451250        3521      2   55364.386807200         463    14.028    21.316     27.595    2.450       2.667           0      131072            0            1    11393186 
   55369.460177200        14.045        0.024        35212020001055  339.9016460   16.9451280   22h39m36.40s   16d56m42.46s      2               0    2.743080e-07         134         121           0        14.043            0.005     14.041           null   14.039         null    0.024        null        11409377005632  339.9016300   16.9451430        3521      2   55369.461277200         468    14.041    21.715     27.717    2.050       2.215           0      131072            0            1    11409377 
   55372.400097200        14.044        0.023        35212020001055  339.9016460   16.9451280   22h39m36.40s   16d56m42.46s      2               0    2.743080e-07         134         121           0        14.043            0.005     14.041           null   14.039         null    0.024        null        11411694004383  339.9016310   16.9451180        3521      2   55372.401447200         471    14.041    20.907     27.690    2.050       2.235           0      131072            0            1    11411694 
   55372.356507200        14.030        0.023        35212020001055  339.9016460   16.9451280   22h39m36.40s   16d56m42.46s      2               0    2.743080e-07         134         121           0        14.043            0.005     14.041           null   14.039         null    0.024        null        11411758003222  339.9016360   16.9451250        3521      2   55372.357857200         471    14.032    20.505     27.660    2.550       2.659           0      131072            0            1    11411758 
   55371.453437200        14.042        0.021        35212020001055  339.9016460   16.9451280   22h39m36.40s   16d56m42.46s      2               0    2.743080e-07         134         121           0        14.043            0.005     14.041           null   14.039         null    0.024        null        11414271005104  339.9016400   16.9451230        3521      2   55371.454717200         470    14.042    21.512     27.725    2.050       2.195           0      131072            0            1    11414271 
   55370.457827200        14.039        0.022        35212020001055  339.9016460   16.9451280   22h39m36.40s   16d56m42.46s      2               0    2.743080e-07         134         121           0        14.043            0.005     14.041           null   14.039         null    0.024        null        11416670005645  339.9016400   16.9451420        3521      2   55370.459017200         469    14.053    21.792     27.733    2.050       2.163           0      131072            0            1    11416670 
   55377.357017200        14.037        0.025        35212020001055  339.9016460   16.9451280   22h39m36.40s   16d56m42.46s      2               0    2.743080e-07         134         121           0        14.043            0.005     14.041           null   14.039         null    0.024        null        11431186003197  339.9016320   16.9451370        3521      2   55377.358787200         476    14.036    20.583     27.616    2.350       2.513           0      131072            0            1    11431186 
   55377.401227200        14.042        0.025        35212020001055  339.9016460   16.9451280   22h39m36.40s   16d56m42.46s      2               0    2.743080e-07         134         121           0        14.043            0.005     14.041           null   14.039         null    0.024        null        11431218003375  339.9016380   16.9451310        3521      2   55377.403007200         476    14.043    20.662     27.638    2.350       2.501           0      131072            0            1    11431218 
   55137.187677200        14.046        0.023        35212020001055  339.9016460   16.9451280   22h39m36.40s   16d56m42.46s      2               0    2.743080e-07         134         121           0        14.043            0.005     14.041           null   14.039         null    0.024        null        11784655003031  339.9016230   16.9451220        3521      2   55137.191017200         244    14.049    20.505     27.755    2.250       2.393           0      131072            0            1    11784655 
   55138.179157200        14.050        0.036        35212020001055  339.9016460   16.9451280   22h39m36.40s   16d56m42.46s      2               0    2.743080e-07         134         121           0        14.043            0.005     14.041           null   14.039         null    0.024        null        11787865003075  339.9016190   16.9451330        3521      2   55138.182427200         245    14.048    20.424     27.739    2.550       2.678           0      131072            0            1    11787865 
   55142.163267200        14.044        0.025        35212020001055  339.9016460   16.9451280   22h39m36.40s   16d56m42.46s      2               0    2.743080e-07         134         121           0        14.043            0.005     14.041           null   14.039         null    0.024        null        11793112004940  339.9016230   16.9451210        3521      2   55142.166237200         282    14.050    21.413     27.737    2.250       2.396           0      131072            0            1    11793112 
   55142.118957200        14.043        0.025        35212020001055  339.9016460   16.9451280   22h39m36.40s   16d56m42.46s      2               0    2.743080e-07         134         121           0        14.043            0.005     14.041           null   14.039         null    0.024        null        11793215004605  339.9016190   16.9451380        3521      2   55142.121927200         282    14.053    21.271     27.733    2.450       2.602           0      131072            0            1    11793215 
   55123.223387200        14.039        0.024        35212020001055  339.9016460   16.9451280   22h39m36.40s   16d56m42.46s      2               0    2.743080e-07         134         121           0        14.043            0.005     14.041           null   14.039         null    0.024        null        11811844005392  339.9016070   16.9451650        3521      2   55123.227627200         232    14.048    21.609     27.799    2.050       2.176           0      131072            0            1    11811844 
   55045.207707200        14.040        0.024        35212020001055  339.9016460   16.9451280   22h39m36.40s   16d56m42.46s      2               0    2.743080e-07         134         121           0        14.043            0.005     14.041           null   14.039         null    0.024        null        11857766003171  339.9016320   16.9451440        3521      2   55045.211847200         159    14.032    20.042     27.200    3.150       3.243           0      131072            0            1    11857766 
   55045.289337200        14.054        0.024        35212020001055  339.9016460   16.9451280   22h39m36.40s   16d56m42.46s      2               0    2.743080e-07         134         121           0        14.043            0.005     14.041           null   14.039         null    0.024        null        11857774004467  339.9016320   16.9451330        3521      2   55045.293477200         159    14.063    20.978     27.316    1.950       2.258           0    16908292            0            1    11857774 
   55049.426157200        14.069        0.026        35212020001055  339.9016460   16.9451280   22h39m36.40s   16d56m42.46s      2               0    2.743080e-07         134         121           0        14.043            0.005     14.041           null   14.039         null    0.024        null        11863804002871  339.9016540   16.9451500        3521      2   55049.430517200         163    14.071    20.159     27.258    2.050       2.392           0    16908292            0            1    11863804 
   55054.221717200        14.036        0.053        35212020001055  339.9016460   16.9451280   22h39m36.40s   16d56m42.46s      2               0    2.743080e-07         134         121           0        14.043            0.005     14.041           null   14.039         null    0.024        null        11868856002598  339.9016540   16.9451220        3521      2   55054.226297200         168    14.032    19.779     27.058    3.450       3.537           0      131072            0            1    11868856 
   55066.328927200        14.013        0.031        35212020001055  339.9016460   16.9451280   22h39m36.40s   16d56m42.46s      2               0    2.743080e-07         134         121           0        14.043            0.005     14.041           null   14.039         null    0.024        null        11884937005685  339.9016510   16.9451430        3521      2   55066.333957200         180    14.001    21.491     27.014    1.750       2.127           0    16908294            0            1    11884937 
   55066.284507200        14.011        0.031        35212020001055  339.9016460   16.9451280   22h39m36.40s   16d56m42.46s      2               0    2.743080e-07         134         121           0        14.043            0.005     14.041           null   14.039         null    0.024        null        11884954005090  339.9016080   16.9451710        3521      2   55066.289537200         180    14.024    21.507     26.996    1.650       1.973           0    16908294            0            1    11884954 
   55061.271507200        14.029        0.027        35212020001055  339.9016460   16.9451280   22h39m36.40s   16d56m42.46s      2               0    2.743080e-07         134         121           0        14.043            0.005     14.041           null   14.039         null    0.024        null        11894306005507  339.9016520   16.9451340        3521      2   55061.276377200         175    14.024    21.496     27.148    1.850       2.287           0    16908292            0            1    11894306 
   55061.369177200        14.001        0.027        35212020001055  339.9016460   16.9451280   22h39m36.40s   16d56m42.46s      2               0    2.743080e-07         134         121           0        14.043            0.005     14.041           null   14.039         null    0.024        null        11894330005551  339.9016350   16.9451650        3521      2   55061.374047200         175    13.996    21.528     27.151    2.050       2.237           0    16908290            0            1    11894330 
   55056.350197200        14.045        0.025        35212020001055  339.9016460   16.9451280   22h39m36.40s   16d56m42.46s      2               0    2.743080e-07         134         121           0        14.043            0.005     14.041           null   14.039         null    0.024        null        11900394004619  339.9015960   16.9451910        3521      2   55056.354877200         170    14.047    21.049     27.191    2.150       2.273           0    16908288            0            1    11900394 
   55056.268047200        14.047        0.025        35212020001055  339.9016460   16.9451280   22h39m36.40s   16d56m42.46s      2               0    2.743080e-07         134         121           0        14.043            0.005     14.041           null   14.039         null    0.024        null        11900405004655  339.9016170   16.9451680        3521      2   55056.272717200         170    14.048    21.143     27.167    2.050       2.095           0    16908292            0            1    11900405 
   55019.451217200        14.042        0.027        35212020001055  339.9016460   16.9451280   22h39m36.40s   16d56m42.46s      2               0    2.743080e-07         134         121           0        14.043            0.005     14.041           null   14.039         null    0.024        null        11910557002776  339.9016420   16.9451360        3521      2   55019.453587200         133    14.033    20.230     27.051    2.350       2.518           0      131072            0            1    11910557 
   55019.390137200        14.037        0.027        35212020001055  339.9016460   16.9451280   22h39m36.40s   16d56m42.46s      2               0    2.743080e-07         134         121           0        14.043            0.005     14.041           null   14.039         null    0.024        null        11910602002653  339.9016360   16.9451410        3521      2   55019.392507200         133    14.026    20.099     27.033    2.450       2.511           0      131072            0            1    11910602 
   55087.280887200        14.065        0.026        35212020001055  339.9016460   16.9451280   22h39m36.40s   16d56m42.46s      2               0    2.743080e-07         134         121           0        14.043            0.005     14.041           null   14.039         null    0.024        null        11916705005717  339.9016430   16.9451370        3521      2   55087.286197200         199    14.058    21.565     27.211    1.950       2.300           0    16908292            0            1    11916705 
   55087.325037200        14.039        0.026        35212020001055  339.9016460   16.9451280   22h39m36.40s   16d56m42.46s      2               0    2.743080e-07         134         121           0        14.043            0.005     14.041           null   14.039         null    0.024        null        11916719005578  339.9016390   16.9451330        3521      2   55087.330337200         199    14.033    21.500     27.207    2.050       2.412           0    16908292            0            1    11916719 
   55032.282817200        13.967        0.066        35212020001055  339.9016460   16.9451280   22h39m36.40s   16d56m42.46s      2               0    2.743080e-07         134         121           0        14.043            0.005     14.041           null   14.039         null    0.024        null        11956327002397  339.9016090   16.9451620        3521      2   55032.286137200         146    15.286    21.001     27.193    2.150       2.327           0      131072            0            1    11956327 
   55031.383737200        14.053        0.026        35212020001055  339.9016460   16.9451280   22h39m36.40s   16d56m42.46s      2               0    2.743080e-07         134         121           0        14.043            0.005     14.041           null   14.039         null    0.024        null        11957187006224  339.9016170   16.9451700        3521      2   55031.387007200         145    14.064    21.704     27.319    1.850       2.064           0    16908292            0            1    11957187 
   55039.420947200        14.059        0.025        35212020001055  339.9016460   16.9451280   22h39m36.40s   16d56m42.46s      2               0    2.743080e-07         134         121           0        14.043            0.005     14.041           null   14.039         null    0.024        null        11985332005959  339.9016400   16.9451700        3521      2   55039.424747200         153    14.056    21.637     27.260    1.950       2.374           0    16908292            0            1    11985332 
   55039.376907200        14.058        0.025        35212020001055  339.9016460   16.9451280   22h39m36.40s   16d56m42.46s      2               0    2.743080e-07         134         121           0        14.043            0.005     14.041           null   14.039         null    0.024        null        11985427005727  339.9016480   16.9451580        3521      2   55039.380697200         153    14.054    21.594     27.238    1.950       2.194           0    16908292            0            1    11985427 
   55498.219327200        14.033        0.188        35212020001055  339.9016460   16.9451280   22h39m36.40s   16d56m42.46s      2               0    2.743080e-07         134         121           0        14.043            0.005     14.041           null   14.039         null    0.024        null        12782245004442  339.9016400   16.9451330        3521      2   55498.222967200         593    14.258    21.162     27.615    2.050       2.204           0      131072            0            1    12782245 
   55498.274697200        14.033        0.188        35212020001055  339.9016460   16.9451280   22h39m36.40s   16d56m42.46s      2               0    2.743080e-07         134         121           0        14.043            0.005     14.041           null   14.039         null    0.024        null        12782586004549  339.9016470   16.9451370        3521      2   55498.278327200         593    13.865    21.169     27.515    1.950       2.144           0      131072            0            1    12782586 
   55458.418447200        14.032        0.025        35212020001055  339.9016460   16.9451280   22h39m36.40s   16d56m42.46s      2               0    2.743080e-07         134         121           0        14.043            0.005     14.041           null   14.039         null    0.024        null        12794034004382  339.9016420   16.9451390        3521      2   55458.423707200         553    14.027    20.964     27.685    2.250       2.346           0      131072            0            1    12794034 
   55458.351667200        14.048        0.025        35212020001055  339.9016460   16.9451280   22h39m36.40s   16d56m42.46s      2               0    2.743080e-07         134         121           0        14.043            0.005     14.041           null   14.039         null    0.024        null        12794190003664  339.9016450   16.9451380        3521      2   55458.356927200         553    14.045    20.868     27.707    2.150       2.288           0      131072            0            1    12794190 
   55480.170497200        14.046        0.023        35212020001055  339.9016460   16.9451280   22h39m36.40s   16d56m42.46s      2               0    2.743080e-07         134         121           0        14.043            0.005     14.041           null   14.039         null    0.024        null        12805692004826  339.9016420   16.9451400        3521      2   55480.175147200         574    14.051    21.402     27.707    2.150       2.293           0      131072            0            1    12805692 
   55480.128187200        14.047        0.023        35212020001055  339.9016460   16.9451280   22h39m36.40s   16d56m42.46s      2               0    2.743080e-07         134         121           0        14.043            0.005     14.041           null   14.039         null    0.024        null        12805707004872  339.9016350   16.9451400        3521      2   55480.132837200         574    14.056    21.447     27.684    2.050       2.223           0      131072            0            1    12805707 
   56202.157977200        14.044        0.023        35212020001055  339.9016460   16.9451280   22h39m36.40s   16d56m42.46s      2               0    2.743080e-07         134         121           0        14.043            0.005     14.041           null   14.039         null    0.024        null        14272501003824  339.9016340   16.9451160        3521      2   56202.162947200        1299    14.063    20.711     27.718    1.950       2.136           0      131072            0            1    14272501 
   56202.128807200        14.037        0.023        35212020001055  339.9016460   16.9451280   22h39m36.40s   16d56m42.46s      2               0    2.743080e-07         134         121           0        14.043            0.005     14.041           null   14.039         null    0.024        null        14272504003305  339.9016370   16.9451190        3521      2   56202.133787200        1299    14.052    20.574     27.704    2.250       2.366           0      131072            0            1    14272504 
   56202.187427200        14.039        0.023        35212020001055  339.9016460   16.9451280   22h39m36.40s   16d56m42.46s      2               0    2.743080e-07         134         121           0        14.043            0.005     14.041           null   14.039         null    0.024        null        14272537003292  339.9016330   16.9451210        3521      2   56202.192407200        1299    14.044    20.624     27.727    2.250       2.339           0      131072            0            1    14272537 
   56204.112797200        14.031        0.269        35212020001055  339.9016460   16.9451280   22h39m36.40s   16d56m42.46s      2               0    2.743080e-07         134         121           0        14.043            0.005     14.041           null   14.039         null    0.024        null        14313586002373  339.9016310   16.9451180        3521      2   56204.117707200        1301    14.767    20.554     27.562    2.650       2.789           0      131072            0            1    14313586 
   56204.143157200        14.084        0.269        35212020001055  339.9016460   16.9451280   22h39m36.40s   16d56m42.46s      2               0    2.743080e-07         134         121           0        14.043            0.005     14.041           null   14.039         null    0.024        null        14313609003351  339.9016340   16.9451210        3521      2   56204.148067200        1301    14.381    20.900     27.554    2.250       2.429           0      131072            0            1    14313609 
   56204.173637200        14.053        0.269        35212020001055  339.9016460   16.9451280   22h39m36.40s   16d56m42.46s      2               0    2.743080e-07         134         121           0        14.043            0.005     14.041           null   14.039         null    0.024        null        14313634004285  339.9016340   16.9451210        3521      2   56204.178537200        1301    13.790    20.760     27.480    2.450       2.579           0      131072            0            1    14313634 
   56206.113627200        14.049        0.068        35212020001055  339.9016460   16.9451280   22h39m36.40s   16d56m42.46s      2               0    2.743080e-07         134         121           0        14.043            0.005     14.041           null   14.039         null    0.024        null        14339740004772  339.9016410   16.9451260        3521      2   56206.118457200        1303    13.990    21.162     27.679    2.550       2.635           0      131072            0            1    14339740 
   56206.149307200        14.054        0.068        35212020001055  339.9016460   16.9451280   22h39m36.40s   16d56m42.46s      2               0    2.743080e-07         134         121           0        14.043            0.005     14.041           null   14.039         null    0.024        null        14339761005947  339.9016420   16.9451260        3521      2   56206.154137200        1303    14.069    21.497     27.763    2.250       2.330           0      131072            0            1    14339761 
   56206.179597200        14.053        0.068        35212020001055  339.9016460   16.9451280   22h39m36.40s   16d56m42.46s      2               0    2.743080e-07         134         121           0        14.043            0.005     14.041           null   14.039         null    0.024        null        14339791006293  339.9016360   16.9451230        3521      2   56206.184427200        1303    14.090    21.660     27.792    2.050       2.114           0      131072            0            1    14339791 
   56228.184547200        14.039        0.024        35212020001055  339.9016460   16.9451280   22h39m36.40s   16d56m42.46s      2               0    2.743080e-07         134         121           0        14.043            0.005     14.041           null   14.039         null    0.024        null        14451022003405  339.9016250   16.9451190        3521      2   56228.188217200        1315    14.027    20.592     27.725    2.250       2.369           0      131072            0            1    14451022 
   56228.215327200        14.034        0.024        35212020001055  339.9016460   16.9451280   22h39m36.40s   16d56m42.46s      2               0    2.743080e-07         134         121           0        14.043            0.005     14.041           null   14.039         null    0.024        null        14451038003143  339.9016400   16.9451250        3521      2   56228.218997200        1315    14.037    20.496     27.719    2.350       2.467           0      131072            0            1    14451038 
   56230.249197200        14.036        0.023        35212020001055  339.9016460   16.9451280   22h39m36.40s   16d56m42.46s      2               0    2.743080e-07         134         121           0        14.043            0.005     14.041           null   14.039         null    0.024        null        14486886003017  339.9016280   16.9451180        3521      2   56230.252737200        1317    14.048    20.503     27.709    2.050       2.159           0      131072            0            1    14486886 
   56234.212917200        14.037        0.043        35212020001055  339.9016460   16.9451280   22h39m36.40s   16d56m42.46s      2               0    2.743080e-07         134         121           0        14.043            0.005     14.041           null   14.039         null    0.024        null        14496048004734  339.9016400   16.9451210        3521      2   56234.216167200        1321    14.015    20.989     27.697    2.450       2.552           0      131072            0            1    14496048 
   56234.244177200        14.040        0.043        35212020001055  339.9016460   16.9451280   22h39m36.40s   16d56m42.46s      2               0    2.743080e-07         134         121           0        14.043            0.005     14.041           null   14.039         null    0.024        null        14496063003917  339.9016370   16.9451240        3521      2   56234.247427200        1321    14.010    20.865     27.681    2.550       2.627           0      131072            0            1    14496063 
   56236.145687200        14.036        0.025        35212020001055  339.9016460   16.9451280   22h39m36.40s   16d56m42.46s      2               0    2.743080e-07         134         121           0        14.043            0.005     14.041           null   14.039         null    0.024        null        14529361005728  339.9016380   16.9451200        3521      2   56236.148787200        1323    14.039    21.382     27.733    2.350       2.521           0      131072            0            1    14529361 
   56238.121187200        14.043        0.022        35212020001055  339.9016460   16.9451280   22h39m36.40s   16d56m42.46s      2               0    2.743080e-07         134         121           0        14.043            0.005     14.041           null   14.039         null    0.024        null        14571102004939  339.9016290   16.9451290        3521      2   56238.124147200        1325    14.051    21.470     27.741    2.050       2.178           0      131072            0            1    14571102 
   56238.091697200        14.037        0.022        35212020001055  339.9016460   16.9451280   22h39m36.40s   16d56m42.46s      2               0    2.743080e-07         134         121           0        14.043            0.005     14.041           null   14.039         null    0.024        null        14571124004772  339.9016380   16.9451250        3521      2   56238.094657200        1325    14.040    21.367     27.736    2.150       2.265           0      131072            0            1    14571124 
   56232.228407200        14.036        0.067        35212020001055  339.9016460   16.9451280   22h39m36.40s   16d56m42.46s      2               0    2.743080e-07         134         121           0        14.043            0.005     14.041           null   14.039         null    0.024        null        14645841003966  339.9016330   16.9451200        3521      2   56232.231797200        1319    13.982    20.967     27.676    2.050       2.123           0      131072            0            1    14645841 
   56251.084597200        14.038        0.022        35212020001055  339.9016460   16.9451280   22h39m36.40s   16d56m42.46s      2               0    2.743080e-07         134         121           0        14.043            0.005     14.041           null   14.039         null    0.024        null        14654891005140  339.9016320   16.9451250        3521      2   56251.086477200        1338    14.048    21.218     27.747    2.050       2.196           0      131072            0            1    14654891 
   56251.114167200        14.035        0.022        35212020001055  339.9016460   16.9451280   22h39m36.40s   16d56m42.46s      2               0    2.743080e-07         134         121           0        14.043            0.005     14.041           null   14.039         null    0.024        null        14654901004947  339.9016380   16.9451180        3521      2   56251.116047200        1338    14.044    20.878     27.748    2.850       3.121           0      131072            0            1    14654901 
   56255.081677200        14.044        0.022        35212020001055  339.9016460   16.9451280   22h39m36.40s   16d56m42.46s      2               0    2.743080e-07         134         121           0        14.043            0.005     14.041           null   14.039         null    0.024        null        14696593003827  339.9016310   16.9451120        3521      2   56255.083207200        1342    14.038    20.547     27.740    2.650       2.668           0      131072            0            1    14696593 
   56255.112127200        14.036        0.022        35212020001055  339.9016460   16.9451280   22h39m36.40s   16d56m42.46s      2               0    2.743080e-07         134         121           0        14.043            0.005     14.041           null   14.039         null    0.024        null        14696621003103  339.9016380   16.9451240        3521      2   56255.113657200        1342    14.049    20.356     27.744    3.350       3.333           0      131072            0            1    14696621 
   56267.144527200        14.030        0.219        35212020001055  339.9016460   16.9451280   22h39m36.40s   16d56m42.46s      2               0    2.743080e-07         134         121           0        14.043            0.005     14.041           null   14.039         null    0.024        null        14758872004132  339.9016410   16.9451220        3521      2   56267.144947200        1354    14.059    21.042     27.598    2.350       2.525           0      131072            0            1    14758872 
   56267.186597200        14.033        0.219        35212020001055  339.9016460   16.9451280   22h39m36.40s   16d56m42.46s      2               0    2.743080e-07         134         121           0        14.043            0.005     14.041           null   14.039         null    0.024        null        14758895004609  339.9016380   16.9451180        3521      2   56267.187007200        1354    14.074    21.037     27.536    2.050       2.124           0      131072            0            1    14758895 
   56265.173377200        14.054        0.235        35212020001055  339.9016460   16.9451280   22h39m36.40s   16d56m42.46s      2               0    2.743080e-07         134         121           0        14.043            0.005     14.041           null   14.039         null    0.024        null        14767655003481  339.9016400   16.9451230        3521      2   56265.173987200        1352    14.249    21.003     27.492    2.250       2.338           0      131072            0            1    14767655 
   56265.143887200        14.042        0.235        35212020001055  339.9016460   16.9451280   22h39m36.40s   16d56m42.46s      2               0    2.743080e-07         134         121           0        14.043            0.005     14.041           null   14.039         null    0.024        null        14767665004912  339.9016370   16.9451220        3521      2   56265.144497200        1352    13.983    21.441     27.649    2.250       2.368           0      131072            0            1    14767665 
   56271.223777200        14.025        0.036        35212020001055  339.9016460   16.9451280   22h39m36.40s   16d56m42.46s      2               0    2.743080e-07         134         121           0        14.043            0.005     14.041           null   14.039         null    0.024        null        14805507003218  339.9016450   16.9451280        3521      2   56271.223807200        1358    14.011    20.530     27.607    3.550       3.601           0      131072            0            1    14805507 
   56257.088927200        14.042        0.022        35212020001055  339.9016460   16.9451280   22h39m36.40s   16d56m42.46s      2               0    2.743080e-07         134         121           0        14.043            0.005     14.041           null   14.039         null    0.024        null        15702442003383  339.9016360   16.9451150        3521      2   56257.090267200        1344    14.035    20.562     27.725    2.650       2.766           0      131072            0            1    15702442 
   56257.119777200        14.042        0.022        35212020001055  339.9016460   16.9451280   22h39m36.40s   16d56m42.46s      2               0    2.743080e-07         134         121           0        14.043            0.005     14.041           null   14.039         null    0.024        null        15702461003483  339.9016300   16.9451170        3521      2   56257.121127200        1344    14.035    20.735     27.729    2.250       2.380           0      131072            0            1    15702461 
   56911.286797200        14.034        0.028        35212020001055  339.9016460   16.9451280   22h39m36.40s   16d56m42.46s      2               0    2.743080e-07         134         121           0        14.043            0.005     14.041           null   14.039         null    0.024        null        21288198003136  339.9016410   16.9451050        3521      2   56911.292097200        1975    14.005    20.447     27.632    2.350       2.417           0      131072            0            1    21288198 
