   55783.498447200        17.584        0.033        36212060010137  338.4898360   18.9611830   22h33m57.56s   18d57m40.26s      2               0    1.818262e-06         133         132         118        17.478            0.004     17.559         17.560   17.569       17.572    0.071       0.065        10357918000616  338.4898280   18.9612220        3621      6   55783.502867200         881    17.591    21.391     27.584    2.150       8.564           0      131072            0            1    10357918 
   55783.453967200        17.534        0.030        36212060010137  338.4898360   18.9611830   22h33m57.56s   18d57m40.26s      2               0    1.818262e-06         133         132         118        17.478            0.004     17.559         17.560   17.569       17.572    0.071       0.065        10357950000713  338.4898200   18.9611800        3621      6   55783.458387200         881    17.536    21.794     27.601    2.050       9.140           0      131072            0            1    10357950 
   55794.447477200        17.555        0.082        36212060010137  338.4898360   18.9611830   22h33m57.56s   18d57m40.26s      2               0    1.818262e-06         133         132         118        17.478            0.004     17.559         17.560   17.569       17.572    0.071       0.065        10379508000413  338.4898650   18.9611940        3621      6   55794.452327200         892    18.174    20.890     27.545    2.150       9.332           0      131072            0            1    10379508 
   55794.489907200        17.623        0.122        36212060010137  338.4898360   18.9611830   22h33m57.56s   18d57m40.26s      2               0    1.818262e-06         133         132         118        17.478            0.004     17.559         17.560   17.569       17.572    0.071       0.065        10379524000267  338.4899400   18.9613190        3621      6   55794.494757200         892    18.886    20.674     27.549    1.950       7.749           0      131072            0            1    10379524 
   55822.260997200        17.605        0.034        36212060010137  338.4898360   18.9611830   22h33m57.56s   18d57m40.26s      2               0    1.818262e-06         133         132         118        17.478            0.004     17.559         17.560   17.569       17.572    0.071       0.065        10515132000550  338.4899190   18.9612450        3621      6   55822.266197200         920    17.599    21.283     27.563    1.950       9.790           0      131072            0            1    10515132 
   55822.304817200        17.533        0.033        36212060010137  338.4898360   18.9611830   22h33m57.56s   18d57m40.26s      2               0    1.818262e-06         133         132         118        17.478            0.004     17.559         17.560   17.569       17.572    0.071       0.065        10515263000544  338.4898680   18.9611820        3621      6   55822.310007200         920    17.526    21.245     27.562    1.950       8.600           0      131072            0            1    10515263 
   55471.198477200        17.556        0.031        36212060010137  338.4898360   18.9611830   22h33m57.56s   18d57m40.26s      2               0    1.818262e-06         133         132         118        17.478            0.004     17.559         17.560   17.569       17.572    0.071       0.065        10797716000726  338.4898410   18.9612000        3621      6   55471.203407200         562    17.561    21.732     27.697    1.950       8.905           0      131074            0            1    10797716 
   55471.242217200        17.571        0.031        36212060010137  338.4898360   18.9611830   22h33m57.56s   18d57m40.26s      2               0    1.818262e-06         133         132         118        17.478            0.004     17.559         17.560   17.569       17.572    0.071       0.065        10797760000704  338.4897930   18.9611820        3621      6   55471.247147200         562    17.574    21.669     27.694    2.050       9.093           0      131072            0            1    10797760 
   55483.217697200        17.572        0.030        36212060010137  338.4898360   18.9611830   22h33m57.56s   18d57m40.26s      2               0    1.818262e-06         133         132         118        17.478            0.004     17.559         17.560   17.569       17.572    0.071       0.065        10855189000693  338.4898440   18.9612010        3621      6   55483.222167200         577    17.583    21.613     27.698    1.950       9.189           0      131074            0            1    10855189 
   55483.261397200        17.570        0.030        36212060010137  338.4898360   18.9611830   22h33m57.56s   18d57m40.26s      2               0    1.818262e-06         133         132         118        17.478            0.004     17.559         17.560   17.569       17.572    0.071       0.065        10855194000766  338.4898220   18.9612230        3621      6   55483.265867200         577    17.576    21.676     27.689    2.050       9.261           0      131072            0            1    10855194 
   55446.207007200        17.547        0.035        36212060010137  338.4898360   18.9611830   22h33m57.56s   18d57m40.26s      2               0    1.818262e-06         133         132         118        17.478            0.004     17.559         17.560   17.569       17.572    0.071       0.065        10913911000686  338.4898100   18.9611380        3621      6   55446.212197200         541    17.550    21.646     27.696    2.050       8.943           0      131072            0            1    10913911 
   55446.164227200        17.500        0.035        36212060010137  338.4898360   18.9611830   22h33m57.56s   18d57m40.26s      2               0    1.818262e-06         133         132         118        17.478            0.004     17.559         17.560   17.569       17.572    0.071       0.065        10914086000655  338.4898380   18.9611970        3621      6   55446.169417200         541    17.498    21.464     27.667    2.150       9.209           0      131074            0            1    10914086 
   55442.457187200        17.574        0.029        36212060010137  338.4898360   18.9611830   22h33m57.56s   18d57m40.26s      2               0    1.818262e-06         133         132         118        17.478            0.004     17.559         17.560   17.569       17.572    0.071       0.065        10919388000712  338.4898330   18.9612000        3621      6   55442.462347200         537    17.585    21.666     27.705    1.850       9.357           0      131074            0            1    10919388 
   55442.413457200        17.588        0.028        36212060010137  338.4898360   18.9611830   22h33m57.56s   18d57m40.26s      2               0    1.818262e-06         133         132         118        17.478            0.004     17.559         17.560   17.569       17.572    0.071       0.065        10919471000768  338.4898290   18.9612220        3621      6   55442.418617200         537    17.603    21.722     27.730    1.950       8.829           0      131072            0            1    10919471 
   55452.151187200        17.581        0.031        36212060010137  338.4898360   18.9611830   22h33m57.56s   18d57m40.26s      2               0    1.818262e-06         133         132         118        17.478            0.004     17.559         17.560   17.569       17.572    0.071       0.065        10934578000677  338.4897930   18.9611760        3621      6   55452.156407200         547    17.588    21.331     27.686    2.250       9.174           0      131072            0            1    10934578 
   55452.194607200        17.494        0.029        36212060010137  338.4898360   18.9611830   22h33m57.56s   18d57m40.26s      2               0    1.818262e-06         133         132         118        17.478            0.004     17.559         17.560   17.569       17.572    0.071       0.065        10934660000728  338.4898610   18.9612130        3621      6   55452.199827200         547    17.501    21.569     27.706    2.050       9.419           0      131072            0            1    10934660 
   55467.309767200        17.490        0.044        36212060010137  338.4898360   18.9611830   22h33m57.56s   18d57m40.26s      2               0    1.818262e-06         133         132         118        17.478            0.004     17.559         17.560   17.569       17.572    0.071       0.065        11077121000621  338.4898490   18.9611750        3621      6   55467.314797200         560    17.473    21.141     27.652    2.150       8.709           0      131072            0            1    11077121 
   55468.223777200        17.541        0.262        36212060010137  338.4898360   18.9611830   22h33m57.56s   18d57m40.26s      2               0    1.818262e-06         133         132         118        17.478            0.004     17.559         17.560   17.569       17.572    0.071       0.065        11077856000699  338.4898480   18.9611770        3621      6   55468.228787200         558    17.514    21.445     27.617    2.150       8.647           0      131072            0            1    11077856 
   55416.295877200        17.491        0.177        36212060010137  338.4898360   18.9611830   22h33m57.56s   18d57m40.26s      2               0    1.818262e-06         133         132         118        17.478            0.004     17.559         17.560   17.569       17.572    0.071       0.065        11121279000525  338.4898160   18.9612130        3621      6   55416.300207200         515    17.352    20.832     26.601    2.750      10.446           0      131072            0            1    11121279 
   55416.252257200        17.427        0.177        36212060010137  338.4898360   18.9611830   22h33m57.56s   18d57m40.26s      2               0    1.818262e-06         133         132         118        17.478            0.004     17.559         17.560   17.569       17.572    0.071       0.065        11121434000486  338.4898430   18.9611680        3621      6   55416.256577200         515    17.235    20.463     26.600    3.450      10.851           0      131072            0            1    11121434 
   55425.331937200        17.535        0.041        36212060010137  338.4898360   18.9611830   22h33m57.56s   18d57m40.26s      2               0    1.818262e-06         133         132         118        17.478            0.004     17.559         17.560   17.569       17.572    0.071       0.065        11141776000781  338.4898280   18.9612170        3621      6   55425.336647200         524    17.547    21.810     27.658    1.950       9.367           0      131072            0            1    11141776 
   55425.278827200        17.560        0.042        36212060010137  338.4898360   18.9611830   22h33m57.56s   18d57m40.26s      2               0    1.818262e-06         133         132         118        17.478            0.004     17.559         17.560   17.569       17.572    0.071       0.065        11141821000730  338.4898720   18.9612200        3621      6   55425.283547200         524    17.556    21.696     27.624    1.850       8.743           0      131072            0            1    11141821 
   55422.310597200        17.542        0.030        36212060010137  338.4898360   18.9611830   22h33m57.56s   18d57m40.26s      2               0    1.818262e-06         133         132         118        17.478            0.004     17.559         17.560   17.569       17.572    0.071       0.065        11149878000737  338.4898070   18.9611420        3621      6   55422.315197200         521    17.536    21.717     27.728    2.250       8.894           0      131074            0            1    11149878 
   55422.266247200        17.545        0.030        36212060010137  338.4898360   18.9611830   22h33m57.56s   18d57m40.26s      2               0    1.818262e-06         133         132         118        17.478            0.004     17.559         17.560   17.569       17.572    0.071       0.065        11149940000732  338.4898190   18.9611990        3621      6   55422.270847200         521    17.527    21.684     27.709    2.150       8.887           0      131074            0            1    11149940 
   55428.355107200        17.525        0.030        36212060010137  338.4898360   18.9611830   22h33m57.56s   18d57m40.26s      2               0    1.818262e-06         133         132         118        17.478            0.004     17.559         17.560   17.569       17.572    0.071       0.065        11194607000700  338.4898670   18.9611880        3621      6   55428.359927200         527    17.534    21.337     27.720    2.050       9.339           0      131072            0            1    11194607 
   55428.399067200        17.553        0.029        36212060010137  338.4898360   18.9611830   22h33m57.56s   18d57m40.26s      2               0    1.818262e-06         133         132         118        17.478            0.004     17.559         17.560   17.569       17.572    0.071       0.065        11194686000752  338.4898030   18.9611700        3621      6   55428.403887200         527    17.562    21.650     27.717    1.950       8.891           0      131072            0            1    11194686 
   55436.231767200        17.577        0.049        36212060010137  338.4898360   18.9611830   22h33m57.56s   18d57m40.26s      2               0    1.818262e-06         133         132         118        17.478            0.004     17.559         17.560   17.569       17.572    0.071       0.065        11209016000484  338.4897020   18.9610550        3621      6   55436.236817200         609    17.562    20.517     27.688    2.550       9.504           0      131072            0            1    11209016 
   55436.187177200        17.635        0.044        36212060010137  338.4898360   18.9611830   22h33m57.56s   18d57m40.26s      2               0    1.818262e-06         133         132         118        17.478            0.004     17.559         17.560   17.569       17.572    0.071       0.065        11209144000473  338.4897570   18.9611220        3621      6   55436.192217200         609    17.615    20.607     27.659    2.250       9.289           0      131072            0            1    11209144 
   55439.226647200        17.570        0.032        36212060010137  338.4898360   18.9611830   22h33m57.56s   18d57m40.26s      2               0    1.818262e-06         133         132         118        17.478            0.004     17.559         17.560   17.569       17.572    0.071       0.065        11224424000696  338.4898380   18.9611920        3621      6   55439.231747200         534    17.568    21.427     27.696    2.150       8.940           0      131074            0            1    11224424 
   55439.183237200        17.582        0.032        36212060010137  338.4898360   18.9611830   22h33m57.56s   18d57m40.26s      2               0    1.818262e-06         133         132         118        17.478            0.004     17.559         17.560   17.569       17.572    0.071       0.065        11224470000669  338.4899300   18.9612540        3621      6   55439.188347200         534    17.583    21.401     27.660    2.250       9.392           0      131072            0            1    11224470 
   55384.474387200        17.518        0.029        36212060010137  338.4898360   18.9611830   22h33m57.56s   18d57m40.26s      2               0    1.818262e-06         133         132         118        17.478            0.004     17.559         17.560   17.569       17.572    0.071       0.065        11235958000696  338.4898420   18.9611750        3621      6   55384.476637200         483    17.528    21.740     27.733    2.050       8.988           0      131074            0            1    11235958 
   55382.487507200        17.558        0.040        36212060010137  338.4898360   18.9611830   22h33m57.56s   18d57m40.26s      2               0    1.818262e-06         133         132         118        17.478            0.004     17.559         17.560   17.569       17.572    0.071       0.065        11240444000525  338.4898310   18.9612250        3621      6   55382.489607200         481    17.556    20.732     27.710    2.250       8.864           0      131072            0            1    11240444 
   55419.313297200        17.404        0.279        36212060010137  338.4898360   18.9611830   22h33m57.56s   18d57m40.26s      2               0    1.818262e-06         133         132         118        17.478            0.004     17.559         17.560   17.569       17.572    0.071       0.065        11390160000557  338.4898090   18.9612140        3621      6   55419.317767200         518    17.293    21.011     26.733    2.350       9.373           0      131072            0            1    11390160 
   55419.269177200        17.453        0.280        36212060010137  338.4898360   18.9611830   22h33m57.56s   18d57m40.26s      2               0    1.818262e-06         133         132         118        17.478            0.004     17.559         17.560   17.569       17.572    0.071       0.065        11390174000462  338.4899240   18.9612430        3621      6   55419.273637200         518    17.691    20.995     26.726    2.450      11.137           0      131072            0            1    11390174 
   55377.472567200        17.618        0.038        36212060010137  338.4898360   18.9611830   22h33m57.56s   18d57m40.26s      2               0    1.818262e-06         133         132         118        17.478            0.004     17.559         17.560   17.569       17.572    0.071       0.065        11430508000530  338.4898540   18.9612660        3621      6   55377.474257200         476    17.598    20.874     27.703    2.050       9.231           0      131072            0            1    11430508 
   55138.198277200        17.506        0.051        36212060010137  338.4898360   18.9611830   22h33m57.56s   18d57m40.26s      2               0    1.818262e-06         133         132         118        17.478            0.004     17.559         17.560   17.569       17.572    0.071       0.065        11788344000481  338.4898690   18.9612120        3621      6   55138.201547200         245    17.508    20.689     27.771    2.150       8.949           0      131072            0            1    11788344 
   55142.185567200        17.547        0.033        36212060010137  338.4898360   18.9611830   22h33m57.56s   18d57m40.26s      2               0    1.818262e-06         133         132         118        17.478            0.004     17.559         17.560   17.569       17.572    0.071       0.065        11792937000704  338.4898580   18.9611880        3621      6   55142.188547200         282    17.540    21.388     27.771    2.350       9.084           0      131072            0            1    11792937 
   55123.241477200        17.500        0.031        36212060010137  338.4898360   18.9611830   22h33m57.56s   18d57m40.26s      2               0    1.818262e-06         133         132         118        17.478            0.004     17.559         17.560   17.569       17.572    0.071       0.065        11813009000430  338.4898670   18.9612320        3621      6   55123.245687200         232    17.506    21.467     27.781    2.350       8.740           0      131072            0            1    11813009 
   55049.420247200        17.730        0.052        36212060010137  338.4898360   18.9611830   22h33m57.56s   18d57m40.26s      2               0    1.818262e-06         133         132         118        17.478            0.004     17.559         17.560   17.569       17.572    0.071       0.065        11863915000321  338.4897850   18.9611730        3621      6   55049.424487200         163    17.727    20.229     27.290    2.150       9.307           0      131072            0            1    11863915 
   55054.396427200        17.685        0.064        36212060010137  338.4898360   18.9611830   22h33m57.56s   18d57m40.26s      2               0    1.818262e-06         133         132         118        17.478            0.004     17.559         17.560   17.569       17.572    0.071       0.065        11869226000384  338.4897080   18.9610260        3621      6   55054.400907200         168    17.698    20.645     27.244    2.050       9.807           0      131072            0            1    11869226 
   55054.293487200        17.558        0.065        36212060010137  338.4898360   18.9611830   22h33m57.56s   18d57m40.26s      2               0    1.818262e-06         133         132         118        17.478            0.004     17.559         17.560   17.569       17.572    0.071       0.065        11869232000367  338.4898180   18.9611550        3621      6   55054.297957200         168    17.495    20.633     27.167    1.850       9.144           0      131072            0            1    11869232 
   55067.169837200        17.577        0.037        36212060010137  338.4898360   18.9611830   22h33m57.56s   18d57m40.26s      2               0    1.818262e-06         133         132         118        17.478            0.004     17.559         17.560   17.569       17.572    0.071       0.065        11882485000459  338.4898330   18.9611970        3621      6   55067.174787200         181    17.566    21.123     27.180    2.350       9.295           0      131072            0            1    11882485 
   55066.365707200        17.540        0.032        36212060010137  338.4898360   18.9611830   22h33m57.56s   18d57m40.26s      2               0    1.818262e-06         133         132         118        17.478            0.004     17.559         17.560   17.569       17.572    0.071       0.065        11884675000581  338.4898130   18.9611480        3621      6   55066.370627200         180    17.527    21.676     27.209    1.850       9.177           0      131074            0            1    11884675 
   55062.266077200        17.517        0.032        36212060010137  338.4898360   18.9611830   22h33m57.56s   18d57m40.26s      2               0    1.818262e-06         133         132         118        17.478            0.004     17.559         17.560   17.569       17.572    0.071       0.065        11892318000443  338.4897980   18.9611480        3621      6   55062.270867200         176    17.515    21.155     27.211    2.850       9.396           0      131074            0            1    11892318 
   55062.351017200        17.567        0.030        36212060010137  338.4898360   18.9611830   22h33m57.56s   18d57m40.26s      2               0    1.818262e-06         133         132         118        17.478            0.004     17.559         17.560   17.569       17.572    0.071       0.065        11892421000558  338.4897970   18.9611370        3621      6   55062.355817200         176    17.556    21.452     27.232    2.550       9.113           0      131074            0            1    11892421 
   55059.364887200        17.568        0.029        36212060010137  338.4898360   18.9611830   22h33m57.56s   18d57m40.26s      2               0    1.818262e-06         133         132         118        17.478            0.004     17.559         17.560   17.569       17.572    0.071       0.065        11899105000558  338.4897680   18.9611170        3621      6   55059.369567200         173    17.577    21.603     27.288    2.150       9.137           0      131072            0            1    11899105 
   55059.285797200        17.526        0.030        36212060010137  338.4898360   18.9611830   22h33m57.56s   18d57m40.26s      2               0    1.818262e-06         133         132         118        17.478            0.004     17.559         17.560   17.569       17.572    0.071       0.065        11899149000552  338.4898130   18.9611540        3621      6   55059.290487200         173    17.523    21.606     27.271    2.050       8.960           0      131072            0            1    11899149 
   55018.370627200        17.648        0.048        36212060010137  338.4898360   18.9611830   22h33m57.56s   18d57m40.26s      2               0    1.818262e-06         133         132         118        17.478            0.004     17.559         17.560   17.569       17.572    0.071       0.065        11905215000525  338.4898730   18.9612250        3621      6   55018.372807200         132    17.602    20.594     27.176    2.150       9.039           0      131072            0            1    11905215 
   55018.305807200        17.573        0.058        36212060010137  338.4898360   18.9611830   22h33m57.56s   18d57m40.26s      2               0    1.818262e-06         133         132         118        17.478            0.004     17.559         17.560   17.569       17.572    0.071       0.065        11905243000427  338.4897890   18.9611070        3621      6   55018.307987200         132    17.521    20.163     27.122    2.550      11.669           0      131072            0            1    11905243 
   55087.301307200        17.521        0.027        36212060010137  338.4898360   18.9611830   22h33m57.56s   18d57m40.26s      2               0    1.818262e-06         133         132         118        17.478            0.004     17.559         17.560   17.569       17.572    0.071       0.065        11916939000463  338.4898270   18.9612140        3621      6   55087.306527200         199    17.517    21.560     27.276    2.250       8.696           0      131074            0            1    11916939 
   55087.345997200        17.564        0.028        36212060010137  338.4898360   18.9611830   22h33m57.56s   18d57m40.26s      2               0    1.818262e-06         133         132         118        17.478            0.004     17.559         17.560   17.569       17.572    0.071       0.065        11916943000453  338.4898150   18.9611970        3621      6   55087.351217200         199    17.560    21.519     27.269    2.150       9.031           0      131072            0            1    11916943 
   55044.415047200        17.543        0.029        36212060010137  338.4898360   18.9611830   22h33m57.56s   18d57m40.26s      2               0    1.818262e-06         133         132         118        17.478            0.004     17.559         17.560   17.569       17.572    0.071       0.065        11934433000586  338.4898350   18.9612050        3621      6   55044.419017200         158    17.540    21.660     27.268    2.150       9.032           0      131072            0            1    11934433 
   55044.461787200        17.569        0.029        36212060010137  338.4898360   18.9611830   22h33m57.56s   18d57m40.26s      2               0    1.818262e-06         133         132         118        17.478            0.004     17.559         17.560   17.569       17.572    0.071       0.065        11934434000573  338.4898060   18.9611890        3621      6   55044.465757200         158    17.562    21.763     27.261    1.950       9.141           0      131074            0            1    11934434 
   55030.440717200        17.520        0.130        36212060010137  338.4898360   18.9611830   22h33m57.56s   18d57m40.26s      2               0    1.818262e-06         133         132         118        17.478            0.004     17.559         17.560   17.569       17.572    0.071       0.065        11959204000577  338.4898120   18.9611770        3621      6   55030.443797200         144    17.470    21.558     27.150    1.850       8.942           0      131072            0            1    11959204 
   55039.235987200        17.583        0.037        36212060010137  338.4898360   18.9611830   22h33m57.56s   18d57m40.26s      2               0    1.818262e-06         133         132         118        17.478            0.004     17.559         17.560   17.569       17.572    0.071       0.065        11985799000407  338.4898380   18.9611780        3621      6   55039.239647200         153    17.551    20.782     27.043    2.750       8.478           0      131072            0            1    11985799 
   55038.368947200        17.594        0.032        36212060010137  338.4898360   18.9611830   22h33m57.56s   18d57m40.26s      2               0    1.818262e-06         133         132         118        17.478            0.004     17.559         17.560   17.569       17.572    0.071       0.065        11988075000585  338.4897910   18.9611540        3621      6   55038.372557200         152    17.582    21.671     27.181    1.850       8.695           0      131072            0            1    11988075 
   55006.459877200        17.573        0.036        36212060010137  338.4898360   18.9611830   22h33m57.56s   18d57m40.26s      2               0    1.818262e-06         133         132         118        17.478            0.004     17.559         17.560   17.569       17.572    0.071       0.065        12024107000755  338.4898090   18.9611790        3621      6   55006.461077200         114    17.542    21.495     27.183    2.050       9.167           0      131072            0            1    12024107 
   55006.390067200        17.568        0.036        36212060010137  338.4898360   18.9611830   22h33m57.56s   18d57m40.26s      2               0    1.818262e-06         133         132         118        17.478            0.004     17.559         17.560   17.569       17.572    0.071       0.065        12024136000700  338.4897970   18.9611440        3621      6   55006.391267200         114    17.536    21.220     27.158    2.450       8.957           0      131072            0            1    12024136 
   55009.355627200        17.529        0.041        36212060010137  338.4898360   18.9611830   22h33m57.56s   18d57m40.26s      2               0    1.818262e-06         133         132         118        17.478            0.004     17.559         17.560   17.569       17.572    0.071       0.065        12050059000609  338.4898030   18.9611380        3621      6   55009.357077200         124    17.484    21.067     27.105    2.950       8.733           0      131072            0            1    12050059 
   55050.367527200        17.727        0.056        36212060010137  338.4898360   18.9611830   22h33m57.56s   18d57m40.26s      2               0    1.818262e-06         133         132         118        17.478            0.004     17.559         17.560   17.569       17.572    0.071       0.065        12071522000268  338.4897200   18.9610680        3621      6   55050.371817200         164    17.716    19.817     27.284    3.050      11.524           0      131072            0            1    12071522 
   55050.190447200        17.825        0.101        36212060010137  338.4898360   18.9611830   22h33m57.56s   18d57m40.26s      2               0    1.818262e-06         133         132         118        17.478            0.004     17.559         17.560   17.569       17.572    0.071       0.065        12071608000178  338.4897450   18.9611390        3621      6   55050.194737200         164    17.814    19.059     27.130    4.150       8.915           0      131072            0            1    12071608 
   55050.415797200        17.700        0.055        36212060010137  338.4898360   18.9611830   22h33m57.56s   18d57m40.26s      2               0    1.818262e-06         133         132         118        17.478            0.004     17.559         17.560   17.569       17.572    0.071       0.065        12071649000260  338.4896810   18.9611440        3621      6   55050.420087200         164    17.691    19.788     27.282    2.950      10.755           0      131072            0            1    12071649 
   55458.186147200        17.576        0.036        36212060010137  338.4898360   18.9611830   22h33m57.56s   18d57m40.26s      2               0    1.818262e-06         133         132         118        17.478            0.004     17.559         17.560   17.569       17.572    0.071       0.065        12794641000569  338.4898910   18.9612400        3621      6   55458.191337200         553    17.582    21.067     27.710    2.050       8.962           0      131072            0            1    12794641 
   55480.117357200        17.550        0.030        36212060010137  338.4898360   18.9611830   22h33m57.56s   18d57m40.26s      2               0    1.818262e-06         133         132         118        17.478            0.004     17.559         17.560   17.569       17.572    0.071       0.065        12807463000670  338.4898260   18.9611770        3621      6   55480.121967200         574    17.561    21.387     27.660    2.250       8.819           0      131072            0            1    12807463 
   55480.160357200        17.525        0.029        36212060010137  338.4898360   18.9611830   22h33m57.56s   18d57m40.26s      2               0    1.818262e-06         133         132         118        17.478            0.004     17.559         17.560   17.569       17.572    0.071       0.065        12807581000715  338.4898760   18.9611740        3621      6   55480.164967200         574    17.532    21.696     27.681    1.750       8.931           0      131072            0            1    12807581 
   55499.126077200        17.556        0.095        36212060010137  338.4898360   18.9611830   22h33m57.56s   18d57m40.26s      2               0    1.818262e-06         133         132         118        17.478            0.004     17.559         17.560   17.569       17.572    0.071       0.065        12934705000663  338.4898970   18.9612360        3621      6   55499.129647200         594    17.539    21.363     27.682    2.250       8.547           0      131072            0            1    12934705 
   55499.169697200        17.603        0.096        36212060010137  338.4898360   18.9611830   22h33m57.56s   18d57m40.26s      2               0    1.818262e-06         133         132         118        17.478            0.004     17.559         17.560   17.569       17.572    0.071       0.065        12934817000642  338.4898810   18.9611950        3621      6   55499.173267200         594    17.590    21.404     27.684    2.250       9.318           0      131072            0            1    12934817 
   56202.127567200        17.473        0.043        36212060010137  338.4898360   18.9611830   22h33m57.56s   18d57m40.26s      2               0    1.818262e-06         133         132         118        17.478            0.004     17.559         17.560   17.569       17.572    0.071       0.065        14273039000423  338.4897700   18.9611570        3621      6   56202.132487200        1299    17.488    20.609     27.693    2.350       8.831           0      131072            0            1    14273039 
   56202.156757200        17.687        0.044        36212060010137  338.4898360   18.9611830   22h33m57.56s   18d57m40.26s      2               0    1.818262e-06         133         132         118        17.478            0.004     17.559         17.560   17.569       17.572    0.071       0.065        14273056000417  338.4897710   18.9611700        3621      6   56202.161677200        1299    17.705    20.727     27.708    2.050       9.259           0      131072            0            1    14273056 
   56202.186317200        17.596        0.040        36212060010137  338.4898360   18.9611830   22h33m57.56s   18d57m40.26s      2               0    1.818262e-06         133         132         118        17.478            0.004     17.559         17.560   17.569       17.572    0.071       0.065        14273072000443  338.4898460   18.9611890        3621      6   56202.191237200        1299    17.604    20.753     27.718    2.150       9.671           0      131072            0            1    14273072 
   56204.116247200        17.589        0.408        36212060010137  338.4898360   18.9611830   22h33m57.56s   18d57m40.26s      2               0    1.818262e-06         133         132         118        17.478            0.004     17.559         17.560   17.569       17.572    0.071       0.065        14315363000395  338.4898750   18.9612760        3621      6   56204.121107200        1301    18.081    20.821     27.487    2.250       9.868           0      131072            0            1    14315363 
   56204.146757200        17.534        0.407        36212060010137  338.4898360   18.9611830   22h33m57.56s   18d57m40.26s      2               0    1.818262e-06         133         132         118        17.478            0.004     17.559         17.560   17.569       17.572    0.071       0.065        14315380000477  338.4898940   18.9612020        3621      6   56204.151617200        1301    17.709    21.015     27.440    2.050       9.356           0      131072            0            1    14315380 
   56204.177387200        17.397        0.416        36212060010137  338.4898360   18.9611830   22h33m57.56s   18d57m40.26s      2               0    1.818262e-06         133         132         118        17.478            0.004     17.559         17.560   17.569       17.572    0.071       0.065        14315406000260  338.4896020   18.9608380        3621      6   56204.182237200        1301    18.042    20.107     27.374    2.150       8.493           0      131072            0            1    14315406 
   56206.117187200        17.532        0.105        36212060010137  338.4898360   18.9611830   22h33m57.56s   18d57m40.26s      2               0    1.818262e-06         133         132         118        17.478            0.004     17.559         17.560   17.569       17.572    0.071       0.065        14340596000637  338.4898540   18.9611810        3621      6   56206.121977200        1303    17.571    21.599     27.757    1.950       9.094           0      131074            0            1    14340596 
   56206.152727200        17.548        0.105        36212060010137  338.4898360   18.9611830   22h33m57.56s   18d57m40.26s      2               0    1.818262e-06         133         132         118        17.478            0.004     17.559         17.560   17.569       17.572    0.071       0.065        14340621000652  338.4898640   18.9612090        3621      6   56206.157517200        1303    17.595    21.525     27.770    2.350       9.165           0      131072            0            1    14340621 
   56206.183057200        17.503        0.105        36212060010137  338.4898360   18.9611830   22h33m57.56s   18d57m40.26s      2               0    1.818262e-06         133         132         118        17.478            0.004     17.559         17.560   17.569       17.572    0.071       0.065        14340645000654  338.4898320   18.9611890        3621      6   56206.187837200        1303    17.529    21.642     27.762    2.150       9.383           0      131074            0            1    14340645 
   56224.192577200        17.474        0.080        36212060010137  338.4898360   18.9611830   22h33m57.56s   18d57m40.26s      2               0    1.818262e-06         133         132         118        17.478            0.004     17.559         17.560   17.569       17.572    0.071       0.065        14399492000406  338.4898250   18.9612170        3621      6   56224.196497200        1311    17.424    20.542     27.674    2.650      10.173           0      131072            0            1    14399492 
   56228.218817200        17.538        0.048        36212060010137  338.4898360   18.9611830   22h33m57.56s   18d57m40.26s      2               0    1.818262e-06         133         132         118        17.478            0.004     17.559         17.560   17.569       17.572    0.071       0.065        14450503000398  338.4898570   18.9612420        3621      6   56228.222487200        1315    17.538    20.564     27.738    2.350       9.217           0      131072            0            1    14450503 
   56230.253957200        17.518        0.047        36212060010137  338.4898360   18.9611830   22h33m57.56s   18d57m40.26s      2               0    1.818262e-06         133         132         118        17.478            0.004     17.559         17.560   17.569       17.572    0.071       0.065        14486718000401  338.4898350   18.9612140        3621      6   56230.257487200        1317    17.522    20.522     27.723    2.150      11.359           0      131072            0            1    14486718 
   56234.218927200        17.577        0.052        36212060010137  338.4898360   18.9611830   22h33m57.56s   18d57m40.26s      2               0    1.818262e-06         133         132         118        17.478            0.004     17.559         17.560   17.569       17.572    0.071       0.065        14496635000543  338.4898830   18.9612000        3621      6   56234.222177200        1321    17.556    21.039     27.709    2.450       8.502           0      131072            0            1    14496635 
   56234.248747200        17.532        0.053        36212060010137  338.4898360   18.9611830   22h33m57.56s   18d57m40.26s      2               0    1.818262e-06         133         132         118        17.478            0.004     17.559         17.560   17.569       17.572    0.071       0.065        14496659000514  338.4898950   18.9612120        3621      6   56234.252007200        1321    17.509    21.101     27.693    2.150       8.815           0      131072            0            1    14496659 
   56236.150467200        17.513        0.031        36212060010137  338.4898360   18.9611830   22h33m57.56s   18d57m40.26s      2               0    1.818262e-06         133         132         118        17.478            0.004     17.559         17.560   17.569       17.572    0.071       0.065        14528352000569  338.4898520   18.9611860        3621      6   56236.153577200        1323    17.521    21.421     27.744    2.350       9.422           0      131074            0            1    14528352 
   56236.182997200        17.516        0.031        36212060010137  338.4898360   18.9611830   22h33m57.56s   18d57m40.26s      2               0    1.818262e-06         133         132         118        17.478            0.004     17.559         17.560   17.569       17.572    0.071       0.065        14528374000570  338.4898620   18.9611860        3621      6   56236.186107200        1323    17.519    21.289     27.740    2.650       9.666           0      131074            0            1    14528374 
   56238.096297200        17.511        0.029        36212060010137  338.4898360   18.9611830   22h33m57.56s   18d57m40.26s      2               0    1.818262e-06         133         132         118        17.478            0.004     17.559         17.560   17.569       17.572    0.071       0.065        14568955000630  338.4898980   18.9612250        3621      6   56238.099267200        1325    17.512    21.480     27.738    2.050       8.839           0      131072            0            1    14568955 
   56238.125907200        17.623        0.029        36212060010137  338.4898360   18.9611830   22h33m57.56s   18d57m40.26s      2               0    1.818262e-06         133         132         118        17.478            0.004     17.559         17.560   17.569       17.572    0.071       0.065        14568988000605  338.4898980   18.9612110        3621      6   56238.128867200        1325    17.628    21.469     27.743    2.150       8.517           0      131074            0            1    14568988 
   56232.252567200        17.583        0.083        36212060010137  338.4898360   18.9611830   22h33m57.56s   18d57m40.26s      2               0    1.818262e-06         133         132         118        17.478            0.004     17.559         17.560   17.569       17.572    0.071       0.065        14645556000457  338.4898660   18.9612080        3621      6   56232.255957200        1319    17.572    20.835     27.683    2.150       9.593           0      131072            0            1    14645556 
   56232.298947200        17.638        0.090        36212060010137  338.4898360   18.9611830   22h33m57.56s   18d57m40.26s      2               0    1.818262e-06         133         132         118        17.478            0.004     17.559         17.560   17.569       17.572    0.071       0.065        14645584000383  338.4898690   18.9612260        3621      6   56232.302337200        1319    17.715    20.635     27.660    1.950       9.242           0      131072            0            1    14645584 
   56251.089337200        17.605        0.032        36212060010137  338.4898360   18.9611830   22h33m57.56s   18d57m40.26s      2               0    1.818262e-06         133         132         118        17.478            0.004     17.559         17.560   17.569       17.572    0.071       0.065        14655192000579  338.4899020   18.9611930        3621      6   56251.091257200        1338    17.617    21.281     27.756    2.050       9.524           0      131072            0            1    14655192 
   56251.119187200        17.539        0.032        36212060010137  338.4898360   18.9611830   22h33m57.56s   18d57m40.26s      2               0    1.818262e-06         133         132         118        17.478            0.004     17.559         17.560   17.569       17.572    0.071       0.065        14655206000563  338.4898860   18.9611940        3621      6   56251.121107200        1338    17.555    21.219     27.756    2.150       9.655           0      131072            0            1    14655206 
   56255.090207200        17.588        0.037        36212060010137  338.4898360   18.9611830   22h33m57.56s   18d57m40.26s      2               0    1.818262e-06         133         132         118        17.478            0.004     17.559         17.560   17.569       17.572    0.071       0.065        14693958000474  338.4899800   18.9612360        3621      6   56255.091787200        1342    17.577    20.701     27.741    2.650       9.246           0      131072            0            1    14693958 
   56255.119607200        17.546        0.036        36212060010137  338.4898360   18.9611830   22h33m57.56s   18d57m40.26s      2               0    1.818262e-06         133         132         118        17.478            0.004     17.559         17.560   17.569       17.572    0.071       0.065        14693988000448  338.4898740   18.9611860        3621      6   56255.121177200        1342    17.541    20.721     27.744    2.650       9.771           0      131072            0            1    14693988 
   56256.084107200        17.573        0.038        36212060010137  338.4898360   18.9611830   22h33m57.56s   18d57m40.26s      2               0    1.818262e-06         133         132         118        17.478            0.004     17.559         17.560   17.569       17.572    0.071       0.065        14703937000443  338.4898360   18.9611870        3621      6   56256.085597200        1343    17.570    20.791     27.733    2.250       9.393           0      131072            0            1    14703937 
   56256.114667200        17.618        0.038        36212060010137  338.4898360   18.9611830   22h33m57.56s   18d57m40.26s      2               0    1.818262e-06         133         132         118        17.478            0.004     17.559         17.560   17.569       17.572    0.071       0.065        14703956000423  338.4899090   18.9612400        3621      6   56256.116147200        1343    17.621    20.748     27.735    2.350       8.816           0      131072            0            1    14703956 
   56258.118807200        17.523        0.117        36212060010137  338.4898360   18.9611830   22h33m57.56s   18d57m40.26s      2               0    1.818262e-06         133         132         118        17.478            0.004     17.559         17.560   17.569       17.572    0.071       0.065        14724095000436  338.4898230   18.9611700        3621      6   56258.120117200        1345    17.416    20.665     27.632    2.250       9.082           0      131072            0            1    14724095 
   56258.089417200        17.812        0.136        36212060010137  338.4898360   18.9611830   22h33m57.56s   18d57m40.26s      2               0    1.818262e-06         133         132         118        17.478            0.004     17.559         17.560   17.569       17.572    0.071       0.065        14724107000279  338.4898320   18.9612060        3621      6   56258.090727200        1345    18.127    20.063     27.606    2.150       9.011           0      131072            0            1    14724107 
   56266.143577200        17.609        0.192        36212060010137  338.4898360   18.9611830   22h33m57.56s   18d57m40.26s      2               0    1.818262e-06         133         132         118        17.478            0.004     17.559         17.560   17.569       17.572    0.071       0.065        14747743000417  338.4898020   18.9611420        3621      6   56266.144157200        1353    17.899    21.016     27.513    1.950       9.916           0      131072            0            1    14747743 
   56266.172857200        17.524        0.192        36212060010137  338.4898360   18.9611830   22h33m57.56s   18d57m40.26s      2               0    1.818262e-06         133         132         118        17.478            0.004     17.559         17.560   17.569       17.572    0.071       0.065        14747757000396  338.4897510   18.9611010        3621      6   56266.173437200        1353    17.830    20.880     27.523    2.250      10.942           0      131072            0            1    14747757 
   56271.183287200        17.615        0.046        36212060010137  338.4898360   18.9611830   22h33m57.56s   18d57m40.26s      2               0    1.818262e-06         133         132         118        17.478            0.004     17.559         17.560   17.569       17.572    0.071       0.065        14805789000450  338.4898780   18.9611690        3621      6   56271.183397200        1358    17.610    20.986     27.664    2.850       9.027           0      131072            0            1    14805789 
   56271.213277200        17.389        0.048        36212060010137  338.4898360   18.9611830   22h33m57.56s   18d57m40.26s      2               0    1.818262e-06         133         132         118        17.478            0.004     17.559         17.560   17.569       17.572    0.071       0.065        14805816000398  338.4898860   18.9611910        3621      6   56271.213387200        1358    17.364    20.730     27.629    3.250      15.149           0      131073            0            1    14805816 
   56257.093607200        17.599        0.039        36212060010137  338.4898360   18.9611830   22h33m57.56s   18d57m40.26s      2               0    1.818262e-06         133         132         118        17.478            0.004     17.559         17.560   17.569       17.572    0.071       0.065        15701295000463  338.4898230   18.9611690        3621      6   56257.095007200        1344    17.601    20.775     27.734    2.350       9.808           0      131072            0            1    15701295 
   56257.124397200        17.666        0.039        36212060010137  338.4898360   18.9611830   22h33m57.56s   18d57m40.26s      2               0    1.818262e-06         133         132         118        17.478            0.004     17.559         17.560   17.569       17.572    0.071       0.065        15701314000459  338.4898540   18.9612080        3621      6   56257.125797200        1344    17.675    20.736     27.738    2.450      10.016           0      131072            0            1    15701314 
