   55783.498447200        15.257        0.031        36212000003451  338.8882060   19.4125130   22h35m33.17s   19d24m45.05s      2               0    4.449363e-07         134         124         113        15.253            0.007     15.260         15.260   15.261       15.260    0.018       0.007        10358368006124  338.8881870   19.4125250        3621      0   55783.502867200         881    15.265    21.515     27.976    2.150       2.240           0      131074            0            1    10358368 
   55783.453967200        15.260        0.031        36212000003451  338.8882060   19.4125130   22h35m33.17s   19d24m45.05s      2               0    4.449363e-07         134         124         113        15.253            0.007     15.260         15.260   15.261       15.260    0.018       0.007        10358399005719  338.8881730   19.4125240        3621      0   55783.458387200         881    15.258    21.966     27.989    1.950       2.111           0      131074            0            1    10358399 
   55794.447477200        15.247        0.126        36212000003451  338.8882060   19.4125130   22h35m33.17s   19d24m45.05s      2               0    4.449363e-07         134         124         113        15.253            0.007     15.260         15.260   15.261       15.260    0.018       0.007        10381071002935  338.8881720   19.4125160        3621      0   55794.452327200         892    15.670    20.841     27.811    2.250       2.335           0      131072            0            1    10381071 
   55794.489907200        15.318        0.127        36212000003451  338.8882060   19.4125130   22h35m33.17s   19d24m45.05s      2               0    4.449363e-07         134         124         113        15.253            0.007     15.260         15.260   15.261       15.260    0.018       0.007        10381094002423  338.8881670   19.4125250        3621      0   55794.494757200         892    16.367    20.591     27.750    1.950       2.079           0      131072            0            1    10381094 
   55822.260997200        15.272        0.028        36212000003451  338.8882060   19.4125130   22h35m33.17s   19d24m45.05s      2               0    4.449363e-07         134         124         113        15.253            0.007     15.260         15.260   15.261       15.260    0.018       0.007        10516264004538  338.8882070   19.4125230        3621      0   55822.266197200         920    15.270    21.403     27.965    1.950       2.003           0      131074            0            1    10516264 
   55822.304817200        15.260        0.028        36212000003451  338.8882060   19.4125130   22h35m33.17s   19d24m45.05s      2               0    4.449363e-07         134         124         113        15.253            0.007     15.260         15.260   15.261       15.260    0.018       0.007        10516476004450  338.8881980   19.4125270        3621      0   55822.310007200         920    15.256    21.366     27.963    1.950       2.006           0      131072            0            1    10516476 
   55471.198477200        15.254        0.032        36212000003451  338.8882060   19.4125130   22h35m33.17s   19d24m45.05s      2               0    4.449363e-07         134         124         113        15.253            0.007     15.260         15.260   15.261       15.260    0.018       0.007        10798350006921  338.8881790   19.4125250        3621      0   55471.203407200         562    15.264    21.859     28.091    1.950       2.063           0      131074            0            1    10798350 
   55471.242217200        15.244        0.032        36212000003451  338.8882060   19.4125130   22h35m33.17s   19d24m45.05s      2               0    4.449363e-07         134         124         113        15.253            0.007     15.260         15.260   15.261       15.260    0.018       0.007        10798372006891  338.8881530   19.4125240        3621      0   55471.247147200         562    15.248    21.848     28.088    1.950       2.049           0      131074            0            1    10798372 
   55483.217697200        15.262        0.028        36212000003451  338.8882060   19.4125130   22h35m33.17s   19d24m45.05s      2               0    4.449363e-07         134         124         113        15.253            0.007     15.260         15.260   15.261       15.260    0.018       0.007        10855529005239  338.8881490   19.4125030        3621      0   55483.222167200         577    15.270    21.794     28.093    1.850       2.067           0      131074            0            1    10855529 
   55483.261397200        15.255        0.028        36212000003451  338.8882060   19.4125130   22h35m33.17s   19d24m45.05s      2               0    4.449363e-07         134         124         113        15.253            0.007     15.260         15.260   15.261       15.260    0.018       0.007        10855539006810  338.8881710   19.4125150        3621      0   55483.265867200         577    15.258    21.803     28.088    2.050       2.249           0      131074            0            1    10855539 
   55442.457187200        15.265        0.025        36212000003451  338.8882060   19.4125130   22h35m33.17s   19d24m45.05s      2               0    4.449363e-07         134         124         113        15.253            0.007     15.260         15.260   15.261       15.260    0.018       0.007        10900445006818  338.8881700   19.4125280        3621      0   55442.462347200         537    15.263    21.792     28.057    1.850       1.979           0      131074            0            1    10900445 
   55442.413457200        15.259        0.025        36212000003451  338.8882060   19.4125130   22h35m33.17s   19d24m45.05s      2               0    4.449363e-07         134         124         113        15.253            0.007     15.260         15.260   15.261       15.260    0.018       0.007        10900528006659  338.8881660   19.4124960        3621      0   55442.418617200         537    15.264    21.906     28.086    1.850       1.843           0      131074            0            1    10900528 
   55446.207007200        15.256        0.037        36212000003451  338.8882060   19.4125130   22h35m33.17s   19d24m45.05s      2               0    4.449363e-07         134         124         113        15.253            0.007     15.260         15.260   15.261       15.260    0.018       0.007        10913417005245  338.8881840   19.4125310        3621      0   55446.212197200         541    15.251    21.779     28.063    2.050       2.227           0      131074            0            1    10913417 
   55446.164227200        15.280        0.037        36212000003451  338.8882060   19.4125130   22h35m33.17s   19d24m45.05s      2               0    4.449363e-07         134         124         113        15.253            0.007     15.260         15.260   15.261       15.260    0.018       0.007        10913592005038  338.8881630   19.4125270        3621      0   55446.169417200         541    15.269    21.593     28.033    2.150       2.189           0      131074            0            1    10913592 
   55452.151187200        15.263        0.024        36212000003451  338.8882060   19.4125130   22h35m33.17s   19d24m45.05s      2               0    4.449363e-07         134         124         113        15.253            0.007     15.260         15.260   15.261       15.260    0.018       0.007        10932699005683  338.8881830   19.4125160        3621      0   55452.156407200         547    15.266    21.503     28.080    2.150       2.220           0      131074            0            1    10932699 
   55452.194607200        15.254        0.024        36212000003451  338.8882060   19.4125130   22h35m33.17s   19d24m45.05s      2               0    4.449363e-07         134         124         113        15.253            0.007     15.260         15.260   15.261       15.260    0.018       0.007        10932780005266  338.8881750   19.4125310        3621      0   55452.199827200         547    15.258    21.745     28.099    1.950       2.071           0      131074            0            1    10932780 
   55467.309767200        15.260        0.053        36212000003451  338.8882060   19.4125130   22h35m33.17s   19d24m45.05s      2               0    4.449363e-07         134         124         113        15.253            0.007     15.260         15.260   15.261       15.260    0.018       0.007        11077814004303  338.8881780   19.4125160        3621      0   55467.314797200         560    15.255    21.278     28.056    2.150       2.270           0      131074            0            1    11077814 
   55468.223777200        15.268        0.185        36212000003451  338.8882060   19.4125130   22h35m33.17s   19d24m45.05s      2               0    4.449363e-07         134         124         113        15.253            0.007     15.260         15.260   15.261       15.260    0.018       0.007        11078381004935  338.8881760   19.4125050        3621      0   55468.228787200         558    15.298    21.600     28.099    2.150       2.277           0      131074            0            1    11078381 
   55416.295877200        15.273        0.192        36212000003451  338.8882060   19.4125130   22h35m33.17s   19d24m45.05s      2               0    4.449363e-07         134         124         113        15.253            0.007     15.260         15.260   15.261       15.260    0.018       0.007        11121826004192  338.8881920   19.4125360        3621      0   55416.300207200         515    15.317    21.230     27.242    2.650       2.786           0      131074            0            1    11121826 
   55416.252257200        15.267        0.192        36212000003451  338.8882060   19.4125130   22h35m33.17s   19d24m45.05s      2               0    4.449363e-07         134         124         113        15.253            0.007     15.260         15.260   15.261       15.260    0.018       0.007        11121984004760  338.8881930   19.4125280        3621      0   55416.256577200         515    15.185    20.806     27.147    3.250       3.484           0      131075            0            1    11121984 
   55425.331937200        15.263        0.038        36212000003451  338.8882060   19.4125130   22h35m33.17s   19d24m45.05s      2               0    4.449363e-07         134         124         113        15.253            0.007     15.260         15.260   15.261       15.260    0.018       0.007        11141519005556  338.8881780   19.4125240        3621      0   55425.336647200         524    15.276    21.877     28.004    2.050       2.137           0      131074            0            1    11141519 
   55425.278827200        15.269        0.038        36212000003451  338.8882060   19.4125130   22h35m33.17s   19d24m45.05s      2               0    4.449363e-07         134         124         113        15.253            0.007     15.260         15.260   15.261       15.260    0.018       0.007        11141565006859  338.8881790   19.4125130        3621      0   55425.283547200         524    15.268    21.876     27.972    1.750       1.952           0      131074            0            1    11141565 
   55422.310597200        15.261        0.026        36212000003451  338.8882060   19.4125130   22h35m33.17s   19d24m45.05s      2               0    4.449363e-07         134         124         113        15.253            0.007     15.260         15.260   15.261       15.260    0.018       0.007        11149618006953  338.8881740   19.4125070        3621      0   55422.315197200         521    15.251    21.835     28.078    2.250       2.311           0      131075            0            1    11149618 
   55422.266247200        15.258        0.026        36212000003451  338.8882060   19.4125130   22h35m33.17s   19d24m45.05s      2               0    4.449363e-07         134         124         113        15.253            0.007     15.260         15.260   15.261       15.260    0.018       0.007        11149681005476  338.8881840   19.4125100        3621      0   55422.270847200         521    15.240    21.805     28.061    2.150       2.259           0      131074            0            1    11149681 
   55428.355107200        15.270        0.027        36212000003451  338.8882060   19.4125130   22h35m33.17s   19d24m45.05s      2               0    4.449363e-07         134         124         113        15.253            0.007     15.260         15.260   15.261       15.260    0.018       0.007        11202561004699  338.8881680   19.4125220        3621      0   55428.359927200         527    15.278    21.460     28.108    2.050       2.206           0      131074            0            1    11202561 
   55428.399067200        15.266        0.027        36212000003451  338.8882060   19.4125130   22h35m33.17s   19d24m45.05s      2               0    4.449363e-07         134         124         113        15.253            0.007     15.260         15.260   15.261       15.260    0.018       0.007        11202641005326  338.8881680   19.4125180        3621      0   55428.403887200         527    15.271    21.717     28.105    2.050       2.143           0      131074            0            1    11202641 
   55436.231767200        15.263        0.034        36212000003451  338.8882060   19.4125130   22h35m33.17s   19d24m45.05s      2               0    4.449363e-07         134         124         113        15.253            0.007     15.260         15.260   15.261       15.260    0.018       0.007        11207922004346  338.8881910   19.4125260        3621      0   55436.236817200         609    15.257    20.685     28.039    2.450       2.606           0      131074            0            1    11207922 
   55436.187177200        15.260        0.034        36212000003451  338.8882060   19.4125130   22h35m33.17s   19d24m45.05s      2               0    4.449363e-07         134         124         113        15.253            0.007     15.260         15.260   15.261       15.260    0.018       0.007        11208052004261  338.8882000   19.4125270        3621      0   55436.192217200         609    15.243    20.770     28.001    2.150       2.346           0      131072            0            1    11208052 
   55439.226647200        15.248        0.027        36212000003451  338.8882060   19.4125130   22h35m33.17s   19d24m45.05s      2               0    4.449363e-07         134         124         113        15.253            0.007     15.260         15.260   15.261       15.260    0.018       0.007        11225296004807  338.8881660   19.4125110        3621      0   55439.231747200         534    15.243    21.545     28.047    2.150       2.313           0      131074            0            1    11225296 
   55439.183237200        15.260        0.027        36212000003451  338.8882060   19.4125130   22h35m33.17s   19d24m45.05s      2               0    4.449363e-07         134         124         113        15.253            0.007     15.260         15.260   15.261       15.260    0.018       0.007        11225344004909  338.8881830   19.4125270        3621      0   55439.188347200         534    15.253    21.520     28.010    2.250       2.381           0      131074            0            1    11225344 
   55384.474387200        15.266        0.024        36212000003451  338.8882060   19.4125130   22h35m33.17s   19d24m45.05s      2               0    4.449363e-07         134         124         113        15.253            0.007     15.260         15.260   15.261       15.260    0.018       0.007        11236401005404  338.8881650   19.4125260        3621      0   55384.476637200         483    15.280    21.870     28.141    2.050       2.177           0      131074            0            1    11236401 
   55382.487507200        15.274        0.025        36212000003451  338.8882060   19.4125130   22h35m33.17s   19d24m45.05s      2               0    4.449363e-07         134         124         113        15.253            0.007     15.260         15.260   15.261       15.260    0.018       0.007        11241303004531  338.8881450   19.4124920        3621      0   55382.489607200         481    15.286    20.857     28.120    2.250       2.437           0      131072            0            1    11241303 
   55419.313297200        15.286        0.263        36212000003451  338.8882060   19.4125130   22h35m33.17s   19d24m45.05s      2               0    4.449363e-07         134         124         113        15.253            0.007     15.260         15.260   15.261       15.260    0.018       0.007        11395345004299  338.8882030   19.4125310        3621      0   55419.317767200         518    15.060    21.081     27.063    2.350       2.429           0      131074            0            1    11395345 
   55419.269177200        15.278        0.263        36212000003451  338.8882060   19.4125130   22h35m33.17s   19d24m45.05s      2               0    4.449363e-07         134         124         113        15.253            0.007     15.260         15.260   15.261       15.260    0.018       0.007        11395359004870  338.8882010   19.4125300        3621      0   55419.273637200         518    15.370    21.124     27.092    2.350       2.509           0      131074            0            1    11395359 
   55377.472567200        15.266        0.026        36212000003451  338.8882060   19.4125130   22h35m33.17s   19d24m45.05s      2               0    4.449363e-07         134         124         113        15.253            0.007     15.260         15.260   15.261       15.260    0.018       0.007        11430742003705  338.8881650   19.4125220        3621      0   55377.474257200         476    15.254    21.004     28.068    2.050       2.146           0      131074            0            1    11430742 
   55138.198277200        15.265        0.041        36212000003451  338.8882060   19.4125130   22h35m33.17s   19d24m45.05s      2               0    4.449363e-07         134         124         113        15.253            0.007     15.260         15.260   15.261       15.260    0.018       0.007        11790016004274  338.8881590   19.4125140        3621      0   55138.201547200         245    15.254    20.745     28.096    2.250       2.417           0      131074            0            1    11790016 
   55142.185567200        15.264        0.028        36212000003451  338.8882060   19.4125130   22h35m33.17s   19d24m45.05s      2               0    4.449363e-07         134         124         113        15.253            0.007     15.260         15.260   15.261       15.260    0.018       0.007        11794302005051  338.8881730   19.4125100        3621      0   55142.188547200         282    15.258    21.521     28.107    2.350       2.539           0      131074            0            1    11794302 
   55123.241477200        15.256        0.030        36212000003451  338.8882060   19.4125130   22h35m33.17s   19d24m45.05s      2               0    4.449363e-07         134         124         113        15.253            0.007     15.260         15.260   15.261       15.260    0.018       0.007        11812729005257  338.8881470   19.4125170        3621      0   55123.245687200         232    15.261    21.643     28.173    2.250       2.356           0      131074            0            1    11812729 
   55049.420247200        15.277        0.027        36212000003451  338.8882060   19.4125130   22h35m33.17s   19d24m45.05s      2               0    4.449363e-07         134         124         113        15.253            0.007     15.260         15.260   15.261       15.260    0.018       0.007        11863040003026  338.8881830   19.4125160        3621      0   55049.424487200         163    15.274    20.372     27.728    2.150       2.222           0      131072            0            1    11863040 
   55054.396427200        15.250        0.055        36212000003451  338.8882060   19.4125130   22h35m33.17s   19d24m45.05s      2               0    4.449363e-07         134         124         113        15.253            0.007     15.260         15.260   15.261       15.260    0.018       0.007        11869759003543  338.8881480   19.4125040        3621      0   55054.400907200         168    15.268    20.745     27.703    2.150       2.192           0      131072            0            1    11869759 
   55054.293487200        15.254        0.055        36212000003451  338.8882060   19.4125130   22h35m33.17s   19d24m45.05s      2               0    4.449363e-07         134         124         113        15.253            0.007     15.260         15.260   15.261       15.260    0.018       0.007        11869766003677  338.8881610   19.4124990        3621      0   55054.297957200         168    15.209    20.793     27.631    1.850       1.920           0      131072            0            1    11869766 
   55067.169837200        15.256        0.038        36212000003451  338.8882060   19.4125130   22h35m33.17s   19d24m45.05s      2               0    4.449363e-07         134         124         113        15.253            0.007     15.260         15.260   15.261       15.260    0.018       0.007        11881953005131  338.8881910   19.4125280        3621      0   55067.174787200         181    15.247    21.327     27.611    2.250       2.383           0      131074            0            1    11881953 
   55066.365707200        15.256        0.027        36212000003451  338.8882060   19.4125130   22h35m33.17s   19d24m45.05s      2               0    4.449363e-07         134         124         113        15.253            0.007     15.260         15.260   15.261       15.260    0.018       0.007        11884006007362  338.8881630   19.4125240        3621      0   55066.370627200         180    15.256    21.845     27.658    1.850       1.978           0      131074            0            1    11884006 
   55062.266077200        15.253        0.026        36212000003451  338.8882060   19.4125130   22h35m33.17s   19d24m45.05s      2               0    4.449363e-07         134         124         113        15.253            0.007     15.260         15.260   15.261       15.260    0.018       0.007        11891090004910  338.8881910   19.4125220        3621      0   55062.270867200         176    15.254    21.288     27.694    2.950       3.026           0      131075            0            1    11891090 
   55062.351017200        15.252        0.026        36212000003451  338.8882060   19.4125130   22h35m33.17s   19d24m45.05s      2               0    4.449363e-07         134         124         113        15.253            0.007     15.260         15.260   15.261       15.260    0.018       0.007        11891193005640  338.8881810   19.4125130        3621      0   55062.355817200         176    15.248    21.584     27.719    2.650       2.714           0      131074            0            1    11891193 
   55059.364887200        15.260        0.025        36212000003451  338.8882060   19.4125130   22h35m33.17s   19d24m45.05s      2               0    4.449363e-07         134         124         113        15.253            0.007     15.260         15.260   15.261       15.260    0.018       0.007        11897134005668  338.8881660   19.4125200        3621      0   55059.369567200         173    15.271    21.764     27.764    2.150       2.391           0      131074            0            1    11897134 
   55059.285797200        15.258        0.025        36212000003451  338.8882060   19.4125130   22h35m33.17s   19d24m45.05s      2               0    4.449363e-07         134         124         113        15.253            0.007     15.260         15.260   15.261       15.260    0.018       0.007        11897178006003  338.8881830   19.4125180        3621      0   55059.290487200         173    15.259    21.765     27.746    2.050       2.095           0      131074            0            1    11897178 
   55018.370627200        15.263        0.036        36212000003451  338.8882060   19.4125130   22h35m33.17s   19d24m45.05s      2               0    4.449363e-07         134         124         113        15.253            0.007     15.260         15.260   15.261       15.260    0.018       0.007        11903650004794  338.8881920   19.4125400        3621      0   55018.372807200         132    15.228    20.765     27.542    2.150       2.321           0      131074            0            1    11903650 
   55018.305807200        15.251        0.036        36212000003451  338.8882060   19.4125130   22h35m33.17s   19d24m45.05s      2               0    4.449363e-07         134         124         113        15.253            0.007     15.260         15.260   15.261       15.260    0.018       0.007        11903678004135  338.8881860   19.4125260        3621      0   55018.307987200         132    15.202    20.372     27.481    2.450       2.642           0      131074            0            1    11903678 
   55087.301307200        15.257        0.022        36212000003451  338.8882060   19.4125130   22h35m33.17s   19d24m45.05s      2               0    4.449363e-07         134         124         113        15.253            0.007     15.260         15.260   15.261       15.260    0.018       0.007        11918732005253  338.8881940   19.4125390        3621      0   55087.306527200         199    15.258    21.721     27.746    2.250       2.436           0      131074            0            1    11918732 
   55087.345997200        15.262        0.022        36212000003451  338.8882060   19.4125130   22h35m33.17s   19d24m45.05s      2               0    4.449363e-07         134         124         113        15.253            0.007     15.260         15.260   15.261       15.260    0.018       0.007        11918736004885  338.8882010   19.4125330        3621      0   55087.351217200         199    15.269    21.681     27.742    2.150       2.291           0      131074            0            1    11918736 
   55044.415047200        15.265        0.024        36212000003451  338.8882060   19.4125130   22h35m33.17s   19d24m45.05s      2               0    4.449363e-07         134         124         113        15.253            0.007     15.260         15.260   15.261       15.260    0.018       0.007        11933597006258  338.8882070   19.4125280        3621      0   55044.419017200         158    15.267    21.826     27.741    2.150       2.228           0      131074            0            1    11933597 
   55044.461787200        15.255        0.024        36212000003451  338.8882060   19.4125130   22h35m33.17s   19d24m45.05s      2               0    4.449363e-07         134         124         113        15.253            0.007     15.260         15.260   15.261       15.260    0.018       0.007        11933598006216  338.8881980   19.4125330        3621      0   55044.465757200         158    15.261    21.885     27.741    2.050       2.095           0      131074            0            1    11933598 
   55030.408307200        15.102        0.171        36212000003451  338.8882060   19.4125130   22h35m33.17s   19d24m45.05s      2               0    4.449363e-07         134         124         113        15.253            0.007     15.260         15.260   15.261       15.260    0.018       0.007        11958904000832  338.8881970   19.4125370        3621      0   55030.411397200         144    19.094    21.287     27.659    1.850       1.983           0      131072            0            1    11958904 
   55030.440717200        15.264        0.164        36212000003451  338.8882060   19.4125130   22h35m33.17s   19d24m45.05s      2               0    4.449363e-07         134         124         113        15.253            0.007     15.260         15.260   15.261       15.260    0.018       0.007        11958945006571  338.8881680   19.4125030        3621      0   55030.443797200         144    15.192    21.683     27.624    1.850       1.855           0      131074            0            1    11958945 
   55039.235987200        15.257        0.026        36212000003451  338.8882060   19.4125130   22h35m33.17s   19d24m45.05s      2               0    4.449363e-07         134         124         113        15.253            0.007     15.260         15.260   15.261       15.260    0.018       0.007        11989943004327  338.8881880   19.4125340        3621      0   55039.239647200         153    15.229    20.983     27.474    2.650       2.713           0      131074            0            1    11989943 
   55038.368947200        15.256        0.026        36212000003451  338.8882060   19.4125130   22h35m33.17s   19d24m45.05s      2               0    4.449363e-07         134         124         113        15.253            0.007     15.260         15.260   15.261       15.260    0.018       0.007        11998973006041  338.8881640   19.4125090        3621      0   55038.372557200         152    15.254    21.898     27.612    1.750       1.878           0      131074            0            1    11998973 
   55006.459877200        15.255        0.030        36212000003451  338.8882060   19.4125130   22h35m33.17s   19d24m45.05s      2               0    4.449363e-07         134         124         113        15.253            0.007     15.260         15.260   15.261       15.260    0.018       0.007        12024669007073  338.8881550   19.4125170        3621      0   55006.461077200         114    15.235    21.669     27.601    2.050       2.137           0      131074            0            1    12024669 
   55006.390067200        15.259        0.030        36212000003451  338.8882060   19.4125130   22h35m33.17s   19d24m45.05s      2               0    4.449363e-07         134         124         113        15.253            0.007     15.260         15.260   15.261       15.260    0.018       0.007        12024699005054  338.8881780   19.4125260        3621      0   55006.391267200         114    15.236    21.359     27.582    2.550       2.664           0      131074            0            1    12024699 
   55009.355627200        15.259        0.033        36212000003451  338.8882060   19.4125130   22h35m33.17s   19d24m45.05s      2               0    4.449363e-07         134         124         113        15.253            0.007     15.260         15.260   15.261       15.260    0.018       0.007        12043793006372  338.8882020   19.4125370        3621      0   55009.357077200         124    15.224    21.275     27.519    2.850       2.940           0      131075            0            1    12043793 
   55050.367527200        15.258        0.026        36212000003451  338.8882060   19.4125130   22h35m33.17s   19d24m45.05s      2               0    4.449363e-07         134         124         113        15.253            0.007     15.260         15.260   15.261       15.260    0.018       0.007        12070310002765  338.8881960   19.4125350        3621      0   55050.371817200         164    15.255    20.011     27.730    2.950       3.061           0      131074            0            1    12070310 
   55050.190447200        15.261        0.026        36212000003451  338.8882060   19.4125130   22h35m33.17s   19d24m45.05s      2               0    4.449363e-07         134         124         113        15.253            0.007     15.260         15.260   15.261       15.260    0.018       0.007        12070396002011  338.8881920   19.4125590        3621      0   55050.194737200         164    15.262    19.285     27.579    3.950       4.063           0      131075            0            1    12070396 
   55050.415797200        15.263        0.026        36212000003451  338.8882060   19.4125130   22h35m33.17s   19d24m45.05s      2               0    4.449363e-07         134         124         113        15.253            0.007     15.260         15.260   15.261       15.260    0.018       0.007        12070437002737  338.8882020   19.4125270        3621      0   55050.420087200         164    15.265    20.021     27.726    2.750       3.079           0      131074            0            1    12070437 
   55458.186147200        15.265        0.026        36212000003451  338.8882060   19.4125130   22h35m33.17s   19d24m45.05s      2               0    4.449363e-07         134         124         113        15.253            0.007     15.260         15.260   15.261       15.260    0.018       0.007        12794888005228  338.8882000   19.4125290        3621      0   55458.191337200         553    15.274    21.243     28.102    1.950       2.074           0      131074            0            1    12794888 
   55458.229437200        15.254        0.026        36212000003451  338.8882060   19.4125130   22h35m33.17s   19d24m45.05s      2               0    4.449363e-07         134         124         113        15.253            0.007     15.260         15.260   15.261       15.260    0.018       0.007        12794951004892  338.8881970   19.4125310        3621      0   55458.234617200         553    15.268    21.049     28.103    2.450       2.541           0      131074            0            1    12794951 
   55480.117357200        15.262        0.025        36212000003451  338.8882060   19.4125130   22h35m33.17s   19d24m45.05s      2               0    4.449363e-07         134         124         113        15.253            0.007     15.260         15.260   15.261       15.260    0.018       0.007        12807175006422  338.8881930   19.4125340        3621      0   55480.121967200         574    15.271    21.546     28.058    2.150       2.277           0      131074            0            1    12807175 
   55480.160357200        15.258        0.025        36212000003451  338.8882060   19.4125130   22h35m33.17s   19d24m45.05s      2               0    4.449363e-07         134         124         113        15.253            0.007     15.260         15.260   15.261       15.260    0.018       0.007        12807293005348  338.8882020   19.4125270        3621      0   55480.164967200         574    15.270    21.817     28.082    1.750       1.848           0      131074            0            1    12807293 
   55499.126077200        15.275        0.116        36212000003451  338.8882060   19.4125130   22h35m33.17s   19d24m45.05s      2               0    4.449363e-07         134         124         113        15.253            0.007     15.260         15.260   15.261       15.260    0.018       0.007        12934521006064  338.8882000   19.4125350        3621      0   55499.129647200         594    15.244    21.482     28.077    2.250       2.367           0      131074            0            1    12934521 
   55499.169697200        15.277        0.116        36212000003451  338.8882060   19.4125130   22h35m33.17s   19d24m45.05s      2               0    4.449363e-07         134         124         113        15.253            0.007     15.260         15.260   15.261       15.260    0.018       0.007        12934633004856  338.8882000   19.4125290        3621      0   55499.173267200         594    15.240    21.516     28.070    2.250       2.433           0      131074            0            1    12934633 
   56202.127567200        15.255        0.027        36212000003451  338.8882060   19.4125130   22h35m33.17s   19d24m45.05s      2               0    4.449363e-07         134         124         113        15.253            0.007     15.260         15.260   15.261       15.260    0.018       0.007        14272771003445  338.8882050   19.4125260        3621      0   56202.132487200        1299    15.271    20.717     28.068    2.350       2.471           0      131072            0            1    14272771 
   56202.156757200        15.261        0.027        36212000003451  338.8882060   19.4125130   22h35m33.17s   19d24m45.05s      2               0    4.449363e-07         134         124         113        15.253            0.007     15.260         15.260   15.261       15.260    0.018       0.007        14272788003453  338.8882050   19.4125220        3621      0   56202.161677200        1299    15.278    20.835     28.080    2.050       2.153           0      131072            0            1    14272788 
   56202.186317200        15.261        0.027        36212000003451  338.8882060   19.4125130   22h35m33.17s   19d24m45.05s      2               0    4.449363e-07         134         124         113        15.253            0.007     15.260         15.260   15.261       15.260    0.018       0.007        14272804004481  338.8882030   19.4125270        3621      0   56202.191237200        1299    15.265    20.911     28.088    2.050       2.233           0      131072            0            1    14272804 
   56204.116247200        15.292        0.385        36212000003451  338.8882060   19.4125130   22h35m33.17s   19d24m45.05s      2               0    4.449363e-07         134         124         113        15.253            0.007     15.260         15.260   15.261       15.260    0.018       0.007        14313888002988  338.8882040   19.4125250        3621      0   56204.121107200        1301    15.629    20.828     27.746    2.250       2.376           0      131072            0            1    14313888 
   56204.146757200        15.287        0.385        36212000003451  338.8882060   19.4125130   22h35m33.17s   19d24m45.05s      2               0    4.449363e-07         134         124         113        15.253            0.007     15.260         15.260   15.261       15.260    0.018       0.007        14313905003765  338.8882040   19.4125220        3621      0   56204.151617200        1301    15.380    21.101     27.777    2.050       2.239           0      131074            0            1    14313905 
   56204.177387200        15.307        0.385        36212000003451  338.8882060   19.4125130   22h35m33.17s   19d24m45.05s      2               0    4.449363e-07         134         124         113        15.253            0.007     15.260         15.260   15.261       15.260    0.018       0.007        14313931001958  338.8882040   19.4125260        3621      0   56204.182237200        1301    15.855    20.284     27.766    2.150       2.334           0      131072            0            1    14313931 
   56206.117187200        15.259        0.103        36212000003451  338.8882060   19.4125130   22h35m33.17s   19d24m45.05s      2               0    4.449363e-07         134         124         113        15.253            0.007     15.260         15.260   15.261       15.260    0.018       0.007        14340028006618  338.8882040   19.4125190        3621      0   56206.121977200        1303    15.307    21.732     28.152    1.950       2.019           0      131074            0            1    14340028 
   56206.152727200        15.253        0.103        36212000003451  338.8882060   19.4125130   22h35m33.17s   19d24m45.05s      2               0    4.449363e-07         134         124         113        15.253            0.007     15.260         15.260   15.261       15.260    0.018       0.007        14340053005039  338.8882040   19.4125240        3621      0   56206.157517200        1303    15.296    21.643     28.152    2.350       2.433           0      131074            0            1    14340053 
   56206.183057200        15.253        0.103        36212000003451  338.8882060   19.4125130   22h35m33.17s   19d24m45.05s      2               0    4.449363e-07         134         124         113        15.253            0.007     15.260         15.260   15.261       15.260    0.018       0.007        14340077006837  338.8882040   19.4125230        3621      0   56206.187837200        1303    15.269    21.754     28.138    2.150       2.291           0      131074            0            1    14340077 
   56224.192577200        15.261        0.066        36212000003451  338.8882060   19.4125130   22h35m33.17s   19d24m45.05s      2               0    4.449363e-07         134         124         113        15.253            0.007     15.260         15.260   15.261       15.260    0.018       0.007        14398656004288  338.8881980   19.4125240        3621      0   56224.196497200        1311    15.228    20.642     28.068    2.750       2.834           0      131074            0            1    14398656 
   56228.218817200        15.265        0.024        36212000003451  338.8882060   19.4125130   22h35m33.17s   19d24m45.05s      2               0    4.449363e-07         134         124         113        15.253            0.007     15.260         15.260   15.261       15.260    0.018       0.007        14450772004135  338.8882030   19.4125260        3621      0   56228.222487200        1315    15.262    20.628     28.112    2.450       2.543           0      131072            0            1    14450772 
   56230.253957200        15.266        0.024        36212000003451  338.8882060   19.4125130   22h35m33.17s   19d24m45.05s      2               0    4.449363e-07         134         124         113        15.253            0.007     15.260         15.260   15.261       15.260    0.018       0.007        14487133004116  338.8882010   19.4125250        3621      0   56230.257487200        1317    15.259    20.616     28.074    2.150       2.269           0      131072            0            1    14487133 
   56234.218927200        15.263        0.046        36212000003451  338.8882060   19.4125130   22h35m33.17s   19d24m45.05s      2               0    4.449363e-07         134         124         113        15.253            0.007     15.260         15.260   15.261       15.260    0.018       0.007        14497225004265  338.8882010   19.4125250        3621      0   56234.222177200        1321    15.239    21.200     28.093    2.350       2.503           0      131074            0            1    14497225 
   56234.248747200        15.262        0.046        36212000003451  338.8882060   19.4125130   22h35m33.17s   19d24m45.05s      2               0    4.449363e-07         134         124         113        15.253            0.007     15.260         15.260   15.261       15.260    0.018       0.007        14497249004171  338.8882000   19.4125250        3621      0   56234.252007200        1321    15.235    21.169     28.077    2.250       2.289           0      131074            0            1    14497249 
   56236.150467200        15.254        0.027        36212000003451  338.8882060   19.4125130   22h35m33.17s   19d24m45.05s      2               0    4.449363e-07         134         124         113        15.253            0.007     15.260         15.260   15.261       15.260    0.018       0.007        14528692005910  338.8881980   19.4125280        3621      0   56236.153577200        1323    15.264    21.505     28.134    2.450       2.583           0      131074            0            1    14528692 
   56238.096297200        15.260        0.025        36212000003451  338.8882060   19.4125130   22h35m33.17s   19d24m45.05s      2               0    4.449363e-07         134         124         113        15.253            0.007     15.260         15.260   15.261       15.260    0.018       0.007        14570740006410  338.8882010   19.4125320        3621      0   56238.099267200        1325    15.268    21.660     28.139    1.950       2.076           0      131074            0            1    14570740 
   56238.125907200        15.264        0.025        36212000003451  338.8882060   19.4125130   22h35m33.17s   19d24m45.05s      2               0    4.449363e-07         134         124         113        15.253            0.007     15.260         15.260   15.261       15.260    0.018       0.007        14570773005080  338.8882050   19.4125240        3621      0   56238.128867200        1325    15.275    21.648     28.144    2.050       2.091           0      131074            0            1    14570773 
   56232.252567200        15.258        0.070        36212000003451  338.8882060   19.4125130   22h35m33.17s   19d24m45.05s      2               0    4.449363e-07         134         124         113        15.253            0.007     15.260         15.260   15.261       15.260    0.018       0.007        14645258003763  338.8881960   19.4125170        3621      0   56232.255957200        1319    15.238    20.853     28.064    2.350       2.341           0      131074            0            1    14645258 
   56232.298947200        15.264        0.070        36212000003451  338.8882060   19.4125130   22h35m33.17s   19d24m45.05s      2               0    4.449363e-07         134         124         113        15.253            0.007     15.260         15.260   15.261       15.260    0.018       0.007        14645286003037  338.8881940   19.4125250        3621      0   56232.302337200        1319    15.342    20.754     28.044    1.950       2.121           0      131072            0            1    14645286 
   56251.089337200        15.254        0.024        36212000003451  338.8882060   19.4125130   22h35m33.17s   19d24m45.05s      2               0    4.449363e-07         134         124         113        15.253            0.007     15.260         15.260   15.261       15.260    0.018       0.007        14655498004644  338.8882080   19.4125180        3621      0   56251.091257200        1338    15.264    21.457     28.145    1.950       2.081           0      131072            0            1    14655498 
   56251.119187200        15.259        0.024        36212000003451  338.8882060   19.4125130   22h35m33.17s   19d24m45.05s      2               0    4.449363e-07         134         124         113        15.253            0.007     15.260         15.260   15.261       15.260    0.018       0.007        14655512004420  338.8881990   19.4125200        3621      0   56251.121107200        1338    15.273    21.342     28.144    2.150       2.252           0      131074            0            1    14655512 
   56255.090207200        15.254        0.026        36212000003451  338.8882060   19.4125130   22h35m33.17s   19d24m45.05s      2               0    4.449363e-07         134         124         113        15.253            0.007     15.260         15.260   15.261       15.260    0.018       0.007        14695418004581  338.8881970   19.4125240        3621      0   56255.091787200        1342    15.238    20.777     28.116    2.750       2.982           0      131074            0            1    14695418 
   56255.119607200        15.261        0.026        36212000003451  338.8882060   19.4125130   22h35m33.17s   19d24m45.05s      2               0    4.449363e-07         134         124         113        15.253            0.007     15.260         15.260   15.261       15.260    0.018       0.007        14695448003660  338.8881960   19.4125260        3621      0   56255.121177200        1342    15.252    20.796     28.119    2.750       2.745           0      131072            0            1    14695448 
   56256.084107200        15.260        0.025        36212000003451  338.8882060   19.4125130   22h35m33.17s   19d24m45.05s      2               0    4.449363e-07         134         124         113        15.253            0.007     15.260         15.260   15.261       15.260    0.018       0.007        14706433004380  338.8881930   19.4125250        3621      0   56256.085597200        1343    15.256    20.949     28.106    2.150       2.336           0      131072            0            1    14706433 
   56256.114667200        15.256        0.025        36212000003451  338.8882060   19.4125130   22h35m33.17s   19d24m45.05s      2               0    4.449363e-07         134         124         113        15.253            0.007     15.260         15.260   15.261       15.260    0.018       0.007        14706452003754  338.8882030   19.4125210        3621      0   56256.116147200        1343    15.256    20.858     28.108    2.350       2.559           0      131072            0            1    14706452 
   56258.118807200        15.257        0.127        36212000003451  338.8882060   19.4125130   22h35m33.17s   19d24m45.05s      2               0    4.449363e-07         134         124         113        15.253            0.007     15.260         15.260   15.261       15.260    0.018       0.007        14723744003666  338.8881990   19.4125200        3621      0   56258.120117200        1345    15.139    20.760     27.999    2.250       2.261           0      131072            0            1    14723744 
   56258.089417200        15.271        0.127        36212000003451  338.8882060   19.4125130   22h35m33.17s   19d24m45.05s      2               0    4.449363e-07         134         124         113        15.253            0.007     15.260         15.260   15.261       15.260    0.018       0.007        14723756002221  338.8882020   19.4125260        3621      0   56258.090727200        1345    15.585    20.114     27.973    2.250       2.370           0      131072            0            1    14723756 
   56266.143577200        15.240        0.203        36212000003451  338.8882060   19.4125130   22h35m33.17s   19d24m45.05s      2               0    4.449363e-07         134         124         113        15.253            0.007     15.260         15.260   15.261       15.260    0.018       0.007        14745503003217  338.8881980   19.4125180        3621      0   56266.144157200        1353    15.558    21.122     27.905    1.950       2.039           0      131074            0            1    14745503 
   56266.172857200        15.262        0.203        36212000003451  338.8882060   19.4125130   22h35m33.17s   19d24m45.05s      2               0    4.449363e-07         134         124         113        15.253            0.007     15.260         15.260   15.261       15.260    0.018       0.007        14745517003401  338.8881920   19.4125260        3621      0   56266.173437200        1353    15.558    20.995     27.912    2.250       2.324           0      131072            0            1    14745517 
   56271.183287200        15.249        0.040        36212000003451  338.8882060   19.4125130   22h35m33.17s   19d24m45.05s      2               0    4.449363e-07         134         124         113        15.253            0.007     15.260         15.260   15.261       15.260    0.018       0.007        14804853004082  338.8882110   19.4125300        3621      0   56271.183397200        1358    15.237    21.066     28.051    2.950       3.026           0      131075            0            1    14804853 
   56271.213277200        15.246        0.040        36212000003451  338.8882060   19.4125130   22h35m33.17s   19d24m45.05s      2               0    4.449363e-07         134         124         113        15.253            0.007     15.260         15.260   15.261       15.260    0.018       0.007        14804880003539  338.8881950   19.4125270        3621      0   56271.213387200        1358    15.219    20.852     28.016    3.250       3.323           0      131075            0            1    14804880 
   56257.093607200        15.258        0.026        36212000003451  338.8882060   19.4125130   22h35m33.17s   19d24m45.05s      2               0    4.449363e-07         134         124         113        15.253            0.007     15.260         15.260   15.261       15.260    0.018       0.007        15701485003609  338.8881950   19.4125240        3621      0   56257.095007200        1344    15.255    20.838     28.108    2.450       2.546           0      131074            0            1    15701485 
   56257.124397200        15.263        0.026        36212000003451  338.8882060   19.4125130   22h35m33.17s   19d24m45.05s      2               0    4.449363e-07         134         124         113        15.253            0.007     15.260         15.260   15.261       15.260    0.018       0.007        15701504003516  338.8881960   19.4125230        3621      0   56257.125797200        1344    15.263    20.841     28.109    2.450       2.546           0      131074            0            1    15701504 
