   55783.498447200        17.979        0.036        36212000011048  338.8351820   20.0300040   22h35m20.44s   20d01m48.01s      2               0    4.344147e-07         133         133         122        17.936            0.008     17.944         17.944   17.949       17.950    0.039       0.039        10358368001066  338.8351720   20.0300200        3621      0   55783.502867200         881    17.987    21.515     27.988    2.150       2.317           0      131072            0            1    10358368 
   55783.453967200        17.958        0.034        36212000011048  338.8351820   20.0300040   22h35m20.44s   20d01m48.01s      2               0    4.344147e-07         133         133         122        17.936            0.008     17.944         17.944   17.949       17.950    0.039       0.039        10358399001292  338.8351870   20.0299950        3621      0   55783.458387200         881    17.956    21.966     28.001    1.950       2.031           0      131072            0            1    10358399 
   55794.447477200        17.912        0.133        36212000011048  338.8351820   20.0300040   22h35m20.44s   20d01m48.01s      2               0    4.344147e-07         133         133         122        17.936            0.008     17.944         17.944   17.949       17.950    0.039       0.039        10381071000650  338.8351370   20.0300060        3621      0   55794.452327200         892    18.336    20.841     27.822    2.250       3.153           0      131072            0            1    10381071 
   55794.489907200        17.848        0.152        36212000011048  338.8351820   20.0300040   22h35m20.44s   20d01m48.01s      2               0    4.344147e-07         133         133         122        17.936            0.008     17.944         17.944   17.949       17.950    0.039       0.039        10381094000412  338.8351820   20.0300450        3621      0   55794.494757200         892    18.897    20.591     27.760    1.950       2.902           0      131072            0            1    10381094 
   55822.260997200        17.972        0.034        36212000011048  338.8351820   20.0300040   22h35m20.44s   20d01m48.01s      2               0    4.344147e-07         133         133         122        17.936            0.008     17.944         17.944   17.949       17.950    0.039       0.039        10516264000961  338.8351630   20.0300230        3621      0   55822.266197200         920    17.970    21.403     27.971    1.950       2.094           0      131072            0            1    10516264 
   55822.304817200        17.895        0.034        36212000011048  338.8351820   20.0300040   22h35m20.44s   20d01m48.01s      2               0    4.344147e-07         133         133         122        17.936            0.008     17.944         17.944   17.949       17.950    0.039       0.039        10516476000968  338.8351630   20.0300250        3621      0   55822.310007200         920    17.891    21.366     27.969    1.950       2.116           0      131072            0            1    10516476 
   55471.198477200        17.937        0.036        36212000011048  338.8351820   20.0300040   22h35m20.44s   20d01m48.01s      2               0    4.344147e-07         133         133         122        17.936            0.008     17.944         17.944   17.949       17.950    0.039       0.039        10798350001250  338.8351520   20.0300470        3621      0   55471.203407200         562    17.946    21.859     28.098    1.950       1.960           0      131072            0            1    10798350 
   55471.242217200        17.971        0.036        36212000011048  338.8351820   20.0300040   22h35m20.44s   20d01m48.01s      2               0    4.344147e-07         133         133         122        17.936            0.008     17.944         17.944   17.949       17.950    0.039       0.039        10798372001234  338.8351450   20.0300130        3621      0   55471.247147200         562    17.975    21.848     28.094    1.950       2.100           0      131072            0            1    10798372 
   55483.217697200        17.959        0.032        36212000011048  338.8351820   20.0300040   22h35m20.44s   20d01m48.01s      2               0    4.344147e-07         133         133         122        17.936            0.008     17.944         17.944   17.949       17.950    0.039       0.039        10855529001192  338.8351530   20.0300230        3621      0   55483.222167200         577    17.967    21.794     28.090    1.850       2.027           0      131072            0            1    10855529 
   55483.261397200        17.938        0.032        36212000011048  338.8351820   20.0300040   22h35m20.44s   20d01m48.01s      2               0    4.344147e-07         133         133         122        17.936            0.008     17.944         17.944   17.949       17.950    0.039       0.039        10855539001257  338.8351610   20.0300370        3621      0   55483.265867200         577    17.940    21.803     28.084    2.050       2.275           0      131072            0            1    10855539 
   55442.457187200        17.943        0.030        36212000011048  338.8351820   20.0300040   22h35m20.44s   20d01m48.01s      2               0    4.344147e-07         133         133         122        17.936            0.008     17.944         17.944   17.949       17.950    0.039       0.039        10900445001209  338.8351360   20.0300240        3621      0   55442.462347200         537    17.941    21.792     28.074    1.850       1.953           0      131072            0            1    10900445 
   55442.413457200        17.946        0.029        36212000011048  338.8351820   20.0300040   22h35m20.44s   20d01m48.01s      2               0    4.344147e-07         133         133         122        17.936            0.008     17.944         17.944   17.949       17.950    0.039       0.039        10900528001284  338.8351410   20.0300460        3621      0   55442.418617200         537    17.951    21.906     28.103    1.850       1.795           0      131072            0            1    10900528 
   55446.207007200        17.936        0.040        36212000011048  338.8351820   20.0300040   22h35m20.44s   20d01m48.01s      2               0    4.344147e-07         133         133         122        17.936            0.008     17.944         17.944   17.949       17.950    0.039       0.039        10913417001208  338.8351770   20.0300150        3621      0   55446.212197200         541    17.931    21.779     28.066    2.050       2.285           0      131072            0            1    10913417 
   55446.164227200        17.908        0.041        36212000011048  338.8351820   20.0300040   22h35m20.44s   20d01m48.01s      2               0    4.344147e-07         133         133         122        17.936            0.008     17.944         17.944   17.949       17.950    0.039       0.039        10913592001179  338.8351630   20.0300160        3621      0   55446.169417200         541    17.896    21.593     28.036    2.150       2.207           0      131072            0            1    10913592 
   55452.151187200        17.942        0.029        36212000011048  338.8351820   20.0300040   22h35m20.44s   20d01m48.01s      2               0    4.344147e-07         133         133         122        17.936            0.008     17.944         17.944   17.949       17.950    0.039       0.039        10932699001150  338.8351840   20.0300310        3621      0   55452.156407200         547    17.944    21.503     28.079    2.150       2.115           0      131072            0            1    10932699 
   55452.194607200        17.947        0.029        36212000011048  338.8351820   20.0300040   22h35m20.44s   20d01m48.01s      2               0    4.344147e-07         133         133         122        17.936            0.008     17.944         17.944   17.949       17.950    0.039       0.039        10932780001204  338.8351620   20.0300310        3621      0   55452.199827200         547    17.952    21.745     28.098    1.950       2.003           0      131072            0            1    10932780 
   55467.309767200        17.916        0.057        36212000011048  338.8351820   20.0300040   22h35m20.44s   20d01m48.01s      2               0    4.344147e-07         133         133         122        17.936            0.008     17.944         17.944   17.949       17.950    0.039       0.039        11077814000979  338.8351530   20.0300420        3621      0   55467.314797200         560    17.910    21.278     28.048    2.150       2.392           0      131072            0            1    11077814 
   55468.223777200        17.885        0.186        36212000011048  338.8351820   20.0300040   22h35m20.44s   20d01m48.01s      2               0    4.344147e-07         133         133         122        17.936            0.008     17.944         17.944   17.949       17.950    0.039       0.039        11078381001154  338.8351530   20.0300480        3621      0   55468.228787200         558    17.915    21.600     28.093    2.150       2.246           0      131072            0            1    11078381 
   55416.295877200        17.921        0.193        36212000011048  338.8351820   20.0300040   22h35m20.44s   20d01m48.01s      2               0    4.344147e-07         133         133         122        17.936            0.008     17.944         17.944   17.949       17.950    0.039       0.039        11121826001039  338.8351700   20.0300430        3621      0   55416.300207200         515    17.965    21.230     27.266    2.650       2.689           0      131072            0            1    11121826 
   55416.252257200        17.965        0.194        36212000011048  338.8351820   20.0300040   22h35m20.44s   20d01m48.01s      2               0    4.344147e-07         133         133         122        17.936            0.008     17.944         17.944   17.949       17.950    0.039       0.039        11121984000895  338.8351770   20.0300300        3621      0   55416.256577200         515    17.883    20.806     27.171    3.250       3.398           0      131072            0            1    11121984 
   55425.331937200        17.943        0.041        36212000011048  338.8351820   20.0300040   22h35m20.44s   20d01m48.01s      2               0    4.344147e-07         133         133         122        17.936            0.008     17.944         17.944   17.949       17.950    0.039       0.039        11141519001314  338.8351600   20.0300370        3621      0   55425.336647200         524    17.955    21.877     28.015    2.050       2.195           0      131072            0            1    11141519 
   55425.278827200        17.979        0.041        36212000011048  338.8351820   20.0300040   22h35m20.44s   20d01m48.01s      2               0    4.344147e-07         133         133         122        17.936            0.008     17.944         17.944   17.949       17.950    0.039       0.039        11141565001256  338.8351600   20.0300340        3621      0   55425.283547200         524    17.978    21.876     27.982    1.750       1.907           0      131072            0            1    11141565 
   55422.310597200        17.941        0.030        36212000011048  338.8351820   20.0300040   22h35m20.44s   20d01m48.01s      2               0    4.344147e-07         133         133         122        17.936            0.008     17.944         17.944   17.949       17.950    0.039       0.039        11149618001279  338.8351630   20.0300090        3621      0   55422.315197200         521    17.931    21.835     28.085    2.250       2.270           0      131072            0            1    11149618 
   55422.266247200        17.942        0.030        36212000011048  338.8351820   20.0300040   22h35m20.44s   20d01m48.01s      2               0    4.344147e-07         133         133         122        17.936            0.008     17.944         17.944   17.949       17.950    0.039       0.039        11149681001313  338.8351610   20.0300180        3621      0   55422.270847200         521    17.924    21.805     28.068    2.150       2.168           0      131072            0            1    11149681 
   55428.355107200        17.955        0.032        36212000011048  338.8351820   20.0300040   22h35m20.44s   20d01m48.01s      2               0    4.344147e-07         133         133         122        17.936            0.008     17.944         17.944   17.949       17.950    0.039       0.039        11202561001113  338.8351450   20.0300020        3621      0   55428.359927200         527    17.963    21.460     28.115    2.050       2.367           0      131072            0            1    11202561 
   55428.399067200        17.935        0.031        36212000011048  338.8351820   20.0300040   22h35m20.44s   20d01m48.01s      2               0    4.344147e-07         133         133         122        17.936            0.008     17.944         17.944   17.949       17.950    0.039       0.039        11202641001236  338.8351470   20.0300290        3621      0   55428.403887200         527    17.940    21.717     28.113    2.050       2.085           0      131072            0            1    11202641 
   55436.231767200        17.972        0.045        36212000011048  338.8351820   20.0300040   22h35m20.44s   20d01m48.01s      2               0    4.344147e-07         133         133         122        17.936            0.008     17.944         17.944   17.949       17.950    0.039       0.039        11207922000811  338.8351700   20.0300140        3621      0   55436.236817200         609    17.966    20.685     28.052    2.450       2.613           0      131072            0            1    11207922 
   55436.187177200        17.982        0.045        36212000011048  338.8351820   20.0300040   22h35m20.44s   20d01m48.01s      2               0    4.344147e-07         133         133         122        17.936            0.008     17.944         17.944   17.949       17.950    0.039       0.039        11208052000799  338.8351650   20.0300380        3621      0   55436.192217200         609    17.965    20.770     28.014    2.150       2.238           0      131072            0            1    11208052 
   55439.226647200        17.962        0.032        36212000011048  338.8351820   20.0300040   22h35m20.44s   20d01m48.01s      2               0    4.344147e-07         133         133         122        17.936            0.008     17.944         17.944   17.949       17.950    0.039       0.039        11225296001146  338.8351700   20.0300380        3621      0   55439.231747200         534    17.957    21.545     28.051    2.150       2.252           0      131072            0            1    11225296 
   55439.183237200        17.961        0.032        36212000011048  338.8351820   20.0300040   22h35m20.44s   20d01m48.01s      2               0    4.344147e-07         133         133         122        17.936            0.008     17.944         17.944   17.949       17.950    0.039       0.039        11225344001162  338.8351770   20.0299990        3621      0   55439.188347200         534    17.955    21.520     28.014    2.250       2.300           0      131072            0            1    11225344 
   55384.474387200        17.923        0.028        36212000011048  338.8351820   20.0300040   22h35m20.44s   20d01m48.01s      2               0    4.344147e-07         133         133         122        17.936            0.008     17.944         17.944   17.949       17.950    0.039       0.039        11236401001237  338.8351460   20.0300300        3621      0   55384.476637200         483    17.937    21.870     28.143    2.050       2.119           0      131072            0            1    11236401 
   55382.487507200        17.939        0.037        36212000011048  338.8351820   20.0300040   22h35m20.44s   20d01m48.01s      2               0    4.344147e-07         133         133         122        17.936            0.008     17.944         17.944   17.949       17.950    0.039       0.039        11241303000844  338.8351490   20.0300220        3621      0   55382.489607200         481    17.950    20.857     28.127    2.250       2.511           0      131072            0            1    11241303 
   55419.313297200        17.914        0.264        36212000011048  338.8351820   20.0300040   22h35m20.44s   20d01m48.01s      2               0    4.344147e-07         133         133         122        17.936            0.008     17.944         17.944   17.949       17.950    0.039       0.039        11395345001040  338.8351900   20.0300340        3621      0   55419.317767200         518    17.689    21.081     27.055    2.350       2.238           0      131072            0            1    11395345 
   55419.269177200        17.963        0.265        36212000011048  338.8351820   20.0300040   22h35m20.44s   20d01m48.01s      2               0    4.344147e-07         133         133         122        17.936            0.008     17.944         17.944   17.949       17.950    0.039       0.039        11395359000934  338.8351920   20.0300330        3621      0   55419.273637200         518    18.055    21.124     27.084    2.350       2.289           0      131072            0            1    11395359 
   55377.472567200        17.945        0.036        36212000011048  338.8351820   20.0300040   22h35m20.44s   20d01m48.01s      2               0    4.344147e-07         133         133         122        17.936            0.008     17.944         17.944   17.949       17.950    0.039       0.039        11430742000870  338.8351580   20.0300030        3621      0   55377.474257200         476    17.933    21.004     28.096    2.050       2.241           0      131072            0            1    11430742 
   55138.198277200        17.910        0.051        36212000011048  338.8351820   20.0300040   22h35m20.44s   20d01m48.01s      2               0    4.344147e-07         133         133         122        17.936            0.008     17.944         17.944   17.949       17.950    0.039       0.039        11790016000805  338.8351320   20.0300040        3621      0   55138.201547200         245    17.899    20.745     28.137    2.250       2.226           0      131072            0            1    11790016 
   55142.185567200        17.993        0.033        36212000011048  338.8351820   20.0300040   22h35m20.44s   20d01m48.01s      2               0    4.344147e-07         133         133         122        17.936            0.008     17.944         17.944   17.949       17.950    0.039       0.039        11794302001133  338.8351530   20.0300060        3621      0   55142.188547200         282    17.988    21.521     28.153    2.350       2.277           0      131072            0            1    11794302 
   55123.241477200        17.943        0.034        36212000011048  338.8351820   20.0300040   22h35m20.44s   20d01m48.01s      2               0    4.344147e-07         133         133         122        17.936            0.008     17.944         17.944   17.949       17.950    0.039       0.039        11812729000953  338.8351260   20.0300150        3621      0   55123.245687200         232    17.948    21.643     28.179    2.250       2.334           0      131072            0            1    11812729 
   55049.420247200        17.998        0.044        36212000011048  338.8351820   20.0300040   22h35m20.44s   20d01m48.01s      2               0    4.344147e-07         133         133         122        17.936            0.008     17.944         17.944   17.949       17.950    0.039       0.039        11863040000667  338.8351570   20.0299930        3621      0   55049.424487200         163    17.995    20.372     27.755    2.150       2.251           0      131072            0            1    11863040 
   55054.396427200        17.971        0.061        36212000011048  338.8351820   20.0300040   22h35m20.44s   20d01m48.01s      2               0    4.344147e-07         133         133         122        17.936            0.008     17.944         17.944   17.949       17.950    0.039       0.039        11869759000770  338.8351300   20.0300350        3621      0   55054.400907200         168    17.988    20.745     27.724    2.150       2.095           0      131072            0            1    11869759 
   55054.293487200        17.926        0.061        36212000011048  338.8351820   20.0300040   22h35m20.44s   20d01m48.01s      2               0    4.344147e-07         133         133         122        17.936            0.008     17.944         17.944   17.949       17.950    0.039       0.039        11869766000774  338.8351500   20.0300270        3621      0   55054.297957200         168    17.880    20.793     27.654    1.850       1.846           0      131072            0            1    11869766 
   55067.169837200        17.951        0.042        36212000011048  338.8351820   20.0300040   22h35m20.44s   20d01m48.01s      2               0    4.344147e-07         133         133         122        17.936            0.008     17.944         17.944   17.949       17.950    0.039       0.039        11881953000981  338.8351780   20.0300380        3621      0   55067.174787200         181    17.942    21.327     27.665    2.250       2.265           0      131072            0            1    11881953 
   55062.266077200        17.944        0.031        36212000011048  338.8351820   20.0300040   22h35m20.44s   20d01m48.01s      2               0    4.344147e-07         133         133         122        17.936            0.008     17.944         17.944   17.949       17.950    0.039       0.039        11891090000940  338.8351790   20.0300220        3621      0   55062.270867200         176    17.945    21.288     27.712    2.950       2.975           0      131072            0            1    11891090 
   55062.351017200        17.956        0.030        36212000011048  338.8351820   20.0300040   22h35m20.44s   20d01m48.01s      2               0    4.344147e-07         133         133         122        17.936            0.008     17.944         17.944   17.949       17.950    0.039       0.039        11891193001194  338.8351510   20.0300300        3621      0   55062.355817200         176    17.952    21.584     27.734    2.650       2.677           0      131072            0            1    11891193 
   55059.364887200        17.954        0.029        36212000011048  338.8351820   20.0300040   22h35m20.44s   20d01m48.01s      2               0    4.344147e-07         133         133         122        17.936            0.008     17.944         17.944   17.949       17.950    0.039       0.039        11897134001186  338.8351560   20.0300190        3621      0   55059.369567200         173    17.966    21.764     27.780    2.150       2.192           0      131072            0            1    11897134 
   55059.285797200        17.923        0.029        36212000011048  338.8351820   20.0300040   22h35m20.44s   20d01m48.01s      2               0    4.344147e-07         133         133         122        17.936            0.008     17.944         17.944   17.949       17.950    0.039       0.039        11897178001186  338.8351630   20.0300240        3621      0   55059.290487200         173    17.923    21.765     27.765    2.050       2.002           0      131072            0            1    11897178 
   55018.370627200        17.956        0.044        36212000011048  338.8351820   20.0300040   22h35m20.44s   20d01m48.01s      2               0    4.344147e-07         133         133         122        17.936            0.008     17.944         17.944   17.949       17.950    0.039       0.039        11903650000926  338.8351540   20.0300370        3621      0   55018.372807200         132    17.920    20.765     27.663    2.150       2.240           0      131072            0            1    11903650 
   55018.305807200        18.022        0.047        36212000011048  338.8351820   20.0300040   22h35m20.44s   20d01m48.01s      2               0    4.344147e-07         133         133         122        17.936            0.008     17.944         17.944   17.949       17.950    0.039       0.039        11903678000809  338.8351740   20.0300490        3621      0   55018.307987200         132    17.973    20.372     27.602    2.450       2.447           0      131072            0            1    11903678 
   55087.301307200        17.941        0.027        36212000011048  338.8351820   20.0300040   22h35m20.44s   20d01m48.01s      2               0    4.344147e-07         133         133         122        17.936            0.008     17.944         17.944   17.949       17.950    0.039       0.039        11918732001148  338.8351630   20.0300240        3621      0   55087.306527200         199    17.943    21.721     27.758    2.250       2.312           0      131072            0            1    11918732 
   55087.345997200        17.940        0.027        36212000011048  338.8351820   20.0300040   22h35m20.44s   20d01m48.01s      2               0    4.344147e-07         133         133         122        17.936            0.008     17.944         17.944   17.949       17.950    0.039       0.039        11918736001024  338.8351800   20.0300230        3621      0   55087.351217200         199    17.948    21.681     27.755    2.150       2.324           0      131072            0            1    11918736 
   55044.415047200        17.914        0.028        36212000011048  338.8351820   20.0300040   22h35m20.44s   20d01m48.01s      2               0    4.344147e-07         133         133         122        17.936            0.008     17.944         17.944   17.949       17.950    0.039       0.039        11933597001310  338.8351820   20.0300370        3621      0   55044.419017200         158    17.916    21.826     27.756    2.150       2.262           0      131072            0            1    11933597 
   55044.461787200        17.930        0.028        36212000011048  338.8351820   20.0300040   22h35m20.44s   20d01m48.01s      2               0    4.344147e-07         133         133         122        17.936            0.008     17.944         17.944   17.949       17.950    0.039       0.039        11933598001252  338.8351720   20.0300160        3621      0   55044.465757200         158    17.935    21.885     27.756    2.050       2.090           0      131072            0            1    11933598 
   55030.440717200        17.944        0.165        36212000011048  338.8351820   20.0300040   22h35m20.44s   20d01m48.01s      2               0    4.344147e-07         133         133         122        17.936            0.008     17.944         17.944   17.949       17.950    0.039       0.039        11958945001191  338.8351430   20.0300100        3621      0   55030.443797200         144    17.872    21.683     27.637    1.850       1.971           0      131072            0            1    11958945 
   55039.235987200        17.945        0.033        36212000011048  338.8351820   20.0300040   22h35m20.44s   20d01m48.01s      2               0    4.344147e-07         133         133         122        17.936            0.008     17.944         17.944   17.949       17.950    0.039       0.039        11989943000895  338.8351830   20.0300190        3621      0   55039.239647200         153    17.917    20.983     27.535    2.650       2.611           0      131072            0            1    11989943 
   55038.368947200        17.923        0.029        36212000011048  338.8351820   20.0300040   22h35m20.44s   20d01m48.01s      2               0    4.344147e-07         133         133         122        17.936            0.008     17.944         17.944   17.949       17.950    0.039       0.039        11998973001237  338.8351460   20.0299860        3621      0   55038.372557200         152    17.921    21.898     27.671    1.750       1.978           0      131072            0            1    11998973 
   55006.459877200        17.929        0.033        36212000011048  338.8351820   20.0300040   22h35m20.44s   20d01m48.01s      2               0    4.344147e-07         133         133         122        17.936            0.008     17.944         17.944   17.949       17.950    0.039       0.039        12024669001347  338.8351270   20.0299990        3621      0   55006.461077200         114    17.909    21.669     27.666    2.050       2.131           0      131072            0            1    12024669 
   55006.390067200        17.937        0.034        36212000011048  338.8351820   20.0300040   22h35m20.44s   20d01m48.01s      2               0    4.344147e-07         133         133         122        17.936            0.008     17.944         17.944   17.949       17.950    0.039       0.039        12024699001231  338.8351750   20.0300280        3621      0   55006.391267200         114    17.913    21.359     27.646    2.550       2.624           0      131072            0            1    12024699 
   55009.355627200        17.945        0.037        36212000011048  338.8351820   20.0300040   22h35m20.44s   20d01m48.01s      2               0    4.344147e-07         133         133         122        17.936            0.008     17.944         17.944   17.949       17.950    0.039       0.039        12043793001196  338.8351840   20.0300350        3621      0   55009.357077200         124    17.910    21.275     27.601    2.850       2.777           0      131072            0            1    12043793 
   55050.367527200        17.949        0.045        36212000011048  338.8351820   20.0300040   22h35m20.44s   20d01m48.01s      2               0    4.344147e-07         133         133         122        17.936            0.008     17.944         17.944   17.949       17.950    0.039       0.039        12070310000612  338.8351870   20.0300160        3621      0   55050.371817200         164    17.946    20.011     27.757    2.950       2.972           0      131072            0            1    12070310 
   55050.190447200        18.149        0.072        36212000011048  338.8351820   20.0300040   22h35m20.44s   20d01m48.01s      2               0    4.344147e-07         133         133         122        17.936            0.008     17.944         17.944   17.949       17.950    0.039       0.039        12070396000406  338.8351580   20.0300280        3621      0   55050.194737200         164    18.150    19.285     27.607    3.950       4.588           0      131072            0            1    12070396 
   55050.415797200        17.981        0.046        36212000011048  338.8351820   20.0300040   22h35m20.44s   20d01m48.01s      2               0    4.344147e-07         133         133         122        17.936            0.008     17.944         17.944   17.949       17.950    0.039       0.039        12070437000571  338.8351520   20.0300320        3621      0   55050.420087200         164    17.982    20.021     27.753    2.750       2.742           0      131072            0            1    12070437 
   55458.186147200        17.944        0.034        36212000011048  338.8351820   20.0300040   22h35m20.44s   20d01m48.01s      2               0    4.344147e-07         133         133         122        17.936            0.008     17.944         17.944   17.949       17.950    0.039       0.039        12794888000934  338.8351730   20.0300230        3621      0   55458.191337200         553    17.954    21.243     28.110    1.950       2.021           0      131072            0            1    12794888 
   55458.229437200        17.952        0.035        36212000011048  338.8351820   20.0300040   22h35m20.44s   20d01m48.01s      2               0    4.344147e-07         133         133         122        17.936            0.008     17.944         17.944   17.949       17.950    0.039       0.039        12794951000876  338.8351800   20.0300270        3621      0   55458.234617200         553    17.967    21.049     28.111    2.450       2.733           0      131072            0            1    12794951 
   55480.117357200        17.923        0.030        36212000011048  338.8351820   20.0300040   22h35m20.44s   20d01m48.01s      2               0    4.344147e-07         133         133         122        17.936            0.008     17.944         17.944   17.949       17.950    0.039       0.039        12807175001147  338.8351540   20.0300240        3621      0   55480.121967200         574    17.933    21.546     28.054    2.150       2.127           0      131072            0            1    12807175 
   55480.160357200        17.938        0.030        36212000011048  338.8351820   20.0300040   22h35m20.44s   20d01m48.01s      2               0    4.344147e-07         133         133         122        17.936            0.008     17.944         17.944   17.949       17.950    0.039       0.039        12807293001221  338.8351660   20.0300290        3621      0   55480.164967200         574    17.950    21.817     28.079    1.750       1.645           0      131072            0            1    12807293 
   55499.126077200        17.902        0.117        36212000011048  338.8351820   20.0300040   22h35m20.44s   20d01m48.01s      2               0    4.344147e-07         133         133         122        17.936            0.008     17.944         17.944   17.949       17.950    0.039       0.039        12934521001109  338.8351700   20.0300200        3621      0   55499.129647200         594    17.871    21.482     28.036    2.250       2.309           0      131072            0            1    12934521 
   55499.169697200        17.929        0.117        36212000011048  338.8351820   20.0300040   22h35m20.44s   20d01m48.01s      2               0    4.344147e-07         133         133         122        17.936            0.008     17.944         17.944   17.949       17.950    0.039       0.039        12934633001124  338.8351720   20.0300290        3621      0   55499.173267200         594    17.892    21.516     28.030    2.250       2.391           0      131072            0            1    12934633 
   56202.127567200        17.904        0.038        36212000011048  338.8351820   20.0300040   22h35m20.44s   20d01m48.01s      2               0    4.344147e-07         133         133         122        17.936            0.008     17.944         17.944   17.949       17.950    0.039       0.039        14272771000768  338.8351780   20.0300190        3621      0   56202.132487200        1299    17.919    20.717     28.082    2.350       2.443           0      131072            0            1    14272771 
   56202.156757200        17.903        0.038        36212000011048  338.8351820   20.0300040   22h35m20.44s   20d01m48.01s      2               0    4.344147e-07         133         133         122        17.936            0.008     17.944         17.944   17.949       17.950    0.039       0.039        14272788000775  338.8351770   20.0300360        3621      0   56202.161677200        1299    17.919    20.835     28.094    2.050       2.216           0      131072            0            1    14272788 
   56202.186317200        17.983        0.038        36212000011048  338.8351820   20.0300040   22h35m20.44s   20d01m48.01s      2               0    4.344147e-07         133         133         122        17.936            0.008     17.944         17.944   17.949       17.950    0.039       0.039        14272804000796  338.8351610   20.0300340        3621      0   56202.191237200        1299    17.986    20.911     28.102    2.050       2.160           0      131072            0            1    14272804 
   56204.116247200        17.999        0.386        36212000011048  338.8351820   20.0300040   22h35m20.44s   20d01m48.01s      2               0    4.344147e-07         133         133         122        17.936            0.008     17.944         17.944   17.949       17.950    0.039       0.039        14313888000673  338.8351940   20.0300240        3621      0   56204.121107200        1301    18.337    20.828     27.714    2.250       2.473           0      131072            0            1    14313888 
   56204.146757200        17.927        0.385        36212000011048  338.8351820   20.0300040   22h35m20.44s   20d01m48.01s      2               0    4.344147e-07         133         133         122        17.936            0.008     17.944         17.944   17.949       17.950    0.039       0.039        14313905000824  338.8351680   20.0300270        3621      0   56204.151617200        1301    18.021    21.101     27.745    2.050       2.100           0      131072            0            1    14313905 
   56204.177387200        17.922        0.389        36212000011048  338.8351820   20.0300040   22h35m20.44s   20d01m48.01s      2               0    4.344147e-07         133         133         122        17.936            0.008     17.944         17.944   17.949       17.950    0.039       0.039        14313931000453  338.8351750   20.0300440        3621      0   56204.182237200        1301    18.469    20.284     27.733    2.150       2.609           0      131072            0            1    14313931 
   56206.117187200        17.932        0.104        36212000011048  338.8351820   20.0300040   22h35m20.44s   20d01m48.01s      2               0    4.344147e-07         133         133         122        17.936            0.008     17.944         17.944   17.949       17.950    0.039       0.039        14340028001149  338.8351730   20.0300250        3621      0   56206.121977200        1303    17.981    21.732     28.156    1.950       1.973           0      131072            0            1    14340028 
   56206.152727200        17.968        0.104        36212000011048  338.8351820   20.0300040   22h35m20.44s   20d01m48.01s      2               0    4.344147e-07         133         133         122        17.936            0.008     17.944         17.944   17.949       17.950    0.039       0.039        14340053001119  338.8351720   20.0300270        3621      0   56206.157517200        1303    18.011    21.643     28.156    2.350       2.451           0      131072            0            1    14340053 
   56206.183057200        17.934        0.104        36212000011048  338.8351820   20.0300040   22h35m20.44s   20d01m48.01s      2               0    4.344147e-07         133         133         122        17.936            0.008     17.944         17.944   17.949       17.950    0.039       0.039        14340077001195  338.8351700   20.0300280        3621      0   56206.187837200        1303    17.950    21.754     28.142    2.150       2.253           0      131072            0            1    14340077 
   56224.192577200        17.981        0.072        36212000011048  338.8351820   20.0300040   22h35m20.44s   20d01m48.01s      2               0    4.344147e-07         133         133         122        17.936            0.008     17.944         17.944   17.949       17.950    0.039       0.039        14398656000735  338.8351510   20.0300030        3621      0   56224.196497200        1311    17.948    20.642     28.093    2.750       2.971           0      131072            0            1    14398656 
   56228.218817200        18.028        0.041        36212000011048  338.8351820   20.0300040   22h35m20.44s   20d01m48.01s      2               0    4.344147e-07         133         133         122        17.936            0.008     17.944         17.944   17.949       17.950    0.039       0.039        14450772000710  338.8351500   20.0300370        3621      0   56228.222487200        1315    18.025    20.628     28.124    2.450       2.599           0      131072            0            1    14450772 
   56230.253957200        17.891        0.039        36212000011048  338.8351820   20.0300040   22h35m20.44s   20d01m48.01s      2               0    4.344147e-07         133         133         122        17.936            0.008     17.944         17.944   17.949       17.950    0.039       0.039        14487133000712  338.8351620   20.0300170        3621      0   56230.257487200        1317    17.883    20.616     28.089    2.150       2.181           0      131072            0            1    14487133 
   56234.218927200        17.919        0.051        36212000011048  338.8351820   20.0300040   22h35m20.44s   20d01m48.01s      2               0    4.344147e-07         133         133         122        17.936            0.008     17.944         17.944   17.949       17.950    0.039       0.039        14497225000954  338.8351740   20.0300220        3621      0   56234.222177200        1321    17.895    21.200     28.098    2.350       2.362           0      131072            0            1    14497225 
   56234.248747200        17.933        0.051        36212000011048  338.8351820   20.0300040   22h35m20.44s   20d01m48.01s      2               0    4.344147e-07         133         133         122        17.936            0.008     17.944         17.944   17.949       17.950    0.039       0.039        14497249000924  338.8351630   20.0300220        3621      0   56234.252007200        1321    17.906    21.169     28.082    2.250       2.343           0      131072            0            1    14497249 
   56236.150467200        17.962        0.032        36212000011048  338.8351820   20.0300040   22h35m20.44s   20d01m48.01s      2               0    4.344147e-07         133         133         122        17.936            0.008     17.944         17.944   17.949       17.950    0.039       0.039        14528692001058  338.8351770   20.0300300        3621      0   56236.153577200        1323    17.972    21.505     28.141    2.450       2.663           0      131072            0            1    14528692 
   56236.182997200        17.930        0.032        36212000011048  338.8351820   20.0300040   22h35m20.44s   20d01m48.01s      2               0    4.344147e-07         133         133         122        17.936            0.008     17.944         17.944   17.949       17.950    0.039       0.039        14528714001044  338.8351710   20.0300300        3621      0   56236.186107200        1323    17.934    21.411     28.138    2.650       2.739           0      131072            0            1    14528714 
   56238.096297200        17.913        0.030        36212000011048  338.8351820   20.0300040   22h35m20.44s   20d01m48.01s      2               0    4.344147e-07         133         133         122        17.936            0.008     17.944         17.944   17.949       17.950    0.039       0.039        14570740001124  338.8351700   20.0300230        3621      0   56238.099267200        1325    17.922    21.660     28.136    1.950       2.157           0      131072            0            1    14570740 
   56238.125907200        17.934        0.030        36212000011048  338.8351820   20.0300040   22h35m20.44s   20d01m48.01s      2               0    4.344147e-07         133         133         122        17.936            0.008     17.944         17.944   17.949       17.950    0.039       0.039        14570773001104  338.8351640   20.0300210        3621      0   56238.128867200        1325    17.945    21.648     28.140    2.050       2.237           0      131072            0            1    14570773 
   56232.252567200        17.931        0.075        36212000011048  338.8351820   20.0300040   22h35m20.44s   20d01m48.01s      2               0    4.344147e-07         133         133         122        17.936            0.008     17.944         17.944   17.949       17.950    0.039       0.039        14645258000798  338.8351630   20.0300300        3621      0   56232.255957200        1319    17.911    20.853     28.066    2.350       2.559           0      131072            0            1    14645258 
   56232.298947200        17.947        0.077        36212000011048  338.8351820   20.0300040   22h35m20.44s   20d01m48.01s      2               0    4.344147e-07         133         133         122        17.936            0.008     17.944         17.944   17.949       17.950    0.039       0.039        14645286000700  338.8351510   20.0300170        3621      0   56232.302337200        1319    18.024    20.754     28.046    1.950       2.032           0      131072            0            1    14645286 
   56251.089337200        17.959        0.031        36212000011048  338.8351820   20.0300040   22h35m20.44s   20d01m48.01s      2               0    4.344147e-07         133         133         122        17.936            0.008     17.944         17.944   17.949       17.950    0.039       0.039        14655498001010  338.8351660   20.0300180        3621      0   56251.091257200        1338    17.969    21.457     28.146    1.950       2.205           0      131072            0            1    14655498 
   56251.119187200        17.891        0.031        36212000011048  338.8351820   20.0300040   22h35m20.44s   20d01m48.01s      2               0    4.344147e-07         133         133         122        17.936            0.008     17.944         17.944   17.949       17.950    0.039       0.039        14655512000957  338.8351870   20.0300220        3621      0   56251.121107200        1338    17.906    21.342     28.145    2.150       2.371           0      131072            0            1    14655512 
   56255.090207200        17.939        0.037        36212000011048  338.8351820   20.0300040   22h35m20.44s   20d01m48.01s      2               0    4.344147e-07         133         133         122        17.936            0.008     17.944         17.944   17.949       17.950    0.039       0.039        14695418000833  338.8351580   20.0300190        3621      0   56255.091787200        1342    17.924    20.777     28.125    2.750       3.028           0      131072            0            1    14695418 
   56255.119607200        18.015        0.037        36212000011048  338.8351820   20.0300040   22h35m20.44s   20d01m48.01s      2               0    4.344147e-07         133         133         122        17.936            0.008     17.944         17.944   17.949       17.950    0.039       0.039        14695448000822  338.8351510   20.0300200        3621      0   56255.121177200        1342    18.007    20.796     28.129    2.750       2.839           0      131072            0            1    14695448 
   56256.084107200        17.956        0.036        36212000011048  338.8351820   20.0300040   22h35m20.44s   20d01m48.01s      2               0    4.344147e-07         133         133         122        17.936            0.008     17.944         17.944   17.949       17.950    0.039       0.039        14706433000803  338.8351740   20.0300100        3621      0   56256.085597200        1343    17.951    20.949     28.117    2.150       2.180           0      131072            0            1    14706433 
   56256.114667200        17.959        0.037        36212000011048  338.8351820   20.0300040   22h35m20.44s   20d01m48.01s      2               0    4.344147e-07         133         133         122        17.936            0.008     17.944         17.944   17.949       17.950    0.039       0.039        14706452000795  338.8351700   20.0300080        3621      0   56256.116147200        1343    17.959    20.858     28.119    2.350       2.586           0      131072            0            1    14706452 
   56258.118807200        17.897        0.130        36212000011048  338.8351820   20.0300040   22h35m20.44s   20d01m48.01s      2               0    4.344147e-07         133         133         122        17.936            0.008     17.944         17.944   17.949       17.950    0.039       0.039        14723744000780  338.8351710   20.0300100        3621      0   56258.120117200        1345    17.778    20.760     28.004    2.250       2.331           0      131072            0            1    14723744 
   56258.089417200        18.044        0.141        36212000011048  338.8351820   20.0300040   22h35m20.44s   20d01m48.01s      2               0    4.344147e-07         133         133         122        17.936            0.008     17.944         17.944   17.949       17.950    0.039       0.039        14723756000487  338.8351910   20.0300070        3621      0   56258.090727200        1345    18.357    20.114     27.978    2.250       2.732           0      131072            0            1    14723756 
   56266.143577200        17.998        0.206        36212000011048  338.8351820   20.0300040   22h35m20.44s   20d01m48.01s      2               0    4.344147e-07         133         133         122        17.936            0.008     17.944         17.944   17.949       17.950    0.039       0.039        14745503000705  338.8351770   20.0300340        3621      0   56266.144157200        1353    18.315    21.122     27.909    1.950       2.046           0      131072            0            1    14745503 
   56266.172857200        18.004        0.206        36212000011048  338.8351820   20.0300040   22h35m20.44s   20d01m48.01s      2               0    4.344147e-07         133         133         122        17.936            0.008     17.944         17.944   17.949       17.950    0.039       0.039        14745517000712  338.8351810   20.0300230        3621      0   56266.173437200        1353    18.300    20.995     27.916    2.250       2.192           0      131072            0            1    14745517 
   56271.183287200        17.920        0.046        36212000011048  338.8351820   20.0300040   22h35m20.44s   20d01m48.01s      2               0    4.344147e-07         133         133         122        17.936            0.008     17.944         17.944   17.949       17.950    0.039       0.039        14804853000820  338.8351800   20.0300250        3621      0   56271.183397200        1358    17.908    21.066     28.054    2.950       3.159           0      131072            0            1    14804853 
   56271.213277200        17.929        0.047        36212000011048  338.8351820   20.0300040   22h35m20.44s   20d01m48.01s      2               0    4.344147e-07         133         133         122        17.936            0.008     17.944         17.944   17.949       17.950    0.039       0.039        14804880000754  338.8351550   20.0300130        3621      0   56271.213387200        1358    17.901    20.852     28.019    3.250       3.539           0      131072            0            1    14804880 
   56257.093607200        17.981        0.038        36212000011048  338.8351820   20.0300040   22h35m20.44s   20d01m48.01s      2               0    4.344147e-07         133         133         122        17.936            0.008     17.944         17.944   17.949       17.950    0.039       0.039        15701485000803  338.8351780   20.0300290        3621      0   56257.095007200        1344    17.978    20.838     28.117    2.450       2.511           0      131072            0            1    15701485 
   56257.124397200        17.906        0.037        36212000011048  338.8351820   20.0300040   22h35m20.44s   20d01m48.01s      2               0    4.344147e-07         133         133         122        17.936            0.008     17.944         17.944   17.949       17.950    0.039       0.039        15701504000792  338.8351700   20.0300190        3621      0   56257.125797200        1344    17.906    20.841     28.117    2.450       2.733           0      131072            0            1    15701504 
