   55783.498447200        16.343        0.032        36212000007192  338.4057120   19.7550900   22h33m37.37s   19d45m18.32s      2               0    7.216941e-07         134         116         104        16.353            0.010     16.347         16.347   16.349       16.351    0.035       0.025        10358368002542  338.4056820   19.7550920        3621      0   55783.502867200         881    16.351    21.515     27.999    2.150       2.256           0      131072            0            1    10358368 
   55783.453967200        16.346        0.032        36212000007192  338.4057120   19.7550900   22h33m37.37s   19d45m18.32s      2               0    7.216941e-07         134         116         104        16.353            0.010     16.347         16.347   16.349       16.351    0.035       0.025        10358399003060  338.4056790   19.7550980        3621      0   55783.458387200         881    16.343    21.966     28.012    1.950       2.149           0      131072            0            1    10358399 
   55794.447477200        16.346        0.127        36212000007192  338.4057120   19.7550900   22h33m37.37s   19d45m18.32s      2               0    7.216941e-07         134         116         104        16.353            0.010     16.347         16.347   16.349       16.351    0.035       0.025        10381071001493  338.4056600   19.7551130        3621      0   55794.452327200         892    16.769    20.841     27.838    2.250       2.264           0      131072            0            1    10381071 
   55794.489907200        16.312        0.128        36212000007192  338.4057120   19.7550900   22h33m37.37s   19d45m18.32s      2               0    7.216941e-07         134         116         104        16.353            0.010     16.347         16.347   16.349       16.351    0.035       0.025        10381094000950  338.4056780   19.7551110        3621      0   55794.494757200         892    17.361    20.591     27.777    1.950       2.177           0      131072            0            1    10381094 
   55822.260997200        16.356        0.028        36212000007192  338.4057120   19.7550900   22h33m37.37s   19d45m18.32s      2               0    7.216941e-07         134         116         104        16.353            0.010     16.347         16.347   16.349       16.351    0.035       0.025        10516264002335  338.4056950   19.7550930        3621      0   55822.266197200         920    16.354    21.403     27.983    1.950       2.067           0      131072            0            1    10516264 
   55822.304817200        16.335        0.028        36212000007192  338.4057120   19.7550900   22h33m37.37s   19d45m18.32s      2               0    7.216941e-07         134         116         104        16.353            0.010     16.347         16.347   16.349       16.351    0.035       0.025        10516476002321  338.4056780   19.7550540        3621      0   55822.310007200         920    16.331    21.366     27.981    1.950       2.588           0      131072            0            1    10516476 
   55471.198477200        16.336        0.033        36212000007192  338.4057120   19.7550900   22h33m37.37s   19d45m18.32s      2               0    7.216941e-07         134         116         104        16.353            0.010     16.347         16.347   16.349       16.351    0.035       0.025        10798350002958  338.4056890   19.7551050        3621      0   55471.203407200         562    16.346    21.859     28.119    1.950       2.278           0      131072            0            1    10798350 
   55471.242217200        16.353        0.033        36212000007192  338.4057120   19.7550900   22h33m37.37s   19d45m18.32s      2               0    7.216941e-07         134         116         104        16.353            0.010     16.347         16.347   16.349       16.351    0.035       0.025        10798372002901  338.4056650   19.7551170        3621      0   55471.247147200         562    16.358    21.848     28.115    1.950       2.457           0      131072            0            1    10798372 
   55483.217697200        16.351        0.028        36212000007192  338.4057120   19.7550900   22h33m37.37s   19d45m18.32s      2               0    7.216941e-07         134         116         104        16.353            0.010     16.347         16.347   16.349       16.351    0.035       0.025        10855529002840  338.4056740   19.7550740        3621      0   55483.222167200         577    16.359    21.794     28.108    1.850       2.911           0      131072            0            1    10855529 
   55483.261397200        16.358        0.028        36212000007192  338.4057120   19.7550900   22h33m37.37s   19d45m18.32s      2               0    7.216941e-07         134         116         104        16.353            0.010     16.347         16.347   16.349       16.351    0.035       0.025        10855539002897  338.4056630   19.7551130        3621      0   55483.265867200         577    16.361    21.803     28.102    2.050       2.268           0      131072            0            1    10855539 
   55442.457187200        16.361        0.026        36212000007192  338.4057120   19.7550900   22h33m37.37s   19d45m18.32s      2               0    7.216941e-07         134         116         104        16.353            0.010     16.347         16.347   16.349       16.351    0.035       0.025        10900445002862  338.4056870   19.7551070        3621      0   55442.462347200         537    16.360    21.792     28.092    1.850       2.228           0      131072            0            1    10900445 
   55442.413457200        16.348        0.026        36212000007192  338.4057120   19.7550900   22h33m37.37s   19d45m18.32s      2               0    7.216941e-07         134         116         104        16.353            0.010     16.347         16.347   16.349       16.351    0.035       0.025        10900528002987  338.4056760   19.7551290        3621      0   55442.418617200         537    16.353    21.906     28.121    1.850       2.311           0      131072            0            1    10900528 
   55446.207007200        16.354        0.037        36212000007192  338.4057120   19.7550900   22h33m37.37s   19d45m18.32s      2               0    7.216941e-07         134         116         104        16.353            0.010     16.347         16.347   16.349       16.351    0.035       0.025        10913417002868  338.4057020   19.7551350        3621      0   55446.212197200         541    16.350    21.779     28.092    2.050       2.257           0      131072            0            1    10913417 
   55446.164227200        16.344        0.037        36212000007192  338.4057120   19.7550900   22h33m37.37s   19d45m18.32s      2               0    7.216941e-07         134         116         104        16.353            0.010     16.347         16.347   16.349       16.351    0.035       0.025        10913592002759  338.4057130   19.7551400        3621      0   55446.169417200         541    16.332    21.593     28.062    2.150       2.345           0      131072            0            1    10913592 
   55452.151187200        16.352        0.024        36212000007192  338.4057120   19.7550900   22h33m37.37s   19d45m18.32s      2               0    7.216941e-07         134         116         104        16.353            0.010     16.347         16.347   16.349       16.351    0.035       0.025        10932699002676  338.4057020   19.7551240        3621      0   55452.156407200         547    16.355    21.503     28.093    2.150       2.311           0      131072            0            1    10932699 
   55452.194607200        16.342        0.024        36212000007192  338.4057120   19.7550900   22h33m37.37s   19d45m18.32s      2               0    7.216941e-07         134         116         104        16.353            0.010     16.347         16.347   16.349       16.351    0.035       0.025        10932780002861  338.4056910   19.7551020        3621      0   55452.199827200         547    16.346    21.745     28.112    1.950       2.497           0      131072            0            1    10932780 
   55467.309767200        16.352        0.053        36212000007192  338.4057120   19.7550900   22h33m37.37s   19d45m18.32s      2               0    7.216941e-07         134         116         104        16.353            0.010     16.347         16.347   16.349       16.351    0.035       0.025        11077814002290  338.4057030   19.7551210        3621      0   55467.314797200         560    16.347    21.278     28.088    2.150       2.339           0      131072            0            1    11077814 
   55468.223777200        16.381        0.186        36212000007192  338.4057120   19.7550900   22h33m37.37s   19d45m18.32s      2               0    7.216941e-07         134         116         104        16.353            0.010     16.347         16.347   16.349       16.351    0.035       0.025        11078381002702  338.4056980   19.7551190        3621      0   55468.228787200         558    16.412    21.600     28.159    2.150       2.317           0      131072            0            1    11078381 
   55416.295877200        16.331        0.192        36212000007192  338.4057120   19.7550900   22h33m37.37s   19d45m18.32s      2               0    7.216941e-07         134         116         104        16.353            0.010     16.347         16.347   16.349       16.351    0.035       0.025        11121826002328  338.4057060   19.7551410        3621      0   55416.300207200         515    16.375    21.230     27.280    2.650       2.819           0      131072            0            1    11121826 
   55416.252257200        16.330        0.192        36212000007192  338.4057120   19.7550900   22h33m37.37s   19d45m18.32s      2               0    7.216941e-07         134         116         104        16.353            0.010     16.347         16.347   16.349       16.351    0.035       0.025        11121984002039  338.4057030   19.7551330        3621      0   55416.256577200         515    16.248    20.806     27.184    3.250       3.448           0      131072            0            1    11121984 
   55425.331937200        16.344        0.038        36212000007192  338.4057120   19.7550900   22h33m37.37s   19d45m18.32s      2               0    7.216941e-07         134         116         104        16.353            0.010     16.347         16.347   16.349       16.351    0.035       0.025        11141519003032  338.4056890   19.7551120        3621      0   55425.336647200         524    16.357    21.877     28.072    2.050       2.630           0      131072            0            1    11141519 
   55425.278827200        16.348        0.038        36212000007192  338.4057120   19.7550900   22h33m37.37s   19d45m18.32s      2               0    7.216941e-07         134         116         104        16.353            0.010     16.347         16.347   16.349       16.351    0.035       0.025        11141565002950  338.4056950   19.7551160        3621      0   55425.283547200         524    16.346    21.876     28.039    1.750       2.724           0      131072            0            1    11141565 
   55422.310597200        16.346        0.027        36212000007192  338.4057120   19.7550900   22h33m37.37s   19d45m18.32s      2               0    7.216941e-07         134         116         104        16.353            0.010     16.347         16.347   16.349       16.351    0.035       0.025        11149618002956  338.4057010   19.7551230        3621      0   55422.315197200         521    16.336    21.835     28.137    2.250       2.369           0      131072            0            1    11149618 
   55422.266247200        16.343        0.027        36212000007192  338.4057120   19.7550900   22h33m37.37s   19d45m18.32s      2               0    7.216941e-07         134         116         104        16.353            0.010     16.347         16.347   16.349       16.351    0.035       0.025        11149681003039  338.4056990   19.7551020        3621      0   55422.270847200         521    16.326    21.805     28.120    2.150       2.424           0      131072            0            1    11149681 
   55428.355107200        16.344        0.027        36212000007192  338.4057120   19.7550900   22h33m37.37s   19d45m18.32s      2               0    7.216941e-07         134         116         104        16.353            0.010     16.347         16.347   16.349       16.351    0.035       0.025        11202561002588  338.4056910   19.7551130        3621      0   55428.359927200         527    16.352    21.460     28.127    2.050       2.486           0      131072            0            1    11202561 
   55428.399067200        16.344        0.027        36212000007192  338.4057120   19.7550900   22h33m37.37s   19d45m18.32s      2               0    7.216941e-07         134         116         104        16.353            0.010     16.347         16.347   16.349       16.351    0.035       0.025        11202641002902  338.4056540   19.7551100        3621      0   55428.403887200         527    16.349    21.717     28.124    2.050       2.288           0      131072            0            1    11202641 
   55436.231767200        16.348        0.035        36212000007192  338.4057120   19.7550900   22h33m37.37s   19d45m18.32s      2               0    7.216941e-07         134         116         104        16.353            0.010     16.347         16.347   16.349       16.351    0.035       0.025        11207922001835  338.4057020   19.7550590        3621      0   55436.236817200         609    16.342    20.685     28.093    2.450       4.847           0      131072            0            1    11207922 
   55436.187177200        16.347        0.035        36212000007192  338.4057120   19.7550900   22h33m37.37s   19d45m18.32s      2               0    7.216941e-07         134         116         104        16.353            0.010     16.347         16.347   16.349       16.351    0.035       0.025        11208052001815  338.4057030   19.7550500        3621      0   55436.192217200         609    16.330    20.770     28.056    2.150       4.537           0      131072            0            1    11208052 
   55439.226647200        16.355        0.027        36212000007192  338.4057120   19.7550900   22h33m37.37s   19d45m18.32s      2               0    7.216941e-07         134         116         104        16.353            0.010     16.347         16.347   16.349       16.351    0.035       0.025        11225296002657  338.4056940   19.7551330        3621      0   55439.231747200         534    16.350    21.545     28.103    2.150       2.483           0      131072            0            1    11225296 
   55439.183237200        16.365        0.027        36212000007192  338.4057120   19.7550900   22h33m37.37s   19d45m18.32s      2               0    7.216941e-07         134         116         104        16.353            0.010     16.347         16.347   16.349       16.351    0.035       0.025        11225344002681  338.4057050   19.7551450        3621      0   55439.188347200         534    16.358    21.520     28.066    2.250       2.379           0      131072            0            1    11225344 
   55384.474387200        16.346        0.024        36212000007192  338.4057120   19.7550900   22h33m37.37s   19d45m18.32s      2               0    7.216941e-07         134         116         104        16.353            0.010     16.347         16.347   16.349       16.351    0.035       0.025        11236401002911  338.4056990   19.7551070        3621      0   55384.476637200         483    16.360    21.870     28.149    2.050       2.774           0      131072            0            1    11236401 
   55382.487507200        16.336        0.026        36212000007192  338.4057120   19.7550900   22h33m37.37s   19d45m18.32s      2               0    7.216941e-07         134         116         104        16.353            0.010     16.347         16.347   16.349       16.351    0.035       0.025        11241303001864  338.4057010   19.7550640        3621      0   55382.489607200         481    16.348    20.857     28.128    2.250       6.158           0    12713984            0            1    11241303 
   55419.313297200        16.362        0.263        36212000007192  338.4057120   19.7550900   22h33m37.37s   19d45m18.32s      2               0    7.216941e-07         134         116         104        16.353            0.010     16.347         16.347   16.349       16.351    0.035       0.025        11395345002368  338.4057110   19.7551280        3621      0   55419.317767200         518    16.137    21.081     27.108    2.350       2.368           0      131072            0            1    11395345 
   55419.269177200        16.350        0.263        36212000007192  338.4057120   19.7550900   22h33m37.37s   19d45m18.32s      2               0    7.216941e-07         134         116         104        16.353            0.010     16.347         16.347   16.349       16.351    0.035       0.025        11395359002069  338.4057130   19.7551370        3621      0   55419.273637200         518    16.442    21.124     27.137    2.350       2.487           0      131072            0            1    11395359 
   55377.472567200        16.333        0.027        36212000007192  338.4057120   19.7550900   22h33m37.37s   19d45m18.32s      2               0    7.216941e-07         134         116         104        16.353            0.010     16.347         16.347   16.349       16.351    0.035       0.025        11430742002013  338.4056820   19.7551080        3621      0   55377.474257200         476    16.321    21.004     28.116    2.050       4.487           0      131072            0            1    11430742 
   55138.198277200        16.325        0.042        36212000007192  338.4057120   19.7550900   22h33m37.37s   19d45m18.32s      2               0    7.216941e-07         134         116         104        16.353            0.010     16.347         16.347   16.349       16.351    0.035       0.025        11790016001791  338.4057240   19.7550760        3621      0   55138.201547200         245    16.314    20.745     28.156    2.250       6.533           0    12713984            0            1    11790016 
   55142.185567200        16.362        0.028        36212000007192  338.4057120   19.7550900   22h33m37.37s   19d45m18.32s      2               0    7.216941e-07         134         116         104        16.353            0.010     16.347         16.347   16.349       16.351    0.035       0.025        11794302002626  338.4056950   19.7551130        3621      0   55142.188547200         282    16.356    21.521     28.187    2.350       2.862           0      131072            0            1    11794302 
   55049.420247200        16.358        0.029        36212000007192  338.4057120   19.7550900   22h33m37.37s   19d45m18.32s      2               0    7.216941e-07         134         116         104        16.353            0.010     16.347         16.347   16.349       16.351    0.035       0.025        11863040001564  338.4057160   19.7551660        3621      0   55049.424487200         163    16.355    20.372     27.747    2.150       4.529           0      131072            0            1    11863040 
   55054.396427200        16.332        0.055        36212000007192  338.4057120   19.7550900   22h33m37.37s   19d45m18.32s      2               0    7.216941e-07         134         116         104        16.353            0.010     16.347         16.347   16.349       16.351    0.035       0.025        11869759001834  338.4056910   19.7550910        3621      0   55054.400907200         168    16.349    20.745     27.727    2.150       3.792           0      131072            0            1    11869759 
   55054.293487200        16.344        0.055        36212000007192  338.4057120   19.7550900   22h33m37.37s   19d45m18.32s      2               0    7.216941e-07         134         116         104        16.353            0.010     16.347         16.347   16.349       16.351    0.035       0.025        11869766001888  338.4057230   19.7551110        3621      0   55054.297957200         168    16.299    20.793     27.655    1.850       6.021           0    12713984            0            1    11869766 
   55067.169837200        16.376        0.038        36212000007192  338.4057120   19.7550900   22h33m37.37s   19d45m18.32s      2               0    7.216941e-07         134         116         104        16.353            0.010     16.347         16.347   16.349       16.351    0.035       0.025        11881953002532  338.4057250   19.7551500        3621      0   55067.174787200         181    16.367    21.327     27.673    2.250       2.473           0      131072            0            1    11881953 
   55066.365707200        16.350        0.027        36212000007192  338.4057120   19.7550900   22h33m37.37s   19d45m18.32s      2               0    7.216941e-07         134         116         104        16.353            0.010     16.347         16.347   16.349       16.351    0.035       0.025        11884006003121  338.4056990   19.7551250        3621      0   55066.370627200         180    16.349    21.845     27.709    1.850       2.707           0      131072            0            1    11884006 
   55062.266077200        16.359        0.026        36212000007192  338.4057120   19.7550900   22h33m37.37s   19d45m18.32s      2               0    7.216941e-07         134         116         104        16.353            0.010     16.347         16.347   16.349       16.351    0.035       0.025        11891090002411  338.4057170   19.7551610        3621      0   55062.270867200         176    16.360    21.288     27.716    2.950       2.992           0      131072            0            1    11891090 
   55062.351017200        16.346        0.026        36212000007192  338.4057120   19.7550900   22h33m37.37s   19d45m18.32s      2               0    7.216941e-07         134         116         104        16.353            0.010     16.347         16.347   16.349       16.351    0.035       0.025        11891193002917  338.4057040   19.7551090        3621      0   55062.355817200         176    16.342    21.584     27.741    2.650       3.005           0    46268416            0            1    11891193 
   55059.364887200        16.336        0.025        36212000007192  338.4057120   19.7550900   22h33m37.37s   19d45m18.32s      2               0    7.216941e-07         134         116         104        16.353            0.010     16.347         16.347   16.349       16.351    0.035       0.025        11897134002929  338.4057070   19.7551210        3621      0   55059.369567200         173    16.348    21.764     27.784    2.150       2.707           0      131072            0            1    11897134 
   55059.285797200        16.339        0.025        36212000007192  338.4057120   19.7550900   22h33m37.37s   19d45m18.32s      2               0    7.216941e-07         134         116         104        16.353            0.010     16.347         16.347   16.349       16.351    0.035       0.025        11897178003023  338.4057180   19.7551110        3621      0   55059.290487200         173    16.339    21.765     27.766    2.050       4.571           0      131072            0            1    11897178 
   55018.370627200        16.336        0.037        36212000007192  338.4057120   19.7550900   22h33m37.37s   19d45m18.32s      2               0    7.216941e-07         134         116         104        16.353            0.010     16.347         16.347   16.349       16.351    0.035       0.025        11903650002078  338.4057270   19.7550620        3621      0   55018.372807200         132    16.300    20.765     27.672    2.150       5.554           0      131072            0            1    11903650 
   55018.305807200        16.355        0.037        36212000007192  338.4057120   19.7550900   22h33m37.37s   19d45m18.32s      2               0    7.216941e-07         134         116         104        16.353            0.010     16.347         16.347   16.349       16.351    0.035       0.025        11903678001773  338.4057400   19.7550980        3621      0   55018.307987200         132    16.307    20.372     27.610    2.450       6.755           0    12713984            0            1    11903678 
   55087.301307200        16.341        0.023        36212000007192  338.4057120   19.7550900   22h33m37.37s   19d45m18.32s      2               0    7.216941e-07         134         116         104        16.353            0.010     16.347         16.347   16.349       16.351    0.035       0.025        11918732002951  338.4057190   19.7551240        3621      0   55087.306527200         199    16.343    21.721     27.765    2.250       2.467           0      131072            0            1    11918732 
   55087.345997200        16.322        0.023        36212000007192  338.4057120   19.7550900   22h33m37.37s   19d45m18.32s      2               0    7.216941e-07         134         116         104        16.353            0.010     16.347         16.347   16.349       16.351    0.035       0.025        11918736002742  338.4057150   19.7550930        3621      0   55087.351217200         199    16.329    21.681     27.761    2.150       5.072           0      131072            0            1    11918736 
   55044.415047200        16.336        0.025        36212000007192  338.4057120   19.7550900   22h33m37.37s   19d45m18.32s      2               0    7.216941e-07         134         116         104        16.353            0.010     16.347         16.347   16.349       16.351    0.035       0.025        11933597003219  338.4057180   19.7551370        3621      0   55044.419017200         158    16.338    21.826     27.765    2.150       2.147           0      131072            0            1    11933597 
   55044.461787200        16.336        0.025        36212000007192  338.4057120   19.7550900   22h33m37.37s   19d45m18.32s      2               0    7.216941e-07         134         116         104        16.353            0.010     16.347         16.347   16.349       16.351    0.035       0.025        11933598003157  338.4057180   19.7550920        3621      0   55044.465757200         158    16.341    21.885     27.764    2.050       4.300           0      131072            0            1    11933598 
   55030.408307200        16.094        0.210        36212000007192  338.4057120   19.7550900   22h33m37.37s   19d45m18.32s      2               0    7.216941e-07         134         116         104        16.353            0.010     16.347         16.347   16.349       16.351    0.035       0.025        11958904000386  338.4057740   19.7550820        3621      0   55030.411397200         144    20.085    21.287     27.649    1.850       3.146           0      131072            0            1    11958904 
   55030.440717200        16.331        0.164        36212000007192  338.4057120   19.7550900   22h33m37.37s   19d45m18.32s      2               0    7.216941e-07         134         116         104        16.353            0.010     16.347         16.347   16.349       16.351    0.035       0.025        11958945002968  338.4056810   19.7551410        3621      0   55030.443797200         144    16.259    21.683     27.616    1.850       2.660           0      131072            0            1    11958945 
   55039.235987200        16.351        0.027        36212000007192  338.4057120   19.7550900   22h33m37.37s   19d45m18.32s      2               0    7.216941e-07         134         116         104        16.353            0.010     16.347         16.347   16.349       16.351    0.035       0.025        11989943002232  338.4057210   19.7551560        3621      0   55039.239647200         153    16.323    20.983     27.543    2.650       2.764           0      131072            0            1    11989943 
   55038.368947200        16.328        0.026        36212000007192  338.4057120   19.7550900   22h33m37.37s   19d45m18.32s      2               0    7.216941e-07         134         116         104        16.353            0.010     16.347         16.347   16.349       16.351    0.035       0.025        11998973003107  338.4057050   19.7551250        3621      0   55038.372557200         152    16.327    21.898     27.681    1.750       4.497           0      131072            0            1    11998973 
   55006.459877200        16.332        0.030        36212000007192  338.4057120   19.7550900   22h33m37.37s   19d45m18.32s      2               0    7.216941e-07         134         116         104        16.353            0.010     16.347         16.347   16.349       16.351    0.035       0.025        12024669003092  338.4056930   19.7551090        3621      0   55006.461077200         114    16.312    21.669     27.682    2.050       4.881           0      131072            0            1    12024669 
   55006.390067200        16.357        0.030        36212000007192  338.4057120   19.7550900   22h33m37.37s   19d45m18.32s      2               0    7.216941e-07         134         116         104        16.353            0.010     16.347         16.347   16.349       16.351    0.035       0.025        12024699002841  338.4056910   19.7551390        3621      0   55006.391267200         114    16.334    21.359     27.660    2.550       2.802           0      131072            0            1    12024699 
   55009.355627200        16.344        0.034        36212000007192  338.4057120   19.7550900   22h33m37.37s   19d45m18.32s      2               0    7.216941e-07         134         116         104        16.353            0.010     16.347         16.347   16.349       16.351    0.035       0.025        12043793002773  338.4057170   19.7551550        3621      0   55009.357077200         124    16.309    21.275     27.618    2.850       2.971           0      131072            0            1    12043793 
   55050.367527200        16.397        0.028        36212000007192  338.4057120   19.7550900   22h33m37.37s   19d45m18.32s      2               0    7.216941e-07         134         116         104        16.353            0.010     16.347         16.347   16.349       16.351    0.035       0.025        12070310001424  338.4057160   19.7551190        3621      0   55050.371817200         164    16.394    20.011     27.753    2.950       4.830           0      131072            0            1    12070310 
   55050.190447200        16.432        0.033        36212000007192  338.4057120   19.7550900   22h33m37.37s   19d45m18.32s      2               0    7.216941e-07         134         116         104        16.353            0.010     16.347         16.347   16.349       16.351    0.035       0.025        12070396000977  338.4057180   19.7551410        3621      0   55050.194737200         164    16.432    19.285     27.601    3.950       5.141           0      131072            0            1    12070396 
   55050.415797200        16.336        0.029        36212000007192  338.4057120   19.7550900   22h33m37.37s   19d45m18.32s      2               0    7.216941e-07         134         116         104        16.353            0.010     16.347         16.347   16.349       16.351    0.035       0.025        12070437001345  338.4057370   19.7551320        3621      0   55050.420087200         164    16.338    20.021     27.750    2.750       4.615           0    46268416            0            1    12070437 
   55458.186147200        16.350        0.026        36212000007192  338.4057120   19.7550900   22h33m37.37s   19d45m18.32s      2               0    7.216941e-07         134         116         104        16.353            0.010     16.347         16.347   16.349       16.351    0.035       0.025        12794888002189  338.4057230   19.7550710        3621      0   55458.191337200         553    16.359    21.243     28.123    1.950       3.130           0      131072            0            1    12794888 
   55458.229437200        16.347        0.026        36212000007192  338.4057120   19.7550900   22h33m37.37s   19d45m18.32s      2               0    7.216941e-07         134         116         104        16.353            0.010     16.347         16.347   16.349       16.351    0.035       0.025        12794951002034  338.4057080   19.7551150        3621      0   55458.234617200         553    16.361    21.049     28.125    2.450       2.645           0      131072            0            1    12794951 
   55480.117357200        16.355        0.026        36212000007192  338.4057120   19.7550900   22h33m37.37s   19d45m18.32s      2               0    7.216941e-07         134         116         104        16.353            0.010     16.347         16.347   16.349       16.351    0.035       0.025        12807175002703  338.4056970   19.7551070        3621      0   55480.121967200         574    16.365    21.546     28.072    2.150       2.394           0      131072            0            1    12807175 
   55480.160357200        16.356        0.026        36212000007192  338.4057120   19.7550900   22h33m37.37s   19d45m18.32s      2               0    7.216941e-07         134         116         104        16.353            0.010     16.347         16.347   16.349       16.351    0.035       0.025        12807293002899  338.4057090   19.7550550        3621      0   55480.164967200         574    16.368    21.817     28.097    1.750       2.952           0      131072            0            1    12807293 
   55499.126077200        16.355        0.116        36212000007192  338.4057120   19.7550900   22h33m37.37s   19d45m18.32s      2               0    7.216941e-07         134         116         104        16.353            0.010     16.347         16.347   16.349       16.351    0.035       0.025        12934521002602  338.4056990   19.7551000        3621      0   55499.129647200         594    16.324    21.482     28.078    2.250       2.394           0      131072            0            1    12934521 
   55499.169697200        16.352        0.116        36212000007192  338.4057120   19.7550900   22h33m37.37s   19d45m18.32s      2               0    7.216941e-07         134         116         104        16.353            0.010     16.347         16.347   16.349       16.351    0.035       0.025        12934633002615  338.4057080   19.7550990        3621      0   55499.173267200         594    16.315    21.516     28.071    2.250       2.595           0      131072            0            1    12934633 
   56202.127567200        16.308        0.028        36212000007192  338.4057120   19.7550900   22h33m37.37s   19d45m18.32s      2               0    7.216941e-07         134         116         104        16.353            0.010     16.347         16.347   16.349       16.351    0.035       0.025        14272771001773  338.4056780   19.7550090        3621      0   56202.132487200        1299    16.323    20.717     28.099    2.350       5.392           0    12713984            0            1    14272771 
   56202.156757200        16.337        0.028        36212000007192  338.4057120   19.7550900   22h33m37.37s   19d45m18.32s      2               0    7.216941e-07         134         116         104        16.353            0.010     16.347         16.347   16.349       16.351    0.035       0.025        14272788001807  338.4056900   19.7550130        3621      0   56202.161677200        1299    16.354    20.835     28.111    2.050       6.498           0    12713984            0            1    14272788 
   56202.186317200        16.315        0.028        36212000007192  338.4057120   19.7550900   22h33m37.37s   19d45m18.32s      2               0    7.216941e-07         134         116         104        16.353            0.010     16.347         16.347   16.349       16.351    0.035       0.025        14272804001838  338.4056820   19.7550440        3621      0   56202.191237200        1299    16.319    20.911     28.119    2.050       5.795           0    12713984            0            1    14272804 
   56204.116247200        16.362        0.385        36212000007192  338.4057120   19.7550900   22h33m37.37s   19d45m18.32s      2               0    7.216941e-07         134         116         104        16.353            0.010     16.347         16.347   16.349       16.351    0.035       0.025        14313888001526  338.4056910   19.7550730        3621      0   56204.121107200        1301    16.700    20.828     27.733    2.250       2.359           0      131072            0            1    14313888 
   56204.146757200        16.335        0.385        36212000007192  338.4057120   19.7550900   22h33m37.37s   19d45m18.32s      2               0    7.216941e-07         134         116         104        16.353            0.010     16.347         16.347   16.349       16.351    0.035       0.025        14313905001920  338.4057030   19.7550650        3621      0   56204.151617200        1301    16.428    21.101     27.764    2.050       2.242           0      131072            0            1    14313905 
   56204.177387200        16.461        0.385        36212000007192  338.4057120   19.7550900   22h33m37.37s   19d45m18.32s      2               0    7.216941e-07         134         116         104        16.353            0.010     16.347         16.347   16.349       16.351    0.035       0.025        14313931001037  338.4056880   19.7550900        3621      0   56204.182237200        1301    17.008    20.284     27.753    2.150       3.840           0      131072            0            1    14313931 
   56206.117187200        16.336        0.103        36212000007192  338.4057120   19.7550900   22h33m37.37s   19d45m18.32s      2               0    7.216941e-07         134         116         104        16.353            0.010     16.347         16.347   16.349       16.351    0.035       0.025        14340028002764  338.4056980   19.7550380        3621      0   56206.121977200        1303    16.384    21.732     28.178    1.950       2.956           0      131072            0            1    14340028 
   56206.152727200        16.351        0.103        36212000007192  338.4057120   19.7550900   22h33m37.37s   19d45m18.32s      2               0    7.216941e-07         134         116         104        16.353            0.010     16.347         16.347   16.349       16.351    0.035       0.025        14340053002645  338.4056920   19.7550580        3621      0   56206.157517200        1303    16.393    21.643     28.178    2.350       2.632           0      131072            0            1    14340053 
   56206.183057200        16.342        0.103        36212000007192  338.4057120   19.7550900   22h33m37.37s   19d45m18.32s      2               0    7.216941e-07         134         116         104        16.353            0.010     16.347         16.347   16.349       16.351    0.035       0.025        14340077002888  338.4056810   19.7550470        3621      0   56206.187837200        1303    16.358    21.754     28.164    2.150       2.809           0      131072            0            1    14340077 
   56224.192577200        16.355        0.067        36212000007192  338.4057120   19.7550900   22h33m37.37s   19d45m18.32s      2               0    7.216941e-07         134         116         104        16.353            0.010     16.347         16.347   16.349       16.351    0.035       0.025        14398656001712  338.4057090   19.7549970        3621      0   56224.196497200        1311    16.322    20.642     28.108    2.750       6.102           0      131072            0            1    14398656 
   56228.218817200        16.356        0.026        36212000007192  338.4057120   19.7550900   22h33m37.37s   19d45m18.32s      2               0    7.216941e-07         134         116         104        16.353            0.010     16.347         16.347   16.349       16.351    0.035       0.025        14450772001652  338.4057100   19.7549780        3621      0   56228.222487200        1315    16.352    20.628     28.132    2.450       6.869           0    12713984            0            1    14450772 
   56230.253957200        16.377        0.026        36212000007192  338.4057120   19.7550900   22h33m37.37s   19d45m18.32s      2               0    7.216941e-07         134         116         104        16.353            0.010     16.347         16.347   16.349       16.351    0.035       0.025        14487133001662  338.4056960   19.7551000        3621      0   56230.257487200        1317    16.370    20.616     28.104    2.150       4.803           0      131072            0            1    14487133 
   56234.218927200        16.361        0.047        36212000007192  338.4057120   19.7550900   22h33m37.37s   19d45m18.32s      2               0    7.216941e-07         134         116         104        16.353            0.010     16.347         16.347   16.349       16.351    0.035       0.025        14497225002244  338.4056670   19.7550290        3621      0   56234.222177200        1321    16.336    21.200     28.123    2.350       3.613           0      131072            0            1    14497225 
   56234.248747200        16.362        0.047        36212000007192  338.4057120   19.7550900   22h33m37.37s   19d45m18.32s      2               0    7.216941e-07         134         116         104        16.353            0.010     16.347         16.347   16.349       16.351    0.035       0.025        14497249002180  338.4056960   19.7550280        3621      0   56234.252007200        1321    16.335    21.169     28.107    2.250       3.167           0      131072            0            1    14497249 
   56236.150467200        16.347        0.027        36212000007192  338.4057120   19.7550900   22h33m37.37s   19d45m18.32s      2               0    7.216941e-07         134         116         104        16.353            0.010     16.347         16.347   16.349       16.351    0.035       0.025        14528692002518  338.4056930   19.7550620        3621      0   56236.153577200        1323    16.357    21.505     28.158    2.450       3.119           0      131072            0            1    14528692 
   56238.096297200        16.342        0.025        36212000007192  338.4057120   19.7550900   22h33m37.37s   19d45m18.32s      2               0    7.216941e-07         134         116         104        16.353            0.010     16.347         16.347   16.349       16.351    0.035       0.025        14570740002674  338.4056860   19.7550490        3621      0   56238.099267200        1325    16.351    21.660     28.156    1.950       4.260           0      131072            0            1    14570740 
   56238.125907200        16.338        0.025        36212000007192  338.4057120   19.7550900   22h33m37.37s   19d45m18.32s      2               0    7.216941e-07         134         116         104        16.353            0.010     16.347         16.347   16.349       16.351    0.035       0.025        14570773002662  338.4056900   19.7550490        3621      0   56238.128867200        1325    16.349    21.648     28.161    2.050       4.414           0      131072            0            1    14570773 
   56232.252567200        16.327        0.070        36212000007192  338.4057120   19.7550900   22h33m37.37s   19d45m18.32s      2               0    7.216941e-07         134         116         104        16.353            0.010     16.347         16.347   16.349       16.351    0.035       0.025        14645258001928  338.4056890   19.7549950        3621      0   56232.255957200        1319    16.307    20.853     28.085    2.350       4.772           0      131072            0            1    14645258 
   56232.298947200        16.434        0.071        36212000007192  338.4057120   19.7550900   22h33m37.37s   19d45m18.32s      2               0    7.216941e-07         134         116         104        16.353            0.010     16.347         16.347   16.349       16.351    0.035       0.025        14645286001606  338.4056800   19.7550260        3621      0   56232.302337200        1319    16.512    20.754     28.065    1.950      10.436           0      131072            0            1    14645286 
   56251.089337200        16.339        0.025        36212000007192  338.4057120   19.7550900   22h33m37.37s   19d45m18.32s      2               0    7.216941e-07         134         116         104        16.353            0.010     16.347         16.347   16.349       16.351    0.035       0.025        14655498002397  338.4056900   19.7550420        3621      0   56251.091257200        1338    16.349    21.457     28.164    1.950       4.316           0      131072            0            1    14655498 
   56251.119187200        16.333        0.025        36212000007192  338.4057120   19.7550900   22h33m37.37s   19d45m18.32s      2               0    7.216941e-07         134         116         104        16.353            0.010     16.347         16.347   16.349       16.351    0.035       0.025        14655512002298  338.4057030   19.7550260        3621      0   56251.121107200        1338    16.348    21.342     28.163    2.150       3.984           0      131072            0            1    14655512 
   56255.090207200        16.337        0.027        36212000007192  338.4057120   19.7550900   22h33m37.37s   19d45m18.32s      2               0    7.216941e-07         134         116         104        16.353            0.010     16.347         16.347   16.349       16.351    0.035       0.025        14695418001896  338.4057370   19.7550000        3621      0   56255.091787200        1342    16.322    20.777     28.144    2.750       6.442           0    12713984            0            1    14695418 
   56255.119607200        16.327        0.027        36212000007192  338.4057120   19.7550900   22h33m37.37s   19d45m18.32s      2               0    7.216941e-07         134         116         104        16.353            0.010     16.347         16.347   16.349       16.351    0.035       0.025        14695448001889  338.4057070   19.7550070        3621      0   56255.121177200        1342    16.318    20.796     28.148    2.750       6.061           0      131072            0            1    14695448 
   56256.084107200        16.329        0.026        36212000007192  338.4057120   19.7550900   22h33m37.37s   19d45m18.32s      2               0    7.216941e-07         134         116         104        16.353            0.010     16.347         16.347   16.349       16.351    0.035       0.025        14706433001912  338.4057120   19.7550210        3621      0   56256.085597200        1343    16.324    20.949     28.137    2.150       6.339           0    12713984            0            1    14706433 
   56256.114667200        16.335        0.026        36212000007192  338.4057120   19.7550900   22h33m37.37s   19d45m18.32s      2               0    7.216941e-07         134         116         104        16.353            0.010     16.347         16.347   16.349       16.351    0.035       0.025        14706452001902  338.4057070   19.7550210        3621      0   56256.116147200        1343    16.335    20.858     28.139    2.350       6.072           0    12713984            0            1    14706452 
   56258.118807200        16.334        0.127        36212000007192  338.4057120   19.7550900   22h33m37.37s   19d45m18.32s      2               0    7.216941e-07         134         116         104        16.353            0.010     16.347         16.347   16.349       16.351    0.035       0.025        14723744001890  338.4056960   19.7549920        3621      0   56258.120117200        1345    16.216    20.760     28.029    2.250       5.624           0      131072            0            1    14723744 
   56258.089417200        16.453        0.129        36212000007192  338.4057120   19.7550900   22h33m37.37s   19d45m18.32s      2               0    7.216941e-07         134         116         104        16.353            0.010     16.347         16.347   16.349       16.351    0.035       0.025        14723756001094  338.4057020   19.7550850        3621      0   56258.090727200        1345    16.766    20.114     28.004    2.250       4.162           0      131072            0            1    14723756 
   56266.143577200        16.351        0.204        36212000007192  338.4057120   19.7550900   22h33m37.37s   19d45m18.32s      2               0    7.216941e-07         134         116         104        16.353            0.010     16.347         16.347   16.349       16.351    0.035       0.025        14745503001682  338.4056790   19.7550350        3621      0   56266.144157200        1353    16.668    21.122     27.934    1.950       2.796           0      131072            0            1    14745503 
   56266.172857200        16.340        0.204        36212000007192  338.4057120   19.7550900   22h33m37.37s   19d45m18.32s      2               0    7.216941e-07         134         116         104        16.353            0.010     16.347         16.347   16.349       16.351    0.035       0.025        14745517001706  338.4056840   19.7550370        3621      0   56266.173437200        1353    16.637    20.995     27.940    2.250       2.565           0      131072            0            1    14745517 
   56271.183287200        16.345        0.041        36212000007192  338.4057120   19.7550900   22h33m37.37s   19d45m18.32s      2               0    7.216941e-07         134         116         104        16.353            0.010     16.347         16.347   16.349       16.351    0.035       0.025        14804853002008  338.4056940   19.7550860        3621      0   56271.183397200        1358    16.333    21.066     28.068    2.950       2.983           0      131072            0            1    14804853 
   56271.213277200        16.367        0.041        36212000007192  338.4057120   19.7550900   22h33m37.37s   19d45m18.32s      2               0    7.216941e-07         134         116         104        16.353            0.010     16.347         16.347   16.349       16.351    0.035       0.025        14804880001819  338.4056740   19.7550830        3621      0   56271.213387200        1358    16.339    20.852     28.034    3.250       3.372           0      131072            0            1    14804880 
   56257.093607200        16.317        0.027        36212000007192  338.4057120   19.7550900   22h33m37.37s   19d45m18.32s      2               0    7.216941e-07         134         116         104        16.353            0.010     16.347         16.347   16.349       16.351    0.035       0.025        15701485001895  338.4056880   19.7550180        3621      0   56257.095007200        1344    16.314    20.838     28.139    2.450       5.757           0      131072            0            1    15701485 
   56257.124397200        16.353        0.027        36212000007192  338.4057120   19.7550900   22h33m37.37s   19d45m18.32s      2               0    7.216941e-07         134         116         104        16.353            0.010     16.347         16.347   16.349       16.351    0.035       0.025        15701504001844  338.4056940   19.7550060        3621      0   56257.125797200        1344    16.352    20.841     28.139    2.450       5.935           0      131072            0            1    15701504 
