   55783.498447200        16.421        0.032        36212000006816  338.5525930   19.7231940   22h34m12.62s   19d43m23.50s      2               0    3.680865e-07         134         134         122        16.420            0.007     16.424         16.424   16.424       16.424    0.012       0.011        10358368002735  338.5525920   19.7232300        3621      0   55783.502867200         881    16.429    21.515     27.988    2.150       2.221           0      131072            0            1    10358368 
   55783.453967200        16.425        0.032        36212000006816  338.5525930   19.7231940   22h34m12.62s   19d43m23.50s      2               0    3.680865e-07         134         134         122        16.420            0.007     16.424         16.424   16.424       16.424    0.012       0.011        10358399003293  338.5525970   19.7232260        3621      0   55783.458387200         881    16.422    21.966     28.002    1.950       2.079           0      131072            0            1    10358399 
   55794.447477200        16.439        0.127        36212000006816  338.5525930   19.7231940   22h34m12.62s   19d43m23.50s      2               0    3.680865e-07         134         134         122        16.420            0.007     16.424         16.424   16.424       16.424    0.012       0.011        10381071001598  338.5525810   19.7232260        3621      0   55794.452327200         892    16.862    20.841     27.830    2.250       2.305           0      131072            0            1    10381071 
   55822.260997200        16.423        0.028        36212000006816  338.5525930   19.7231940   22h34m12.62s   19d43m23.50s      2               0    3.680865e-07         134         134         122        16.420            0.007     16.424         16.424   16.424       16.424    0.012       0.011        10516264002512  338.5525910   19.7232090        3621      0   55822.266197200         920    16.421    21.403     27.980    1.950       2.064           0      131072            0            1    10516264 
   55822.304817200        16.426        0.028        36212000006816  338.5525930   19.7231940   22h34m12.62s   19d43m23.50s      2               0    3.680865e-07         134         134         122        16.420            0.007     16.424         16.424   16.424       16.424    0.012       0.011        10516476002496  338.5526010   19.7232030        3621      0   55822.310007200         920    16.422    21.366     27.978    1.950       1.999           0      131072            0            1    10516476 
   55471.198477200        16.422        0.033        36212000006816  338.5525930   19.7231940   22h34m12.62s   19d43m23.50s      2               0    3.680865e-07         134         134         122        16.420            0.007     16.424         16.424   16.424       16.424    0.012       0.011        10798350003186  338.5525700   19.7232440        3621      0   55471.203407200         562    16.431    21.859     28.105    1.950       2.063           0      131072            0            1    10798350 
   55471.242217200        16.417        0.033        36212000006816  338.5525930   19.7231940   22h34m12.62s   19d43m23.50s      2               0    3.680865e-07         134         134         122        16.420            0.007     16.424         16.424   16.424       16.424    0.012       0.011        10798372003120  338.5525410   19.7232340        3621      0   55471.247147200         562    16.422    21.848     28.101    1.950       1.951           0      131072            0            1    10798372 
   55483.217697200        16.417        0.028        36212000006816  338.5525930   19.7231940   22h34m12.62s   19d43m23.50s      2               0    3.680865e-07         134         134         122        16.420            0.007     16.424         16.424   16.424       16.424    0.012       0.011        10855529003049  338.5525660   19.7232440        3621      0   55483.222167200         577    16.425    21.794     28.096    1.850       2.039           0      131072            0            1    10855529 
   55483.261397200        16.434        0.028        36212000006816  338.5525930   19.7231940   22h34m12.62s   19d43m23.50s      2               0    3.680865e-07         134         134         122        16.420            0.007     16.424         16.424   16.424       16.424    0.012       0.011        10855539003112  338.5525550   19.7232230        3621      0   55483.265867200         577    16.437    21.803     28.090    2.050       2.183           0      131072            0            1    10855539 
   55442.457187200        16.422        0.026        36212000006816  338.5525930   19.7231940   22h34m12.62s   19d43m23.50s      2               0    3.680865e-07         134         134         122        16.420            0.007     16.424         16.424   16.424       16.424    0.012       0.011        10900445003079  338.5525710   19.7232300        3621      0   55442.462347200         537    16.420    21.792     28.080    1.850       1.978           0      131072            0            1    10900445 
   55442.413457200        16.430        0.026        36212000006816  338.5525930   19.7231940   22h34m12.62s   19d43m23.50s      2               0    3.680865e-07         134         134         122        16.420            0.007     16.424         16.424   16.424       16.424    0.012       0.011        10900528003209  338.5525460   19.7232480        3621      0   55442.418617200         537    16.435    21.906     28.109    1.850       1.798           0      131072            0            1    10900528 
   55446.207007200        16.427        0.037        36212000006816  338.5525930   19.7231940   22h34m12.62s   19d43m23.50s      2               0    3.680865e-07         134         134         122        16.420            0.007     16.424         16.424   16.424       16.424    0.012       0.011        10913417003084  338.5525850   19.7232670        3621      0   55446.212197200         541    16.423    21.779     28.074    2.050       2.217           0      131072            0            1    10913417 
   55446.164227200        16.423        0.037        36212000006816  338.5525930   19.7231940   22h34m12.62s   19d43m23.50s      2               0    3.680865e-07         134         134         122        16.420            0.007     16.424         16.424   16.424       16.424    0.012       0.011        10913592002964  338.5525940   19.7232420        3621      0   55446.169417200         541    16.411    21.593     28.044    2.150       2.253           0      131072            0            1    10913592 
   55452.151187200        16.411        0.024        36212000006816  338.5525930   19.7231940   22h34m12.62s   19d43m23.50s      2               0    3.680865e-07         134         134         122        16.420            0.007     16.424         16.424   16.424       16.424    0.012       0.011        10932699002875  338.5525860   19.7232290        3621      0   55452.156407200         547    16.413    21.503     28.083    2.150       2.227           0      131072            0            1    10932699 
   55452.194607200        16.418        0.024        36212000006816  338.5525930   19.7231940   22h34m12.62s   19d43m23.50s      2               0    3.680865e-07         134         134         122        16.420            0.007     16.424         16.424   16.424       16.424    0.012       0.011        10932780003070  338.5525840   19.7232240        3621      0   55452.199827200         547    16.422    21.745     28.102    1.950       2.136           0      131072            0            1    10932780 
   55467.309767200        16.435        0.053        36212000006816  338.5525930   19.7231940   22h34m12.62s   19d43m23.50s      2               0    3.680865e-07         134         134         122        16.420            0.007     16.424         16.424   16.424       16.424    0.012       0.011        11077814002465  338.5525860   19.7232450        3621      0   55467.314797200         560    16.430    21.278     28.075    2.150       2.270           0      131072            0            1    11077814 
   55468.223777200        16.430        0.186        36212000006816  338.5525930   19.7231940   22h34m12.62s   19d43m23.50s      2               0    3.680865e-07         134         134         122        16.420            0.007     16.424         16.424   16.424       16.424    0.012       0.011        11078381002898  338.5525840   19.7232240        3621      0   55468.228787200         558    16.460    21.600     28.136    2.150       2.274           0      131072            0            1    11078381 
   55416.295877200        16.426        0.192        36212000006816  338.5525930   19.7231940   22h34m12.62s   19d43m23.50s      2               0    3.680865e-07         134         134         122        16.420            0.007     16.424         16.424   16.424       16.424    0.012       0.011        11121826002501  338.5526080   19.7232110        3621      0   55416.300207200         515    16.470    21.230     27.271    2.650       2.884           0      131072            0            1    11121826 
   55416.252257200        16.425        0.192        36212000006816  338.5525930   19.7231940   22h34m12.62s   19d43m23.50s      2               0    3.680865e-07         134         134         122        16.420            0.007     16.424         16.424   16.424       16.424    0.012       0.011        11121984002190  338.5525960   19.7232230        3621      0   55416.256577200         515    16.344    20.806     27.176    3.250       3.415           0      131072            0            1    11121984 
   55425.331937200        16.420        0.038        36212000006816  338.5525930   19.7231940   22h34m12.62s   19d43m23.50s      2               0    3.680865e-07         134         134         122        16.420            0.007     16.424         16.424   16.424       16.424    0.012       0.011        11141519003259  338.5525610   19.7232280        3621      0   55425.336647200         524    16.432    21.877     28.059    2.050       2.073           0      131072            0            1    11141519 
   55425.278827200        16.415        0.038        36212000006816  338.5525930   19.7231940   22h34m12.62s   19d43m23.50s      2               0    3.680865e-07         134         134         122        16.420            0.007     16.424         16.424   16.424       16.424    0.012       0.011        11141565003168  338.5525850   19.7232450        3621      0   55425.283547200         524    16.413    21.876     28.027    1.750       1.902           0      131072            0            1    11141565 
   55422.310597200        16.428        0.027        36212000006816  338.5525930   19.7231940   22h34m12.62s   19d43m23.50s      2               0    3.680865e-07         134         134         122        16.420            0.007     16.424         16.424   16.424       16.424    0.012       0.011        11149618003183  338.5525820   19.7232470        3621      0   55422.315197200         521    16.418    21.835     28.122    2.250       2.313           0      131072            0            1    11149618 
   55422.266247200        16.426        0.027        36212000006816  338.5525930   19.7231940   22h34m12.62s   19d43m23.50s      2               0    3.680865e-07         134         134         122        16.420            0.007     16.424         16.424   16.424       16.424    0.012       0.011        11149681003263  338.5526020   19.7232350        3621      0   55422.270847200         521    16.408    21.805     28.105    2.150       2.292           0      131072            0            1    11149681 
   55428.355107200        16.420        0.027        36212000006816  338.5525930   19.7231940   22h34m12.62s   19d43m23.50s      2               0    3.680865e-07         134         134         122        16.420            0.007     16.424         16.424   16.424       16.424    0.012       0.011        11202561002784  338.5525670   19.7232340        3621      0   55428.359927200         527    16.428    21.460     28.120    2.050       2.223           0      131072            0            1    11202561 
   55428.399067200        16.403        0.027        36212000006816  338.5525930   19.7231940   22h34m12.62s   19d43m23.50s      2               0    3.680865e-07         134         134         122        16.420            0.007     16.424         16.424   16.424       16.424    0.012       0.011        11202641003116  338.5525730   19.7232160        3621      0   55428.403887200         527    16.408    21.717     28.118    2.050       2.107           0      131072            0            1    11202641 
   55436.231767200        16.421        0.034        36212000006816  338.5525930   19.7231940   22h34m12.62s   19d43m23.50s      2               0    3.680865e-07         134         134         122        16.420            0.007     16.424         16.424   16.424       16.424    0.012       0.011        11207922001961  338.5525700   19.7232460        3621      0   55436.236817200         609    16.415    20.685     28.090    2.450       2.516           0      131072            0            1    11207922 
   55436.187177200        16.435        0.035        36212000006816  338.5525930   19.7231940   22h34m12.62s   19d43m23.50s      2               0    3.680865e-07         134         134         122        16.420            0.007     16.424         16.424   16.424       16.424    0.012       0.011        11208052001940  338.5525860   19.7232500        3621      0   55436.192217200         609    16.418    20.770     28.052    2.150       2.275           0      131072            0            1    11208052 
   55439.226647200        16.407        0.027        36212000006816  338.5525930   19.7231940   22h34m12.62s   19d43m23.50s      2               0    3.680865e-07         134         134         122        16.420            0.007     16.424         16.424   16.424       16.424    0.012       0.011        11225296002851  338.5525890   19.7232580        3621      0   55439.231747200         534    16.402    21.545     28.089    2.150       2.211           0      131072            0            1    11225296 
   55439.183237200        16.409        0.028        36212000006816  338.5525930   19.7231940   22h34m12.62s   19d43m23.50s      2               0    3.680865e-07         134         134         122        16.420            0.007     16.424         16.424   16.424       16.424    0.012       0.011        11225344002884  338.5525970   19.7232500        3621      0   55439.188347200         534    16.403    21.520     28.052    2.250       2.320           0      131072            0            1    11225344 
   55384.474387200        16.423        0.024        36212000006816  338.5525930   19.7231940   22h34m12.62s   19d43m23.50s      2               0    3.680865e-07         134         134         122        16.420            0.007     16.424         16.424   16.424       16.424    0.012       0.011        11236401003135  338.5525780   19.7232250        3621      0   55384.476637200         483    16.437    21.870     28.141    2.050       2.047           0      131072            0            1    11236401 
   55382.487507200        16.436        0.026        36212000006816  338.5525930   19.7231940   22h34m12.62s   19d43m23.50s      2               0    3.680865e-07         134         134         122        16.420            0.007     16.424         16.424   16.424       16.424    0.012       0.011        11241303002009  338.5525440   19.7232490        3621      0   55382.489607200         481    16.448    20.857     28.121    2.250       2.329           0      131072            0            1    11241303 
   55419.313297200        16.424        0.263        36212000006816  338.5525930   19.7231940   22h34m12.62s   19d43m23.50s      2               0    3.680865e-07         134         134         122        16.420            0.007     16.424         16.424   16.424       16.424    0.012       0.011        11395345002545  338.5525950   19.7232050        3621      0   55419.317767200         518    16.199    21.081     27.089    2.350       2.411           0      131072            0            1    11395345 
   55419.269177200        16.437        0.263        36212000006816  338.5525930   19.7231940   22h34m12.62s   19d43m23.50s      2               0    3.680865e-07         134         134         122        16.420            0.007     16.424         16.424   16.424       16.424    0.012       0.011        11395359002210  338.5525690   19.7232030        3621      0   55419.273637200         518    16.529    21.124     27.118    2.350       2.601           0      131072            0            1    11395359 
   55377.472567200        16.416        0.027        36212000006816  338.5525930   19.7231940   22h34m12.62s   19d43m23.50s      2               0    3.680865e-07         134         134         122        16.420            0.007     16.424         16.424   16.424       16.424    0.012       0.011        11430742002158  338.5525730   19.7232510        3621      0   55377.474257200         476    16.404    21.004     28.110    2.050       2.111           0      131072            0            1    11430742 
   55138.198277200        16.437        0.042        36212000006816  338.5525930   19.7231940   22h34m12.62s   19d43m23.50s      2               0    3.680865e-07         134         134         122        16.420            0.007     16.424         16.424   16.424       16.424    0.012       0.011        11790016001932  338.5525400   19.7232500        3621      0   55138.201547200         245    16.426    20.745     28.162    2.250       2.322           0      131072            0            1    11790016 
   55142.185567200        16.425        0.028        36212000006816  338.5525930   19.7231940   22h34m12.62s   19d43m23.50s      2               0    3.680865e-07         134         134         122        16.420            0.007     16.424         16.424   16.424       16.424    0.012       0.011        11794302002820  338.5525560   19.7232350        3621      0   55142.188547200         282    16.419    21.521     28.181    2.350       2.481           0      131072            0            1    11794302 
   55123.241477200        16.421        0.030        36212000006816  338.5525930   19.7231940   22h34m12.62s   19d43m23.50s      2               0    3.680865e-07         134         134         122        16.420            0.007     16.424         16.424   16.424       16.424    0.012       0.011        11812729002719  338.5525400   19.7232450        3621      0   55123.245687200         232    16.426    21.643     28.186    2.250       2.333           0      131072            0            1    11812729 
   55049.420247200        16.411        0.028        36212000006816  338.5525930   19.7231940   22h34m12.62s   19d43m23.50s      2               0    3.680865e-07         134         134         122        16.420            0.007     16.424         16.424   16.424       16.424    0.012       0.011        11863040001690  338.5525780   19.7232380        3621      0   55049.424487200         163    16.408    20.372     27.746    2.150       2.240           0      131072            0            1    11863040 
   55054.396427200        16.409        0.055        36212000006816  338.5525930   19.7231940   22h34m12.62s   19d43m23.50s      2               0    3.680865e-07         134         134         122        16.420            0.007     16.424         16.424   16.424       16.424    0.012       0.011        11869759001971  338.5525370   19.7232350        3621      0   55054.400907200         168    16.426    20.745     27.721    2.150       2.205           0      131072            0            1    11869759 
   55054.293487200        16.423        0.055        36212000006816  338.5525930   19.7231940   22h34m12.62s   19d43m23.50s      2               0    3.680865e-07         134         134         122        16.420            0.007     16.424         16.424   16.424       16.424    0.012       0.011        11869766002050  338.5525700   19.7232540        3621      0   55054.297957200         168    16.378    20.793     27.650    1.850       1.875           0      131072            0            1    11869766 
   55067.169837200        16.426        0.039        36212000006816  338.5525930   19.7231940   22h34m12.62s   19d43m23.50s      2               0    3.680865e-07         134         134         122        16.420            0.007     16.424         16.424   16.424       16.424    0.012       0.011        11881953002727  338.5525870   19.7232500        3621      0   55067.174787200         181    16.417    21.327     27.664    2.250       2.354           0      131072            0            1    11881953 
   55066.365707200        16.411        0.027        36212000006816  338.5525930   19.7231940   22h34m12.62s   19d43m23.50s      2               0    3.680865e-07         134         134         122        16.420            0.007     16.424         16.424   16.424       16.424    0.012       0.011        11884006003351  338.5525640   19.7232420        3621      0   55066.370627200         180    16.411    21.845     27.698    1.850       1.924           0      131072            0            1    11884006 
   55062.266077200        16.429        0.026        36212000006816  338.5525930   19.7231940   22h34m12.62s   19d43m23.50s      2               0    3.680865e-07         134         134         122        16.420            0.007     16.424         16.424   16.424       16.424    0.012       0.011        11891090002606  338.5525900   19.7232390        3621      0   55062.270867200         176    16.430    21.288     27.704    2.950       3.020           0      131072            0            1    11891090 
   55062.351017200        16.422        0.026        36212000006816  338.5525930   19.7231940   22h34m12.62s   19d43m23.50s      2               0    3.680865e-07         134         134         122        16.420            0.007     16.424         16.424   16.424       16.424    0.012       0.011        11891193003139  338.5525680   19.7232310        3621      0   55062.355817200         176    16.418    21.584     27.727    2.650       2.688           0      131072            0            1    11891193 
   55059.364887200        16.422        0.025        36212000006816  338.5525930   19.7231940   22h34m12.62s   19d43m23.50s      2               0    3.680865e-07         134         134         122        16.420            0.007     16.424         16.424   16.424       16.424    0.012       0.011        11897134003152  338.5525690   19.7232200        3621      0   55059.369567200         173    16.433    21.764     27.773    2.150       2.274           0      131072            0            1    11897134 
   55059.285797200        16.419        0.025        36212000006816  338.5525930   19.7231940   22h34m12.62s   19d43m23.50s      2               0    3.680865e-07         134         134         122        16.420            0.007     16.424         16.424   16.424       16.424    0.012       0.011        11897178003268  338.5525790   19.7232450        3621      0   55059.290487200         173    16.419    21.765     27.757    2.050       2.028           0      131072            0            1    11897178 
   55018.370627200        16.408        0.037        36212000006816  338.5525930   19.7231940   22h34m12.62s   19d43m23.50s      2               0    3.680865e-07         134         134         122        16.420            0.007     16.424         16.424   16.424       16.424    0.012       0.011        11903650002232  338.5525830   19.7232400        3621      0   55018.372807200         132    16.373    20.765     27.664    2.150       2.312           0      131072            0            1    11903650 
   55018.305807200        16.427        0.037        36212000006816  338.5525930   19.7231940   22h34m12.62s   19d43m23.50s      2               0    3.680865e-07         134         134         122        16.420            0.007     16.424         16.424   16.424       16.424    0.012       0.011        11903678001906  338.5525850   19.7232540        3621      0   55018.307987200         132    16.378    20.372     27.603    2.450       2.587           0      131072            0            1    11903678 
   55087.301307200        16.426        0.023        36212000006816  338.5525930   19.7231940   22h34m12.62s   19d43m23.50s      2               0    3.680865e-07         134         134         122        16.420            0.007     16.424         16.424   16.424       16.424    0.012       0.011        11918732003189  338.5525840   19.7232070        3621      0   55087.306527200         199    16.428    21.721     27.759    2.250       2.330           0      131072            0            1    11918732 
   55087.345997200        16.429        0.023        36212000006816  338.5525930   19.7231940   22h34m12.62s   19d43m23.50s      2               0    3.680865e-07         134         134         122        16.420            0.007     16.424         16.424   16.424       16.424    0.012       0.011        11918736002960  338.5525870   19.7232020        3621      0   55087.351217200         199    16.437    21.681     27.755    2.150       2.261           0      131072            0            1    11918736 
   55044.415047200        16.436        0.025        36212000006816  338.5525930   19.7231940   22h34m12.62s   19d43m23.50s      2               0    3.680865e-07         134         134         122        16.420            0.007     16.424         16.424   16.424       16.424    0.012       0.011        11933597003463  338.5525890   19.7232020        3621      0   55044.419017200         158    16.438    21.826     27.753    2.150       2.156           0      131072            0            1    11933597 
   55044.461787200        16.423        0.025        36212000006816  338.5525930   19.7231940   22h34m12.62s   19d43m23.50s      2               0    3.680865e-07         134         134         122        16.420            0.007     16.424         16.424   16.424       16.424    0.012       0.011        11933598003388  338.5525830   19.7231960        3621      0   55044.465757200         158    16.428    21.885     27.752    2.050       2.050           0      131072            0            1    11933598 
   55030.408307200        16.442        0.226        36212000006816  338.5525930   19.7231940   22h34m12.62s   19d43m23.50s      2               0    3.680865e-07         134         134         122        16.420            0.007     16.424         16.424   16.424       16.424    0.012       0.011        11958904000409  338.5525540   19.7231460        3621      0   55030.411397200         144    20.434    21.287     27.642    1.850       3.054           0      131072            0            1    11958904 
   55030.440717200        16.409        0.164        36212000006816  338.5525930   19.7231940   22h34m12.62s   19d43m23.50s      2               0    3.680865e-07         134         134         122        16.420            0.007     16.424         16.424   16.424       16.424    0.012       0.011        11958945003201  338.5525450   19.7232390        3621      0   55030.443797200         144    16.338    21.683     27.606    1.850       1.856           0      131072            0            1    11958945 
   55039.235987200        16.438        0.027        36212000006816  338.5525930   19.7231940   22h34m12.62s   19d43m23.50s      2               0    3.680865e-07         134         134         122        16.420            0.007     16.424         16.424   16.424       16.424    0.012       0.011        11989943002412  338.5525910   19.7232360        3621      0   55039.239647200         153    16.410    20.983     27.536    2.650       2.768           0      131072            0            1    11989943 
   55038.368947200        16.412        0.026        36212000006816  338.5525930   19.7231940   22h34m12.62s   19d43m23.50s      2               0    3.680865e-07         134         134         122        16.420            0.007     16.424         16.424   16.424       16.424    0.012       0.011        11998973003340  338.5525720   19.7232520        3621      0   55038.372557200         152    16.411    21.898     27.672    1.750       1.846           0      131072            0            1    11998973 
   55006.459877200        16.428        0.030        36212000006816  338.5525930   19.7231940   22h34m12.62s   19d43m23.50s      2               0    3.680865e-07         134         134         122        16.420            0.007     16.424         16.424   16.424       16.424    0.012       0.011        12024669003309  338.5525460   19.7232370        3621      0   55006.461077200         114    16.408    21.669     27.667    2.050       2.165           0      131072            0            1    12024669 
   55006.390067200        16.429        0.030        36212000006816  338.5525930   19.7231940   22h34m12.62s   19d43m23.50s      2               0    3.680865e-07         134         134         122        16.420            0.007     16.424         16.424   16.424       16.424    0.012       0.011        12024699003051  338.5525660   19.7232240        3621      0   55006.391267200         114    16.406    21.359     27.648    2.550       2.589           0      131072            0            1    12024699 
   55009.355627200        16.416        0.034        36212000006816  338.5525930   19.7231940   22h34m12.62s   19d43m23.50s      2               0    3.680865e-07         134         134         122        16.420            0.007     16.424         16.424   16.424       16.424    0.012       0.011        12043793002983  338.5525830   19.7232450        3621      0   55009.357077200         124    16.381    21.275     27.608    2.850       2.928           0      131072            0            1    12043793 
   55050.367527200        16.424        0.028        36212000006816  338.5525930   19.7231940   22h34m12.62s   19d43m23.50s      2               0    3.680865e-07         134         134         122        16.420            0.007     16.424         16.424   16.424       16.424    0.012       0.011        12070310001533  338.5525910   19.7232040        3621      0   55050.371817200         164    16.421    20.011     27.747    2.950       3.081           0      131072            0            1    12070310 
   55050.190447200        16.438        0.031        36212000006816  338.5525930   19.7231940   22h34m12.62s   19d43m23.50s      2               0    3.680865e-07         134         134         122        16.420            0.007     16.424         16.424   16.424       16.424    0.012       0.011        12070396001053  338.5525960   19.7231810        3621      0   55050.194737200         164    16.438    19.285     27.597    3.950       4.065           0      131072            0            1    12070396 
   55050.415797200        16.438        0.028        36212000006816  338.5525930   19.7231940   22h34m12.62s   19d43m23.50s      2               0    3.680865e-07         134         134         122        16.420            0.007     16.424         16.424   16.424       16.424    0.012       0.011        12070437001449  338.5525860   19.7232140        3621      0   55050.420087200         164    16.440    20.021     27.743    2.750       2.781           0      131072            0            1    12070437 
   55458.186147200        16.431        0.026        36212000006816  338.5525930   19.7231940   22h34m12.62s   19d43m23.50s      2               0    3.680865e-07         134         134         122        16.420            0.007     16.424         16.424   16.424       16.424    0.012       0.011        12794888002354  338.5525960   19.7232030        3621      0   55458.191337200         553    16.441    21.243     28.113    1.950       2.081           0      131072            0            1    12794888 
   55458.229437200        16.423        0.027        36212000006816  338.5525930   19.7231940   22h34m12.62s   19d43m23.50s      2               0    3.680865e-07         134         134         122        16.420            0.007     16.424         16.424   16.424       16.424    0.012       0.011        12794951002175  338.5525880   19.7232070        3621      0   55458.234617200         553    16.438    21.049     28.114    2.450       2.506           0      131072            0            1    12794951 
   55480.117357200        16.415        0.026        36212000006816  338.5525930   19.7231940   22h34m12.62s   19d43m23.50s      2               0    3.680865e-07         134         134         122        16.420            0.007     16.424         16.424   16.424       16.424    0.012       0.011        12807175002910  338.5525930   19.7232110        3621      0   55480.121967200         574    16.424    21.546     28.059    2.150       2.223           0      131072            0            1    12807175 
   55480.160357200        16.407        0.026        36212000006816  338.5525930   19.7231940   22h34m12.62s   19d43m23.50s      2               0    3.680865e-07         134         134         122        16.420            0.007     16.424         16.424   16.424       16.424    0.012       0.011        12807293003121  338.5525900   19.7232040        3621      0   55480.164967200         574    16.419    21.817     28.084    1.750       1.853           0      131072            0            1    12807293 
   55499.126077200        16.423        0.116        36212000006816  338.5525930   19.7231940   22h34m12.62s   19d43m23.50s      2               0    3.680865e-07         134         134         122        16.420            0.007     16.424         16.424   16.424       16.424    0.012       0.011        12934521002798  338.5525930   19.7232070        3621      0   55499.129647200         594    16.392    21.482     28.069    2.250       2.312           0      131072            0            1    12934521 
   55499.169697200        16.420        0.116        36212000006816  338.5525930   19.7231940   22h34m12.62s   19d43m23.50s      2               0    3.680865e-07         134         134         122        16.420            0.007     16.424         16.424   16.424       16.424    0.012       0.011        12934633002809  338.5525920   19.7232070        3621      0   55499.173267200         594    16.384    21.516     28.062    2.250       2.330           0      131072            0            1    12934633 
   56202.127567200        16.419        0.028        36212000006816  338.5525930   19.7231940   22h34m12.62s   19d43m23.50s      2               0    3.680865e-07         134         134         122        16.420            0.007     16.424         16.424   16.424       16.424    0.012       0.011        14272771001905  338.5526020   19.7232070        3621      0   56202.132487200        1299    16.435    20.717     28.097    2.350       2.430           0      131072            0            1    14272771 
   56202.156757200        16.418        0.028        36212000006816  338.5525930   19.7231940   22h34m12.62s   19d43m23.50s      2               0    3.680865e-07         134         134         122        16.420            0.007     16.424         16.424   16.424       16.424    0.012       0.011        14272788001949  338.5526050   19.7232110        3621      0   56202.161677200        1299    16.435    20.835     28.109    2.050       2.160           0      131072            0            1    14272788 
   56202.186317200        16.424        0.028        36212000006816  338.5525930   19.7231940   22h34m12.62s   19d43m23.50s      2               0    3.680865e-07         134         134         122        16.420            0.007     16.424         16.424   16.424       16.424    0.012       0.011        14272804001980  338.5526000   19.7232020        3621      0   56202.191237200        1299    16.428    20.911     28.117    2.050       2.189           0      131072            0            1    14272804 
   56204.116247200        16.415        0.385        36212000006816  338.5525930   19.7231940   22h34m12.62s   19d43m23.50s      2               0    3.680865e-07         134         134         122        16.420            0.007     16.424         16.424   16.424       16.424    0.012       0.011        14313888001641  338.5526000   19.7232030        3621      0   56204.121107200        1301    16.753    20.828     27.701    2.250       2.398           0      131072            0            1    14313888 
   56204.146757200        16.421        0.385        36212000006816  338.5525930   19.7231940   22h34m12.62s   19d43m23.50s      2               0    3.680865e-07         134         134         122        16.420            0.007     16.424         16.424   16.424       16.424    0.012       0.011        14313905002069  338.5526010   19.7232090        3621      0   56204.151617200        1301    16.514    21.101     27.732    2.050       2.149           0      131072            0            1    14313905 
   56204.177387200        16.385        0.385        36212000006816  338.5525930   19.7231940   22h34m12.62s   19d43m23.50s      2               0    3.680865e-07         134         134         122        16.420            0.007     16.424         16.424   16.424       16.424    0.012       0.011        14313931001112  338.5525880   19.7232130        3621      0   56204.182237200        1301    16.932    20.284     27.721    2.150       2.202           0      131072            0            1    14313931 
   56206.117187200        16.412        0.103        36212000006816  338.5525930   19.7231940   22h34m12.62s   19d43m23.50s      2               0    3.680865e-07         134         134         122        16.420            0.007     16.424         16.424   16.424       16.424    0.012       0.011        14340028002977  338.5526040   19.7231990        3621      0   56206.121977200        1303    16.460    21.732     28.165    1.950       1.953           0      131072            0            1    14340028 
   56206.152727200        16.432        0.103        36212000006816  338.5525930   19.7231940   22h34m12.62s   19d43m23.50s      2               0    3.680865e-07         134         134         122        16.420            0.007     16.424         16.424   16.424       16.424    0.012       0.011        14340053002847  338.5525960   19.7232060        3621      0   56206.157517200        1303    16.475    21.643     28.165    2.350       2.374           0      131072            0            1    14340053 
   56206.183057200        16.425        0.103        36212000006816  338.5525930   19.7231940   22h34m12.62s   19d43m23.50s      2               0    3.680865e-07         134         134         122        16.420            0.007     16.424         16.424   16.424       16.424    0.012       0.011        14340077003100  338.5526000   19.7231980        3621      0   56206.187837200        1303    16.441    21.754     28.151    2.150       2.249           0      131072            0            1    14340077 
   56224.192577200        16.450        0.067        36212000006816  338.5525930   19.7231940   22h34m12.62s   19d43m23.50s      2               0    3.680865e-07         134         134         122        16.420            0.007     16.424         16.424   16.424       16.424    0.012       0.011        14398656001833  338.5525980   19.7232180        3621      0   56224.196497200        1311    16.416    20.642     28.094    2.750       2.754           0      131072            0            1    14398656 
   56228.218817200        16.419        0.026        36212000006816  338.5525930   19.7231940   22h34m12.62s   19d43m23.50s      2               0    3.680865e-07         134         134         122        16.420            0.007     16.424         16.424   16.424       16.424    0.012       0.011        14450772001782  338.5525990   19.7232070        3621      0   56228.222487200        1315    16.416    20.628     28.132    2.450       2.649           0      131072            0            1    14450772 
   56230.253957200        16.423        0.025        36212000006816  338.5525930   19.7231940   22h34m12.62s   19d43m23.50s      2               0    3.680865e-07         134         134         122        16.420            0.007     16.424         16.424   16.424       16.424    0.012       0.011        14487133001791  338.5525970   19.7232220        3621      0   56230.257487200        1317    16.416    20.616     28.101    2.150       2.304           0      131072            0            1    14487133 
   56234.218927200        16.431        0.047        36212000006816  338.5525930   19.7231940   22h34m12.62s   19d43m23.50s      2               0    3.680865e-07         134         134         122        16.420            0.007     16.424         16.424   16.424       16.424    0.012       0.011        14497225002422  338.5525920   19.7232040        3621      0   56234.222177200        1321    16.406    21.200     28.108    2.350       2.397           0      131072            0            1    14497225 
   56234.248747200        16.432        0.047        36212000006816  338.5525930   19.7231940   22h34m12.62s   19d43m23.50s      2               0    3.680865e-07         134         134         122        16.420            0.007     16.424         16.424   16.424       16.424    0.012       0.011        14497249002345  338.5525970   19.7232090        3621      0   56234.252007200        1321    16.405    21.169     28.093    2.250       2.263           0      131072            0            1    14497249 
   56236.150467200        16.423        0.027        36212000006816  338.5525930   19.7231940   22h34m12.62s   19d43m23.50s      2               0    3.680865e-07         134         134         122        16.420            0.007     16.424         16.424   16.424       16.424    0.012       0.011        14528692002710  338.5525790   19.7232160        3621      0   56236.153577200        1323    16.433    21.505     28.148    2.450       2.520           0      131072            0            1    14528692 
   56236.182997200        16.416        0.027        36212000006816  338.5525930   19.7231940   22h34m12.62s   19d43m23.50s      2               0    3.680865e-07         134         134         122        16.420            0.007     16.424         16.424   16.424       16.424    0.012       0.011        14528714002714  338.5525950   19.7231990        3621      0   56236.186107200        1323    16.421    21.411     28.144    2.650       2.734           0      131072            0            1    14528714 
   56238.096297200        16.412        0.025        36212000006816  338.5525930   19.7231940   22h34m12.62s   19d43m23.50s      2               0    3.680865e-07         134         134         122        16.420            0.007     16.424         16.424   16.424       16.424    0.012       0.011        14570740002871  338.5525950   19.7232000        3621      0   56238.099267200        1325    16.421    21.660     28.144    1.950       2.174           0      131072            0            1    14570740 
   56238.125907200        16.430        0.025        36212000006816  338.5525930   19.7231940   22h34m12.62s   19d43m23.50s      2               0    3.680865e-07         134         134         122        16.420            0.007     16.424         16.424   16.424       16.424    0.012       0.011        14570773002869  338.5526020   19.7232130        3621      0   56238.128867200        1325    16.441    21.648     28.149    2.050       2.085           0      131072            0            1    14570773 
   56232.252567200        16.397        0.070        36212000006816  338.5525930   19.7231940   22h34m12.62s   19d43m23.50s      2               0    3.680865e-07         134         134         122        16.420            0.007     16.424         16.424   16.424       16.424    0.012       0.011        14645258002073  338.5526060   19.7232070        3621      0   56232.255957200        1319    16.377    20.853     28.079    2.350       2.445           0      131072            0            1    14645258 
   56232.298947200        16.435        0.071        36212000006816  338.5525930   19.7231940   22h34m12.62s   19d43m23.50s      2               0    3.680865e-07         134         134         122        16.420            0.007     16.424         16.424   16.424       16.424    0.012       0.011        14645286001735  338.5526040   19.7232040        3621      0   56232.302337200        1319    16.512    20.754     28.059    1.950       2.064           0      131072            0            1    14645286 
   56251.089337200        16.419        0.025        36212000006816  338.5525930   19.7231940   22h34m12.62s   19d43m23.50s      2               0    3.680865e-07         134         134         122        16.420            0.007     16.424         16.424   16.424       16.424    0.012       0.011        14655498002589  338.5525990   19.7232050        3621      0   56251.091257200        1338    16.429    21.457     28.149    1.950       2.097           0      131072            0            1    14655498 
   56251.119187200        16.407        0.025        36212000006816  338.5525930   19.7231940   22h34m12.62s   19d43m23.50s      2               0    3.680865e-07         134         134         122        16.420            0.007     16.424         16.424   16.424       16.424    0.012       0.011        14655512002473  338.5525980   19.7232070        3621      0   56251.121107200        1338    16.421    21.342     28.148    2.150       2.275           0      131072            0            1    14655512 
   56255.090207200        16.419        0.027        36212000006816  338.5525930   19.7231940   22h34m12.62s   19d43m23.50s      2               0    3.680865e-07         134         134         122        16.420            0.007     16.424         16.424   16.424       16.424    0.012       0.011        14695418002038  338.5525950   19.7232090        3621      0   56255.091787200        1342    16.404    20.777     28.133    2.750       2.836           0      131072            0            1    14695418 
   56255.119607200        16.440        0.027        36212000006816  338.5525930   19.7231940   22h34m12.62s   19d43m23.50s      2               0    3.680865e-07         134         134         122        16.420            0.007     16.424         16.424   16.424       16.424    0.012       0.011        14695448002024  338.5525900   19.7232080        3621      0   56255.121177200        1342    16.431    20.796     28.136    2.750       2.792           0      131072            0            1    14695448 
   56256.084107200        16.397        0.026        36212000006816  338.5525930   19.7231940   22h34m12.62s   19d43m23.50s      2               0    3.680865e-07         134         134         122        16.420            0.007     16.424         16.424   16.424       16.424    0.012       0.011        14706433002072  338.5525990   19.7232060        3621      0   56256.085597200        1343    16.393    20.949     28.127    2.150       2.231           0      131072            0            1    14706433 
   56256.114667200        16.437        0.026        36212000006816  338.5525930   19.7231940   22h34m12.62s   19d43m23.50s      2               0    3.680865e-07         134         134         122        16.420            0.007     16.424         16.424   16.424       16.424    0.012       0.011        14706452002042  338.5525990   19.7232020        3621      0   56256.116147200        1343    16.437    20.858     28.128    2.350       2.433           0      131072            0            1    14706452 
   56258.118807200        16.428        0.127        36212000006816  338.5525930   19.7231940   22h34m12.62s   19d43m23.50s      2               0    3.680865e-07         134         134         122        16.420            0.007     16.424         16.424   16.424       16.424    0.012       0.011        14723744002028  338.5525950   19.7232010        3621      0   56258.120117200        1345    16.310    20.760     28.018    2.250       2.279           0      131072            0            1    14723744 
   56258.089417200        16.423        0.128        36212000006816  338.5525930   19.7231940   22h34m12.62s   19d43m23.50s      2               0    3.680865e-07         134         134         122        16.420            0.007     16.424         16.424   16.424       16.424    0.012       0.011        14723756001177  338.5525950   19.7232050        3621      0   56258.090727200        1345    16.736    20.114     27.992    2.250       2.448           0      131072            0            1    14723756 
   56266.143577200        16.443        0.204        36212000006816  338.5525930   19.7231940   22h34m12.62s   19d43m23.50s      2               0    3.680865e-07         134         134         122        16.420            0.007     16.424         16.424   16.424       16.424    0.012       0.011        14745503001809  338.5526030   19.7232060        3621      0   56266.144157200        1353    16.760    21.122     27.916    1.950       2.129           0      131072            0            1    14745503 
   56266.172857200        16.424        0.204        36212000006816  338.5525930   19.7231940   22h34m12.62s   19d43m23.50s      2               0    3.680865e-07         134         134         122        16.420            0.007     16.424         16.424   16.424       16.424    0.012       0.011        14745517001831  338.5525930   19.7231990        3621      0   56266.173437200        1353    16.720    20.995     27.922    2.250       2.218           0      131072            0            1    14745517 
   56271.183287200        16.428        0.041        36212000006816  338.5525930   19.7231940   22h34m12.62s   19d43m23.50s      2               0    3.680865e-07         134         134         122        16.420            0.007     16.424         16.424   16.424       16.424    0.012       0.011        14804853002162  338.5525970   19.7232140        3621      0   56271.183397200        1358    16.416    21.066     28.056    2.950       2.989           0      131072            0            1    14804853 
   56271.213277200        16.431        0.041        36212000006816  338.5525930   19.7231940   22h34m12.62s   19d43m23.50s      2               0    3.680865e-07         134         134         122        16.420            0.007     16.424         16.424   16.424       16.424    0.012       0.011        14804880001962  338.5526010   19.7232180        3621      0   56271.213387200        1358    16.404    20.852     28.021    3.250       3.423           0      131072            0            1    14804880 
   56257.093607200        16.419        0.027        36212000006816  338.5525930   19.7231940   22h34m12.62s   19d43m23.50s      2               0    3.680865e-07         134         134         122        16.420            0.007     16.424         16.424   16.424       16.424    0.012       0.011        15701485002036  338.5526020   19.7232090        3621      0   56257.095007200        1344    16.416    20.838     28.131    2.450       2.435           0      131072            0            1    15701485 
   56257.124397200        16.421        0.027        36212000006816  338.5525930   19.7231940   22h34m12.62s   19d43m23.50s      2               0    3.680865e-07         134         134         122        16.420            0.007     16.424         16.424   16.424       16.424    0.012       0.011        15701504001987  338.5525940   19.7232100        3621      0   56257.125797200        1344    16.421    20.841     28.132    2.450       2.675           0      131072            0            1    15701504 
