   55783.498447200        17.531        0.032        36212070006239  339.4978150   18.6149320   22h37m59.48s   18d36m53.76s      2               0    4.698323e-07         134         134         120        17.524            0.007     17.531         17.529   17.536       17.532    0.036       0.024        10359466002111  339.4977940   18.6149260        3621      7   55783.502867200         881    17.535    21.246     27.628    2.450       2.334           0      131072            0            1    10359466 
   55783.453967200        17.506        0.031        36212070006239  339.4978150   18.6149320   22h37m59.48s   18d36m53.76s      2               0    4.698323e-07         134         134         120        17.524            0.007     17.531         17.529   17.536       17.532    0.036       0.024        10359499002539  339.4977920   18.6149230        3621      7   55783.458387200         881    17.505    21.695     27.647    2.250       2.281           0      131072            0            1    10359499 
   55794.447477200        17.535        0.073        36212070006239  339.4978150   18.6149320   22h37m59.48s   18d36m53.76s      2               0    4.698323e-07         134         134         120        17.524            0.007     17.531         17.529   17.536       17.532    0.036       0.024        10381430001456  339.4977800   18.6149250        3621      7   55794.452327200         892    18.114    20.889     27.604    2.150       2.242           0      131072            0            1    10381430 
   55794.489907200        17.509        0.102        36212070006239  339.4978150   18.6149320   22h37m59.48s   18d36m53.76s      2               0    4.698323e-07         134         134         120        17.524            0.007     17.531         17.529   17.536       17.532    0.036       0.024        10381450000912  339.4978060   18.6149400        3621      7   55794.494757200         892    18.841    20.572     27.598    2.050       2.384           0      131072            0            1    10381450 
   55822.260997200        17.502        0.030        36212070006239  339.4978150   18.6149320   22h37m59.48s   18d36m53.76s      2               0    4.698323e-07         134         134         120        17.524            0.007     17.531         17.529   17.536       17.532    0.036       0.024        10515605002092  339.4978200   18.6149510        3621      7   55822.266197200         920    17.490    21.267     27.604    1.950       2.035           0      131072            0            1    10515605 
   55822.304817200        17.521        0.030        36212070006239  339.4978150   18.6149320   22h37m59.48s   18d36m53.76s      2               0    4.698323e-07         134         134         120        17.524            0.007     17.531         17.529   17.536       17.532    0.036       0.024        10515724002063  339.4978170   18.6149550        3621      7   55822.310007200         920    17.509    21.232     27.602    1.950       2.008           0      131072            0            1    10515724 
   55471.198477200        17.516        0.035        36212070006239  339.4978150   18.6149320   22h37m59.48s   18d36m53.76s      2               0    4.698323e-07         134         134         120        17.524            0.007     17.531         17.529   17.536       17.532    0.036       0.024        10798730002580  339.4977970   18.6149260        3621      7   55471.203407200         562    17.518    21.673     27.734    2.050       2.020           0      131072            0            1    10798730 
   55471.242217200        17.508        0.035        36212070006239  339.4978150   18.6149320   22h37m59.48s   18d36m53.76s      2               0    4.698323e-07         134         134         120        17.524            0.007     17.531         17.529   17.536       17.532    0.036       0.024        10798774002586  339.4977770   18.6149110        3621      7   55471.247147200         562    17.506    21.667     27.730    2.050       2.081           0      131072            0            1    10798774 
   55483.217697200        17.539        0.029        36212070006239  339.4978150   18.6149320   22h37m59.48s   18d36m53.76s      2               0    4.698323e-07         134         134         120        17.524            0.007     17.531         17.529   17.536       17.532    0.036       0.024        10856349002534  339.4977920   18.6149410        3621      7   55483.222167200         577    17.546    21.614     27.746    1.950       1.886           0      131072            0            1    10856349 
   55483.261397200        17.536        0.029        36212070006239  339.4978150   18.6149320   22h37m59.48s   18d36m53.76s      2               0    4.698323e-07         134         134         120        17.524            0.007     17.531         17.529   17.536       17.532    0.036       0.024        10856354002609  339.4977870   18.6149470        3621      7   55483.265867200         577    17.539    21.629     27.739    2.150       2.157           0      131072            0            1    10856354 
   55442.457187200        17.529        0.027        36212070006239  339.4978150   18.6149320   22h37m59.48s   18d36m53.76s      2               0    4.698323e-07         134         134         120        17.524            0.007     17.531         17.529   17.536       17.532    0.036       0.024        10901386002503  339.4977950   18.6149250        3621      7   55442.462347200         537    17.527    21.607     27.731    1.950       1.968           0      131072            0            1    10901386 
   55442.413457200        17.515        0.027        36212070006239  339.4978150   18.6149320   22h37m59.48s   18d36m53.76s      2               0    4.698323e-07         134         134         120        17.524            0.007     17.531         17.529   17.536       17.532    0.036       0.024        10901469002628  339.4977920   18.6149290        3621      7   55442.418617200         537    17.517    21.717     27.755    1.950       1.947           0      131072            0            1    10901469 
   55446.207007200        17.508        0.033        36212070006239  339.4978150   18.6149320   22h37m59.48s   18d36m53.76s      2               0    4.698323e-07         134         134         120        17.524            0.007     17.531         17.529   17.536       17.532    0.036       0.024        10913168002470  339.4978050   18.6149370        3621      7   55446.212197200         541    17.506    21.551     27.735    2.250       2.180           0      131072            0            1    10913168 
   55446.164227200        17.526        0.034        36212070006239  339.4978150   18.6149320   22h37m59.48s   18d36m53.76s      2               0    4.698323e-07         134         134         120        17.524            0.007     17.531         17.529   17.536       17.532    0.036       0.024        10913344002319  339.4978210   18.6149310        3621      7   55446.169417200         541    17.523    21.327     27.708    2.450       2.463           0      131072            0            1    10913344 
   55452.151187200        17.489        0.029        36212070006239  339.4978150   18.6149320   22h37m59.48s   18d36m53.76s      2               0    4.698323e-07         134         134         120        17.524            0.007     17.531         17.529   17.536       17.532    0.036       0.024        10933507002301  339.4978050   18.6149260        3621      7   55452.156407200         547    17.483    21.269     27.720    2.350       2.339           0      131072            0            1    10933507 
   55452.194607200        17.512        0.028        36212070006239  339.4978150   18.6149320   22h37m59.48s   18d36m53.76s      2               0    4.698323e-07         134         134         120        17.524            0.007     17.531         17.529   17.536       17.532    0.036       0.024        10933588002502  339.4978040   18.6149310        3621      7   55452.199827200         547    17.506    21.509     27.741    2.150       2.084           0      131072            0            1    10933588 
   55467.309767200        17.540        0.050        36212070006239  339.4978150   18.6149320   22h37m59.48s   18d36m53.76s      2               0    4.698323e-07         134         134         120        17.524            0.007     17.531         17.529   17.536       17.532    0.036       0.024        11078805002052  339.4978080   18.6149460        3621      7   55467.314797200         560    17.512    21.083     27.680    2.250       2.119           0      131072            0            1    11078805 
   55468.223777200        17.528        0.141        36212070006239  339.4978150   18.6149320   22h37m59.48s   18d36m53.76s      2               0    4.698323e-07         134         134         120        17.524            0.007     17.531         17.529   17.536       17.532    0.036       0.024        11079160002329  339.4978010   18.6149260        3621      7   55468.228787200         558    17.513    21.416     27.691    2.250       2.361           0      131072            0            1    11079160 
   55416.295877200        17.563        0.176        36212070006239  339.4978150   18.6149320   22h37m59.48s   18d36m53.76s      2               0    4.698323e-07         134         134         120        17.524            0.007     17.531         17.529   17.536       17.532    0.036       0.024        11122656001845  339.4978270   18.6149620        3621      7   55416.300207200         515    17.467    20.665     26.704    3.350       3.039           0      131072            0            1    11122656 
   55416.252257200        17.490        0.176        36212070006239  339.4978150   18.6149320   22h37m59.48s   18d36m53.76s      2               0    4.698323e-07         134         134         120        17.524            0.007     17.531         17.529   17.536       17.532    0.036       0.024        11122811001728  339.4978100   18.6149520        3621      7   55416.256577200         515    17.340    20.327     26.686    4.050       3.982           0      131072            0            1    11122811 
   55425.331937200        17.539        0.045        36212070006239  339.4978150   18.6149320   22h37m59.48s   18d36m53.76s      2               0    4.698323e-07         134         134         120        17.524            0.007     17.531         17.529   17.536       17.532    0.036       0.024        11141013002648  339.4977960   18.6149270        3621      7   55425.336647200         524    17.567    21.719     27.657    2.050       2.114           0      131072            0            1    11141013 
   55425.278827200        17.502        0.045        36212070006239  339.4978150   18.6149320   22h37m59.48s   18d36m53.76s      2               0    4.698323e-07         134         134         120        17.524            0.007     17.531         17.529   17.536       17.532    0.036       0.024        11141058002482  339.4978070   18.6149470        3621      7   55425.283547200         524    17.512    21.595     27.622    1.950       1.870           0      131072            0            1    11141058 
   55422.310597200        17.524        0.030        36212070006239  339.4978150   18.6149320   22h37m59.48s   18d36m53.76s      2               0    4.698323e-07         134         134         120        17.524            0.007     17.531         17.529   17.536       17.532    0.036       0.024        11150388002605  339.4978030   18.6149270        3621      7   55422.315197200         521    17.520    21.631     27.724    2.350       2.355           0      131072            0            1    11150388 
   55422.266247200        17.523        0.030        36212070006239  339.4978150   18.6149320   22h37m59.48s   18d36m53.76s      2               0    4.698323e-07         134         134         120        17.524            0.007     17.531         17.529   17.536       17.532    0.036       0.024        11150450002503  339.4978000   18.6149330        3621      7   55422.270847200         521    17.513    21.597     27.707    2.250       2.360           0      131072            0            1    11150450 
   55428.355107200        17.516        0.028        36212070006239  339.4978150   18.6149320   22h37m59.48s   18d36m53.76s      2               0    4.698323e-07         134         134         120        17.524            0.007     17.531         17.529   17.536       17.532    0.036       0.024        11199215002304  339.4977930   18.6149120        3621      7   55428.359927200         527    17.517    21.276     27.752    2.150       2.076           0      131072            0            1    11199215 
   55428.399067200        17.523        0.027        36212070006239  339.4978150   18.6149320   22h37m59.48s   18d36m53.76s      2               0    4.698323e-07         134         134         120        17.524            0.007     17.531         17.529   17.536       17.532    0.036       0.024        11199294002591  339.4977770   18.6149190        3621      7   55428.403887200         527    17.522    21.594     27.750    2.050       2.053           0      131072            0            1    11199294 
   55436.231767200        17.530        0.036        36212070006239  339.4978150   18.6149320   22h37m59.48s   18d36m53.76s      2               0    4.698323e-07         134         134         120        17.524            0.007     17.531         17.529   17.536       17.532    0.036       0.024        11210382001619  339.4978010   18.6149370        3621      7   55436.236817200         609    17.518    20.389     27.690    2.750       2.818           0      131072            0            1    11210382 
   55436.187177200        17.516        0.036        36212070006239  339.4978150   18.6149320   22h37m59.48s   18d36m53.76s      2               0    4.698323e-07         134         134         120        17.524            0.007     17.531         17.529   17.536       17.532    0.036       0.024        11210510001617  339.4977800   18.6149310        3621      7   55436.192217200         609    17.500    20.465     27.660    2.450       2.505           0      131072            0            1    11210510 
   55439.226647200        17.526        0.031        36212070006239  339.4978150   18.6149320   22h37m59.48s   18d36m53.76s      2               0    4.698323e-07         134         134         120        17.524            0.007     17.531         17.529   17.536       17.532    0.036       0.024        11225547002308  339.4977970   18.6149220        3621      7   55439.231747200         534    17.524    21.287     27.697    2.350       2.355           0      131072            0            1    11225547 
   55439.183237200        17.514        0.031        36212070006239  339.4978150   18.6149320   22h37m59.48s   18d36m53.76s      2               0    4.698323e-07         134         134         120        17.524            0.007     17.531         17.529   17.536       17.532    0.036       0.024        11225593002200  339.4978050   18.6149230        3621      7   55439.188347200         534    17.520    21.226     27.664    2.550       2.446           0      131072            0            1    11225593 
   55384.474387200        17.524        0.027        36212070006239  339.4978150   18.6149320   22h37m59.48s   18d36m53.76s      2               0    4.698323e-07         134         134         120        17.524            0.007     17.531         17.529   17.536       17.532    0.036       0.024        11237966002519  339.4978010   18.6149350        3621      7   55384.476637200         483    17.522    21.628     27.770    2.250       2.268           0      131072            0            1    11237966 
   55382.487507200        17.556        0.033        36212070006239  339.4978150   18.6149320   22h37m59.48s   18d36m53.76s      2               0    4.698323e-07         134         134         120        17.524            0.007     17.531         17.529   17.536       17.532    0.036       0.024        11243322001871  339.4977860   18.6149180        3621      7   55382.489607200         481    17.548    20.720     27.761    2.250       2.296           0      131072            0            1    11243322 
   55419.313297200        17.525        0.241        36212070006239  339.4978150   18.6149320   22h37m59.48s   18d36m53.76s      2               0    4.698323e-07         134         134         120        17.524            0.007     17.531         17.529   17.536       17.532    0.036       0.024        11392254001969  339.4978220   18.6149550        3621      7   55419.317767200         518    17.419    20.842     26.781    2.750       2.630           0      131072            0            1    11392254 
   55419.269177200        17.539        0.241        36212070006239  339.4978150   18.6149320   22h37m59.48s   18d36m53.76s      2               0    4.698323e-07         134         134         120        17.524            0.007     17.531         17.529   17.536       17.532    0.036       0.024        11392268001699  339.4978240   18.6149250        3621      7   55419.273637200         518    17.752    20.851     26.766    2.750       2.779           0      131072            0            1    11392268 
   55377.472567200        17.584        0.033        36212070006239  339.4978150   18.6149320   22h37m59.48s   18d36m53.76s      2               0    4.698323e-07         134         134         120        17.524            0.007     17.531         17.529   17.536       17.532    0.036       0.024        11431673001835  339.4977840   18.6149240        3621      7   55377.474257200         476    17.571    20.783     27.717    2.150       2.097           0      131072            0            1    11431673 
   55138.198277200        17.566        0.045        36212070006239  339.4978150   18.6149320   22h37m59.48s   18d36m53.76s      2               0    4.698323e-07         134         134         120        17.524            0.007     17.531         17.529   17.536       17.532    0.036       0.024        11789180001702  339.4977830   18.6149180        3621      7   55138.201547200         245    17.568    20.588     27.754    2.250       2.189           0      131072            0            1    11789180 
   55142.185567200        17.531        0.030        36212070006239  339.4978150   18.6149320   22h37m59.48s   18d36m53.76s      2               0    4.698323e-07         134         134         120        17.524            0.007     17.531         17.529   17.536       17.532    0.036       0.024        11793502002359  339.4977950   18.6149310        3621      7   55142.188547200         282    17.530    21.337     27.744    2.350       2.388           0      131072            0            1    11793502 
   55123.241477200        17.539        0.031        36212070006239  339.4978150   18.6149320   22h37m59.48s   18d36m53.76s      2               0    4.698323e-07         134         134         120        17.524            0.007     17.531         17.529   17.536       17.532    0.036       0.024        11812586002256  339.4977880   18.6149370        3621      7   55123.245687200         232    17.542    21.508     27.801    2.250       2.558           0      131072            0            1    11812586 
   55049.420247200        17.563        0.039        36212070006239  339.4978150   18.6149320   22h37m59.48s   18d36m53.76s      2               0    4.698323e-07         134         134         120        17.524            0.007     17.531         17.529   17.536       17.532    0.036       0.024        11864266001456  339.4977820   18.6149700        3621      7   55049.424487200         163    17.571    20.129     27.316    2.250       2.253           0      131072            0            1    11864266 
   55054.396427200        17.524        0.059        36212070006239  339.4978150   18.6149320   22h37m59.48s   18d36m53.76s      2               0    4.698323e-07         134         134         120        17.524            0.007     17.531         17.529   17.536       17.532    0.036       0.024        11870474001739  339.4977740   18.6149000        3621      7   55054.400907200         168    17.551    20.620     27.255    1.950       2.237           0      131072            0            1    11870474 
   55054.293487200        17.528        0.059        36212070006239  339.4978150   18.6149320   22h37m59.48s   18d36m53.76s      2               0    4.698323e-07         134         134         120        17.524            0.007     17.531         17.529   17.536       17.532    0.036       0.024        11870481001664  339.4978040   18.6149100        3621      7   55054.297957200         168    17.491    20.502     27.182    1.950       2.027           0      131072            0            1    11870481 
   55067.169837200        17.557        0.040        36212070006239  339.4978150   18.6149320   22h37m59.48s   18d36m53.76s      2               0    4.698323e-07         134         134         120        17.524            0.007     17.531         17.529   17.536       17.532    0.036       0.024        11882310002006  339.4978140   18.6149350        3621      7   55067.174787200         181    17.576    20.868     27.081    2.550       2.544           0      131072            0            1    11882310 
   55066.365707200        17.544        0.035        36212070006239  339.4978150   18.6149320   22h37m59.48s   18d36m53.76s      2               0    4.698323e-07         134         134         120        17.524            0.007     17.531         17.529   17.536       17.532    0.036       0.024        11884229002477  339.4977990   18.6149530        3621      7   55066.370627200         180    17.567    21.476     27.119    1.950       2.021           0      131072            0            1    11884229 
   55062.266077200        17.548        0.035        36212070006239  339.4978150   18.6149320   22h37m59.48s   18d36m53.76s      2               0    4.698323e-07         134         134         120        17.524            0.007     17.531         17.529   17.536       17.532    0.036       0.024        11891507002108  339.4978260   18.6149280        3621      7   55062.270867200         176    17.564    21.028     27.180    2.950       2.966           0      131072            0            1    11891507 
   55062.351017200        17.549        0.034        36212070006239  339.4978150   18.6149320   22h37m59.48s   18d36m53.76s      2               0    4.698323e-07         134         134         120        17.524            0.007     17.531         17.529   17.536       17.532    0.036       0.024        11891611002439  339.4977790   18.6149000        3621      7   55062.355817200         176    17.561    21.323     27.203    2.650       2.817           0      131072            0            1    11891611 
   55059.364887200        17.529        0.031        36212070006239  339.4978150   18.6149320   22h37m59.48s   18d36m53.76s      2               0    4.698323e-07         134         134         120        17.524            0.007     17.531         17.529   17.536       17.532    0.036       0.024        11897935002527  339.4978020   18.6149050        3621      7   55059.369567200         173    17.558    21.475     27.274    2.250       2.320           0      131072            0            1    11897935 
   55059.285797200        17.541        0.031        36212070006239  339.4978150   18.6149320   22h37m59.48s   18d36m53.76s      2               0    4.698323e-07         134         134         120        17.524            0.007     17.531         17.529   17.536       17.532    0.036       0.024        11897979002469  339.4978130   18.6149120        3621      7   55059.290487200         173    17.562    21.423     27.260    2.250       2.242           0      131072            0            1    11897979 
   55018.370627200        17.559        0.043        36212070006239  339.4978150   18.6149320   22h37m59.48s   18d36m53.76s      2               0    4.698323e-07         134         134         120        17.524            0.007     17.531         17.529   17.536       17.532    0.036       0.024        11904715001736  339.4978090   18.6149310        3621      7   55018.372807200         132    17.535    20.344     27.063    2.350       2.288           0      131072            0            1    11904715 
   55018.305807200        17.535        0.046        36212070006239  339.4978150   18.6149320   22h37m59.48s   18d36m53.76s      2               0    4.698323e-07         134         134         120        17.524            0.007     17.531         17.529   17.536       17.532    0.036       0.024        11904743001466  339.4978170   18.6149240        3621      7   55018.307987200         132    17.506    19.842     27.003    2.950       2.873           0      131072            0            1    11904743 
   55087.301307200        17.534        0.028        36212070006239  339.4978150   18.6149320   22h37m59.48s   18d36m53.76s      2               0    4.698323e-07         134         134         120        17.524            0.007     17.531         17.529   17.536       17.532    0.036       0.024        11918080002544  339.4978150   18.6149580        3621      7   55087.306527200         199    17.545    21.510     27.307    2.350       2.433           0      131072            0            1    11918080 
   55087.345997200        17.521        0.029        36212070006239  339.4978150   18.6149320   22h37m59.48s   18d36m53.76s      2               0    4.698323e-07         134         134         120        17.524            0.007     17.531         17.529   17.536       17.532    0.036       0.024        11918084002459  339.4978230   18.6149330        3621      7   55087.351217200         199    17.532    21.466     27.301    2.250       2.278           0      131072            0            1    11918084 
   55044.415047200        17.547        0.029        36212070006239  339.4978150   18.6149320   22h37m59.48s   18d36m53.76s      2               0    4.698323e-07         134         134         120        17.524            0.007     17.531         17.529   17.536       17.532    0.036       0.024        11934642002696  339.4978210   18.6149410        3621      7   55044.419017200         158    17.553    21.653     27.378    2.250       2.302           0      131072            0            1    11934642 
   55044.461787200        17.528        0.029        36212070006239  339.4978150   18.6149320   22h37m59.48s   18d36m53.76s      2               0    4.698323e-07         134         134         120        17.524            0.007     17.531         17.529   17.536       17.532    0.036       0.024        11934643002802  339.4978280   18.6149520        3621      7   55044.465757200         158    17.535    21.754     27.374    2.050       1.996           0      131072            0            1    11934643 
   55030.408307200        17.778        0.212        36212070006239  339.4978150   18.6149320   22h37m59.48s   18d36m53.76s      2               0    4.698323e-07         134         134         120        17.524            0.007     17.531         17.529   17.536       17.532    0.036       0.024        11958131000553  339.4978090   18.6149610        3621      7   55030.411397200         144    20.706    21.177     27.317    1.950       3.108           0           0            0            1    11958131 
   55030.440717200        17.514        0.109        36212070006239  339.4978150   18.6149320   22h37m59.48s   18d36m53.76s      2               0    4.698323e-07         134         134         120        17.524            0.007     17.531         17.529   17.536       17.532    0.036       0.024        11958169002633  339.4977900   18.6149260        3621      7   55030.443797200         144    17.512    21.613     27.324    1.850       1.981           0      131072            0            1    11958169 
   55039.235987200        17.525        0.034        36212070006239  339.4978150   18.6149320   22h37m59.48s   18d36m53.76s      2               0    4.698323e-07         134         134         120        17.524            0.007     17.531         17.529   17.536       17.532    0.036       0.024        11984250001846  339.4977940   18.6149360        3621      7   55039.239647200         153    17.514    20.672     27.095    2.950       2.980           0      131072            0            1    11984250 
   55038.368947200        17.535        0.031        36212070006239  339.4978150   18.6149320   22h37m59.48s   18d36m53.76s      2               0    4.698323e-07         134         134         120        17.524            0.007     17.531         17.529   17.536       17.532    0.036       0.024        11986223002591  339.4977870   18.6149300        3621      7   55038.372557200         152    17.546    21.592     27.240    1.950       1.975           0      131072            0            1    11986223 
   55006.459877200        17.526        0.039        36212070006239  339.4978150   18.6149320   22h37m59.48s   18d36m53.76s      2               0    4.698323e-07         134         134         120        17.524            0.007     17.531         17.529   17.536       17.532    0.036       0.024        12024266002484  339.4977790   18.6148870        3621      7   55006.461077200         114    17.523    21.338     27.130    2.150       2.162           0      131072            0            1    12024266 
   55006.390067200        17.516        0.040        36212070006239  339.4978150   18.6149320   22h37m59.48s   18d36m53.76s      2               0    4.698323e-07         134         134         120        17.524            0.007     17.531         17.529   17.536       17.532    0.036       0.024        12024326002295  339.4978040   18.6149230        3621      7   55006.391267200         114    17.510    21.071     27.108    2.550       2.629           0      131072            0            1    12024326 
   55009.355627200        17.530        0.043        36212070006239  339.4978150   18.6149320   22h37m59.48s   18d36m53.76s      2               0    4.698323e-07         134         134         120        17.524            0.007     17.531         17.529   17.536       17.532    0.036       0.024        12049224002030  339.4978260   18.6149360        3621      7   55009.357077200         124    17.515    20.840     27.041    3.250       3.092           0      131072            0            1    12049224 
   55050.367527200        17.450        0.042        36212070006239  339.4978150   18.6149320   22h37m59.48s   18d36m53.76s      2               0    4.698323e-07         134         134         120        17.524            0.007     17.531         17.529   17.536       17.532    0.036       0.024        12070714001243  339.4978230   18.6149670        3621      7   55050.371817200         164    17.463    19.671     27.321    3.350       3.635           0      131072            0            1    12070714 
   55050.190447200        17.723        0.074        36212070006239  339.4978150   18.6149320   22h37m59.48s   18d36m53.76s      2               0    4.698323e-07         134         134         120        17.524            0.007     17.531         17.529   17.536       17.532    0.036       0.024        12070800000829  339.4977980   18.6149230        3621      7   55050.194737200         164    17.752    18.871     27.173    4.750       5.858           0      131072            0            1    12070800 
   55050.415797200        17.602        0.043        36212070006239  339.4978150   18.6149320   22h37m59.48s   18d36m53.76s      2               0    4.698323e-07         134         134         120        17.524            0.007     17.531         17.529   17.536       17.532    0.036       0.024        12070841001213  339.4978350   18.6149210        3621      7   55050.420087200         164    17.617    19.638     27.316    3.250       3.643           0      131072            0            1    12070841 
   55458.186147200        17.550        0.033        36212070006239  339.4978150   18.6149320   22h37m59.48s   18d36m53.76s      2               0    4.698323e-07         134         134         120        17.524            0.007     17.531         17.529   17.536       17.532    0.036       0.024        12795382001961  339.4978170   18.6149450        3621      7   55458.191337200         553    17.552    20.999     27.756    2.150       2.173           0      131072            0            1    12795382 
   55458.229437200        17.583        0.033        36212070006239  339.4978150   18.6149320   22h37m59.48s   18d36m53.76s      2               0    4.698323e-07         134         134         120        17.524            0.007     17.531         17.529   17.536       17.532    0.036       0.024        12795445001810  339.4978240   18.6149480        3621      7   55458.234617200         553    17.598    20.911     27.758    2.450       2.507           0      131072            0            1    12795445 
   55480.117357200        17.541        0.028        36212070006239  339.4978150   18.6149320   22h37m59.48s   18d36m53.76s      2               0    4.698323e-07         134         134         120        17.524            0.007     17.531         17.529   17.536       17.532    0.036       0.024        12807751002288  339.4978190   18.6149550        3621      7   55480.121967200         574    17.548    21.329     27.704    2.350       2.326           0      131072            0            1    12807751 
   55480.160357200        17.524        0.027        36212070006239  339.4978150   18.6149320   22h37m59.48s   18d36m53.76s      2               0    4.698323e-07         134         134         120        17.524            0.007     17.531         17.529   17.536       17.532    0.036       0.024        12807869002484  339.4978180   18.6149520        3621      7   55480.164967200         574    17.528    21.630     27.725    1.850       1.813           0      131072            0            1    12807869 
   55499.126077200        17.528        0.098        36212070006239  339.4978150   18.6149320   22h37m59.48s   18d36m53.76s      2               0    4.698323e-07         134         134         120        17.524            0.007     17.531         17.529   17.536       17.532    0.036       0.024        12935257002277  339.4978230   18.6149530        3621      7   55499.129647200         594    17.497    21.306     27.707    2.350       2.460           0      131072            0            1    12935257 
   55499.169697200        17.553        0.098        36212070006239  339.4978150   18.6149320   22h37m59.48s   18d36m53.76s      2               0    4.698323e-07         134         134         120        17.524            0.007     17.531         17.529   17.536       17.532    0.036       0.024        12935369002315  339.4978160   18.6149450        3621      7   55499.173267200         594    17.528    21.350     27.710    2.350       2.423           0      131072            0            1    12935369 
   56202.127567200        17.505        0.035        36212070006239  339.4978150   18.6149320   22h37m59.48s   18d36m53.76s      2               0    4.698323e-07         134         134         120        17.524            0.007     17.531         17.529   17.536       17.532    0.036       0.024        14273307001639  339.4978120   18.6149590        3621      7   56202.132487200        1299    17.524    20.538     27.740    2.450       2.515           0      131072            0            1    14273307 
   56202.156757200        17.524        0.036        36212070006239  339.4978150   18.6149320   22h37m59.48s   18d36m53.76s      2               0    4.698323e-07         134         134         120        17.524            0.007     17.531         17.529   17.536       17.532    0.036       0.024        14273324001636  339.4978180   18.6149520        3621      7   56202.161677200        1299    17.545    20.651     27.754    2.150       2.298           0      131072            0            1    14273324 
   56202.186317200        17.536        0.035        36212070006239  339.4978150   18.6149320   22h37m59.48s   18d36m53.76s      2               0    4.698323e-07         134         134         120        17.524            0.007     17.531         17.529   17.536       17.532    0.036       0.024        14273340001699  339.4978050   18.6149840        3621      7   56202.191237200        1299    17.547    20.682     27.764    2.250       2.405           0      131072            0            1    14273340 
   56204.116247200        17.548        0.410        36212070006239  339.4978150   18.6149320   22h37m59.48s   18d36m53.76s      2               0    4.698323e-07         134         134         120        17.524            0.007     17.531         17.529   17.536       17.532    0.036       0.024        14316248001442  339.4978240   18.6149340        3621      7   56204.121107200        1301    18.012    20.766     27.548    2.450       2.590           0      131072            0            1    14316248 
   56204.146757200        17.533        0.410        36212070006239  339.4978150   18.6149320   22h37m59.48s   18d36m53.76s      2               0    4.698323e-07         134         134         120        17.524            0.007     17.531         17.529   17.536       17.532    0.036       0.024        14316265001741  339.4978040   18.6149460        3621      7   56204.151617200        1301    17.721    20.947     27.507    2.250       2.381           0      131072            0            1    14316265 
   56204.177387200        17.538        0.413        36212070006239  339.4978150   18.6149320   22h37m59.48s   18d36m53.76s      2               0    4.698323e-07         134         134         120        17.524            0.007     17.531         17.529   17.536       17.532    0.036       0.024        14316291000997  339.4978420   18.6149310        3621      7   56204.182237200        1301    18.161    20.039     27.431    2.350       3.070           0      131072            0            1    14316291 
   56206.117187200        17.503        0.107        36212070006239  339.4978150   18.6149320   22h37m59.48s   18d36m53.76s      2               0    4.698323e-07         134         134         120        17.524            0.007     17.531         17.529   17.536       17.532    0.036       0.024        14342016002421  339.4978190   18.6149500        3621      7   56206.121977200        1303    17.520    21.481     27.768    2.150       2.072           0      131072            0            1    14342016 
   56206.152727200        17.528        0.107        36212070006239  339.4978150   18.6149320   22h37m59.48s   18d36m53.76s      2               0    4.698323e-07         134         134         120        17.524            0.007     17.531         17.529   17.536       17.532    0.036       0.024        14342041002398  339.4978310   18.6149620        3621      7   56206.157517200        1303    17.554    21.470     27.783    2.450       2.372           0      131072            0            1    14342041 
   56206.183057200        17.488        0.107        36212070006239  339.4978150   18.6149320   22h37m59.48s   18d36m53.76s      2               0    4.698323e-07         134         134         120        17.524            0.007     17.531         17.529   17.536       17.532    0.036       0.024        14342065002567  339.4978100   18.6149490        3621      7   56206.187837200        1303    17.496    21.585     27.778    2.250       2.217           0      131072            0            1    14342065 
   56224.192577200        17.555        0.083        36212070006239  339.4978150   18.6149320   22h37m59.48s   18d36m53.76s      2               0    4.698323e-07         134         134         120        17.524            0.007     17.531         17.529   17.536       17.532    0.036       0.024        14400328001649  339.4978060   18.6149590        3621      7   56224.196497200        1311    17.493    20.522     27.700    2.650       2.811           0      131072            0            1    14400328 
   56228.218817200        17.586        0.036        36212070006239  339.4978150   18.6149320   22h37m59.48s   18d36m53.76s      2               0    4.698323e-07         134         134         120        17.524            0.007     17.531         17.529   17.536       17.532    0.036       0.024        14452655001603  339.4978180   18.6149420        3621      7   56228.222487200        1315    17.587    20.499     27.784    2.450       2.626           0      131072            0            1    14452655 
   56230.253957200        17.489        0.034        36212070006239  339.4978150   18.6149320   22h37m59.48s   18d36m53.76s      2               0    4.698323e-07         134         134         120        17.524            0.007     17.531         17.529   17.536       17.532    0.036       0.024        14489894001560  339.4978090   18.6149440        3621      7   56230.257487200        1317    17.489    20.503     27.755    2.150       2.091           0      131072            0            1    14489894 
   56234.218927200        17.535        0.050        36212070006239  339.4978150   18.6149320   22h37m59.48s   18d36m53.76s      2               0    4.698323e-07         134         134         120        17.524            0.007     17.531         17.529   17.536       17.532    0.036       0.024        14499585002037  339.4978130   18.6149470        3621      7   56234.222177200        1321    17.510    21.030     27.747    2.450       2.557           0      131072            0            1    14499585 
   56234.248747200        17.530        0.050        36212070006239  339.4978150   18.6149320   22h37m59.48s   18d36m53.76s      2               0    4.698323e-07         134         134         120        17.524            0.007     17.531         17.529   17.536       17.532    0.036       0.024        14499609001997  339.4978130   18.6149540        3621      7   56234.252007200        1321    17.505    21.046     27.731    2.250       2.363           0      131072            0            1    14499609 
   56236.150467200        17.530        0.029        36212070006239  339.4978150   18.6149320   22h37m59.48s   18d36m53.76s      2               0    4.698323e-07         134         134         120        17.524            0.007     17.531         17.529   17.536       17.532    0.036       0.024        14531752002292  339.4978150   18.6149550        3621      7   56236.153577200        1323    17.537    21.376     27.779    2.450       2.572           0      131072            0            1    14531752 
   56236.182997200        17.557        0.030        36212070006239  339.4978150   18.6149320   22h37m59.48s   18d36m53.76s      2               0    4.698323e-07         134         134         120        17.524            0.007     17.531         17.529   17.536       17.532    0.036       0.024        14531774002169  339.4978140   18.6149460        3621      7   56236.186107200        1323    17.559    21.254     27.776    2.750       2.838           0      131072            0            1    14531774 
   56238.096297200        17.515        0.027        36212070006239  339.4978150   18.6149320   22h37m59.48s   18d36m53.76s      2               0    4.698323e-07         134         134         120        17.524            0.007     17.531         17.529   17.536       17.532    0.036       0.024        14573596002419  339.4978060   18.6149490        3621      7   56238.099267200        1325    17.519    21.483     27.784    2.050       2.072           0      131072            0            1    14573596 
   56238.125907200        17.525        0.026        36212070006239  339.4978150   18.6149320   22h37m59.48s   18d36m53.76s      2               0    4.698323e-07         134         134         120        17.524            0.007     17.531         17.529   17.536       17.532    0.036       0.024        14573629002374  339.4978090   18.6149550        3621      7   56238.128867200        1325    17.531    21.471     27.788    2.150       2.182           0      131072            0            1    14573629 
   56232.252567200        17.528        0.075        36212070006239  339.4978150   18.6149320   22h37m59.48s   18d36m53.76s      2               0    4.698323e-07         134         134         120        17.524            0.007     17.531         17.529   17.536       17.532    0.036       0.024        14647940001805  339.4978040   18.6149560        3621      7   56232.255957200        1319    17.514    20.769     27.728    2.250       2.371           0      131072            0            1    14647940 
   56232.298947200        17.496        0.077        36212070006239  339.4978150   18.6149320   22h37m59.48s   18d36m53.76s      2               0    4.698323e-07         134         134         120        17.524            0.007     17.531         17.529   17.536       17.532    0.036       0.024        14647968001543  339.4978210   18.6149670        3621      7   56232.302337200        1319    17.581    20.580     27.718    2.050       2.044           0      131072            0            1    14647968 
   56251.089337200        17.536        0.029        36212070006239  339.4978150   18.6149320   22h37m59.48s   18d36m53.76s      2               0    4.698323e-07         134         134         120        17.524            0.007     17.531         17.529   17.536       17.532    0.036       0.024        14657663002173  339.4978130   18.6149480        3621      7   56251.091257200        1338    17.540    21.269     27.792    2.050       2.100           0      131072            0            1    14657663 
   56251.119187200        17.544        0.029        36212070006239  339.4978150   18.6149320   22h37m59.48s   18d36m53.76s      2               0    4.698323e-07         134         134         120        17.524            0.007     17.531         17.529   17.536       17.532    0.036       0.024        14657688002146  339.4978080   18.6149590        3621      7   56251.121107200        1338    17.551    21.210     27.793    2.150       2.320           0      131072            0            1    14657688 
   56255.090207200        17.505        0.032        36212070006239  339.4978150   18.6149320   22h37m59.48s   18d36m53.76s      2               0    4.698323e-07         134         134         120        17.524            0.007     17.531         17.529   17.536       17.532    0.036       0.024        14698338001832  339.4978130   18.6149550        3621      7   56255.091787200        1342    17.499    20.646     27.784    2.750       2.936           0      131072            0            1    14698338 
   56255.119607200        17.492        0.032        36212070006239  339.4978150   18.6149320   22h37m59.48s   18d36m53.76s      2               0    4.698323e-07         134         134         120        17.524            0.007     17.531         17.529   17.536       17.532    0.036       0.024        14698368001832  339.4978100   18.6149640        3621      7   56255.121177200        1342    17.492    20.704     27.785    2.650       2.778           0      131072            0            1    14698368 
   56256.084107200        17.542        0.031        36212070006239  339.4978150   18.6149320   22h37m59.48s   18d36m53.76s      2               0    4.698323e-07         134         134         120        17.524            0.007     17.531         17.529   17.536       17.532    0.036       0.024        14708617001826  339.4978190   18.6149580        3621      7   56256.085597200        1343    17.538    20.771     27.769    2.250       2.407           0      131072            0            1    14708617 
   56256.114667200        17.597        0.032        36212070006239  339.4978150   18.6149320   22h37m59.48s   18d36m53.76s      2               0    4.698323e-07         134         134         120        17.524            0.007     17.531         17.529   17.536       17.532    0.036       0.024        14708636001771  339.4978170   18.6149520        3621      7   56256.116147200        1343    17.600    20.728     27.771    2.350       2.348           0      131072            0            1    14708636 
   56258.118807200        17.531        0.109        36212070006239  339.4978150   18.6149320   22h37m59.48s   18d36m53.76s      2               0    4.698323e-07         134         134         120        17.524            0.007     17.531         17.529   17.536       17.532    0.036       0.024        14727956001765  339.4978260   18.6149610        3621      7   56258.120117200        1345    17.436    20.700     27.677    2.150       2.399           0      131072            0            1    14727956 
   56258.089417200        17.590        0.117        36212070006239  339.4978150   18.6149320   22h37m59.48s   18d36m53.76s      2               0    4.698323e-07         134         134         120        17.524            0.007     17.531         17.529   17.536       17.532    0.036       0.024        14727968001122  339.4977940   18.6149490        3621      7   56258.090727200        1345    17.906    20.003     27.655    2.250       2.482           0      131072            0            1    14727968 
   56266.143577200        17.542        0.196        36212070006239  339.4978150   18.6149320   22h37m59.48s   18d36m53.76s      2               0    4.698323e-07         134         134         120        17.524            0.007     17.531         17.529   17.536       17.532    0.036       0.024        14748304001622  339.4978170   18.6149610        3621      7   56266.144157200        1353    17.851    21.026     27.595    1.950       1.889           0      131072            0            1    14748304 
   56266.172857200        17.550        0.196        36212070006239  339.4978150   18.6149320   22h37m59.48s   18d36m53.76s      2               0    4.698323e-07         134         134         120        17.524            0.007     17.531         17.529   17.536       17.532    0.036       0.024        14748333001598  339.4978010   18.6149560        3621      7   56266.173437200        1353    17.884    20.931     27.600    2.150       2.189           0      131072            0            1    14748333 
   56271.183287200        17.569        0.043        36212070006239  339.4978150   18.6149320   22h37m59.48s   18d36m53.76s      2               0    4.698323e-07         134         134         120        17.524            0.007     17.531         17.529   17.536       17.532    0.036       0.024        14804541001873  339.4978050   18.6149520        3621      7   56271.183397200        1358    17.557    20.946     27.703    2.950       3.098           0      131072            0            1    14804541 
   56271.213277200        17.532        0.043        36212070006239  339.4978150   18.6149320   22h37m59.48s   18d36m53.76s      2               0    4.698323e-07         134         134         120        17.524            0.007     17.531         17.529   17.536       17.532    0.036       0.024        14804568001710  339.4978250   18.6149480        3621      7   56271.213387200        1358    17.504    20.696     27.669    3.350       3.517           0      131072            0            1    14804568 
   56257.093607200        17.596        0.033        36212070006239  339.4978150   18.6149320   22h37m59.48s   18d36m53.76s      2               0    4.698323e-07         134         134         120        17.524            0.007     17.531         17.529   17.536       17.532    0.036       0.024        15702055001792  339.4978200   18.6149540        3621      7   56257.095007200        1344    17.596    20.757     27.770    2.350       2.430           0      131072            0            1    15702055 
   56257.124397200        17.507        0.033        36212070006239  339.4978150   18.6149320   22h37m59.48s   18d36m53.76s      2               0    4.698323e-07         134         134         120        17.524            0.007     17.531         17.529   17.536       17.532    0.036       0.024        15702074001778  339.4978050   18.6149550        3621      7   56257.125797200        1344    17.515    20.719     27.774    2.450       2.672           0      131072            0            1    15702074 
