   55783.498447200        17.259        0.032        36212070009940  339.0148070   18.8390410   22h36m03.55s   18d50m20.55s      2               0    4.061517e-07         134         133         119        17.253            0.006     17.269         17.268   17.279       17.273    0.054       0.036        10359466001091  339.0148030   18.8390530        3621      7   55783.502867200         881    17.263    21.246     27.635    2.450       3.304           0      131072            0            1    10359466 
   55783.453967200        17.275        0.031        36212070009940  339.0148070   18.8390410   22h36m03.55s   18d50m20.55s      2               0    4.061517e-07         134         133         119        17.253            0.006     17.269         17.268   17.279       17.273    0.054       0.036        10359499001300  339.0147980   18.8390570        3621      7   55783.458387200         881    17.274    21.695     27.654    2.250       3.188           0      131072            0            1    10359499 
   55794.447477200        17.256        0.073        36212070009940  339.0148070   18.8390410   22h36m03.55s   18d50m20.55s      2               0    4.061517e-07         134         133         119        17.253            0.006     17.269         17.268   17.279       17.273    0.054       0.036        10381430000763  339.0147870   18.8390450        3621      7   55794.452327200         892    17.835    20.889     27.608    2.150       3.260           0      131072            0            1    10381430 
   55794.489907200        17.288        0.094        36212070009940  339.0148070   18.8390410   22h36m03.55s   18d50m20.55s      2               0    4.061517e-07         134         133         119        17.253            0.006     17.269         17.268   17.279       17.273    0.054       0.036        10381450000477  339.0148060   18.8390700        3621      7   55794.494757200         892    18.620    20.572     27.601    2.050       2.445           0      131072            0            1    10381450 
   55822.260997200        17.242        0.030        36212070009940  339.0148070   18.8390410   22h36m03.55s   18d50m20.55s      2               0    4.061517e-07         134         133         119        17.253            0.006     17.269         17.268   17.279       17.273    0.054       0.036        10515605001067  339.0148110   18.8390580        3621      7   55822.266197200         920    17.231    21.267     27.616    1.950       2.802           0      131072            0            1    10515605 
   55822.304817200        17.249        0.030        36212070009940  339.0148070   18.8390410   22h36m03.55s   18d50m20.55s      2               0    4.061517e-07         134         133         119        17.253            0.006     17.269         17.268   17.279       17.273    0.054       0.036        10515724001045  339.0148150   18.8390550        3621      7   55822.310007200         920    17.237    21.232     27.615    1.950       2.656           0      131072            0            1    10515724 
   55471.198477200        17.253        0.035        36212070009940  339.0148070   18.8390410   22h36m03.55s   18d50m20.55s      2               0    4.061517e-07         134         133         119        17.253            0.006     17.269         17.268   17.279       17.273    0.054       0.036        10798730001348  339.0148070   18.8390670        3621      7   55471.203407200         562    17.254    21.673     27.748    2.050       2.755           0      131072            0            1    10798730 
   55471.242217200        17.257        0.035        36212070009940  339.0148070   18.8390410   22h36m03.55s   18d50m20.55s      2               0    4.061517e-07         134         133         119        17.253            0.006     17.269         17.268   17.279       17.273    0.054       0.036        10798774001367  339.0147880   18.8390730        3621      7   55471.247147200         562    17.255    21.667     27.744    2.050       2.552           0      131072            0            1    10798774 
   55483.217697200        17.260        0.029        36212070009940  339.0148070   18.8390410   22h36m03.55s   18d50m20.55s      2               0    4.061517e-07         134         133         119        17.253            0.006     17.269         17.268   17.279       17.273    0.054       0.036        10856349001339  339.0147950   18.8390310        3621      7   55483.222167200         577    17.267    21.614     27.748    1.950       2.712           0      131072            0            1    10856349 
   55483.261397200        17.263        0.028        36212070009940  339.0148070   18.8390410   22h36m03.55s   18d50m20.55s      2               0    4.061517e-07         134         133         119        17.253            0.006     17.269         17.268   17.279       17.273    0.054       0.036        10856354001391  339.0147990   18.8390710        3621      7   55483.265867200         577    17.267    21.629     27.741    2.150       2.938           0      131072            0            1    10856354 
   55442.457187200        17.285        0.027        36212070009940  339.0148070   18.8390410   22h36m03.55s   18d50m20.55s      2               0    4.061517e-07         134         133         119        17.253            0.006     17.269         17.268   17.279       17.273    0.054       0.036        10901386001321  339.0147970   18.8390730        3621      7   55442.462347200         537    17.283    21.607     27.714    1.950       2.778           0      131072            0            1    10901386 
   55446.207007200        17.272        0.033        36212070009940  339.0148070   18.8390410   22h36m03.55s   18d50m20.55s      2               0    4.061517e-07         134         133         119        17.253            0.006     17.269         17.268   17.279       17.273    0.054       0.036        10913168001309  339.0147980   18.8390620        3621      7   55446.212197200         541    17.270    21.551     27.711    2.250       3.094           0      131072            0            1    10913168 
   55446.164227200        17.279        0.033        36212070009940  339.0148070   18.8390410   22h36m03.55s   18d50m20.55s      2               0    4.061517e-07         134         133         119        17.253            0.006     17.269         17.268   17.279       17.273    0.054       0.036        10913344001233  339.0147940   18.8390440        3621      7   55446.169417200         541    17.276    21.327     27.685    2.450       3.159           0      131072            0            1    10913344 
   55452.151187200        17.278        0.029        36212070009940  339.0148070   18.8390410   22h36m03.55s   18d50m20.55s      2               0    4.061517e-07         134         133         119        17.253            0.006     17.269         17.268   17.279       17.273    0.054       0.036        10933507001221  339.0148000   18.8390620        3621      7   55452.156407200         547    17.272    21.269     27.723    2.350       3.383           0      131072            0            1    10933507 
   55452.194607200        17.248        0.028        36212070009940  339.0148070   18.8390410   22h36m03.55s   18d50m20.55s      2               0    4.061517e-07         134         133         119        17.253            0.006     17.269         17.268   17.279       17.273    0.054       0.036        10933588001312  339.0148010   18.8390750        3621      7   55452.199827200         547    17.243    21.509     27.744    2.150       2.928           0      131072            0            1    10933588 
   55467.309767200        17.267        0.050        36212070009940  339.0148070   18.8390410   22h36m03.55s   18d50m20.55s      2               0    4.061517e-07         134         133         119        17.253            0.006     17.269         17.268   17.279       17.273    0.054       0.036        11078805001097  339.0148010   18.8390560        3621      7   55467.314797200         560    17.238    21.083     27.699    2.250       2.933           0      131072            0            1    11078805 
   55468.223777200        17.262        0.141        36212070009940  339.0148070   18.8390410   22h36m03.55s   18d50m20.55s      2               0    4.061517e-07         134         133         119        17.253            0.006     17.269         17.268   17.279       17.273    0.054       0.036        11079160001247  339.0147980   18.8390500        3621      7   55468.228787200         558    17.248    21.416     27.724    2.250       2.931           0      131072            0            1    11079160 
   55416.295877200        17.258        0.175        36212070009940  339.0148070   18.8390410   22h36m03.55s   18d50m20.55s      2               0    4.061517e-07         134         133         119        17.253            0.006     17.269         17.268   17.279       17.273    0.054       0.036        11122656000985  339.0148170   18.8390430        3621      7   55416.300207200         515    17.162    20.665     26.704    3.350       3.622           0      131072            0            1    11122656 
   55416.252257200        17.242        0.176        36212070009940  339.0148070   18.8390410   22h36m03.55s   18d50m20.55s      2               0    4.061517e-07         134         133         119        17.253            0.006     17.269         17.268   17.279       17.273    0.054       0.036        11122811000906  339.0147840   18.8390370        3621      7   55416.256577200         515    17.092    20.327     26.685    4.050       4.597           0      131072            0            1    11122811 
   55425.331937200        17.256        0.045        36212070009940  339.0148070   18.8390410   22h36m03.55s   18d50m20.55s      2               0    4.061517e-07         134         133         119        17.253            0.006     17.269         17.268   17.279       17.273    0.054       0.036        11141013001427  339.0147900   18.8390620        3621      7   55425.336647200         524    17.284    21.719     27.664    2.050       2.894           0      131072            0            1    11141013 
   55425.278827200        17.262        0.045        36212070009940  339.0148070   18.8390410   22h36m03.55s   18d50m20.55s      2               0    4.061517e-07         134         133         119        17.253            0.006     17.269         17.268   17.279       17.273    0.054       0.036        11141058001326  339.0147990   18.8390540        3621      7   55425.283547200         524    17.273    21.595     27.629    1.950       2.634           0      131072            0            1    11141058 
   55422.310597200        17.226        0.030        36212070009940  339.0148070   18.8390410   22h36m03.55s   18d50m20.55s      2               0    4.061517e-07         134         133         119        17.253            0.006     17.269         17.268   17.279       17.273    0.054       0.036        11150388001377  339.0147940   18.8390590        3621      7   55422.315197200         521    17.222    21.631     27.729    2.350       3.298           0      131072            0            1    11150388 
   55422.266247200        17.252        0.030        36212070009940  339.0148070   18.8390410   22h36m03.55s   18d50m20.55s      2               0    4.061517e-07         134         133         119        17.253            0.006     17.269         17.268   17.279       17.273    0.054       0.036        11150450001325  339.0148080   18.8390820        3621      7   55422.270847200         521    17.241    21.597     27.712    2.250       3.401           0      131072            0            1    11150450 
   55428.355107200        17.263        0.028        36212070009940  339.0148070   18.8390410   22h36m03.55s   18d50m20.55s      2               0    4.061517e-07         134         133         119        17.253            0.006     17.269         17.268   17.279       17.273    0.054       0.036        11199215001237  339.0147970   18.8390590        3621      7   55428.359927200         527    17.263    21.276     27.759    2.150       2.920           0      131072            0            1    11199215 
   55428.399067200        17.265        0.027        36212070009940  339.0148070   18.8390410   22h36m03.55s   18d50m20.55s      2               0    4.061517e-07         134         133         119        17.253            0.006     17.269         17.268   17.279       17.273    0.054       0.036        11199294001361  339.0148000   18.8390540        3621      7   55428.403887200         527    17.263    21.594     27.757    2.050       2.992           0      131072            0            1    11199294 
   55436.231767200        17.327        0.037        36212070009940  339.0148070   18.8390410   22h36m03.55s   18d50m20.55s      2               0    4.061517e-07         134         133         119        17.253            0.006     17.269         17.268   17.279       17.273    0.054       0.036        11210382000868  339.0147930   18.8390760        3621      7   55436.236817200         609    17.315    20.389     27.687    2.750       3.073           0      131072            0            1    11210382 
   55436.187177200        17.276        0.036        36212070009940  339.0148070   18.8390410   22h36m03.55s   18d50m20.55s      2               0    4.061517e-07         134         133         119        17.253            0.006     17.269         17.268   17.279       17.273    0.054       0.036        11210510000855  339.0148200   18.8390490        3621      7   55436.192217200         609    17.259    20.465     27.658    2.450       3.242           0      131072            0            1    11210510 
   55439.226647200        17.262        0.031        36212070009940  339.0148070   18.8390410   22h36m03.55s   18d50m20.55s      2               0    4.061517e-07         134         133         119        17.253            0.006     17.269         17.268   17.279       17.273    0.054       0.036        11225547001237  339.0148020   18.8390510        3621      7   55439.231747200         534    17.260    21.287     27.703    2.350       3.316           0      131072            0            1    11225547 
   55439.183237200        17.251        0.031        36212070009940  339.0148070   18.8390410   22h36m03.55s   18d50m20.55s      2               0    4.061517e-07         134         133         119        17.253            0.006     17.269         17.268   17.279       17.273    0.054       0.036        11225593001165  339.0147960   18.8390580        3621      7   55439.188347200         534    17.256    21.226     27.670    2.550       3.541           0      131072            0            1    11225593 
   55384.474387200        17.261        0.026        36212070009940  339.0148070   18.8390410   22h36m03.55s   18d50m20.55s      2               0    4.061517e-07         134         133         119        17.253            0.006     17.269         17.268   17.279       17.273    0.054       0.036        11237966001315  339.0147960   18.8390530        3621      7   55384.476637200         483    17.259    21.628     27.762    2.250       2.874           0      131072            0            1    11237966 
   55382.487507200        17.300        0.032        36212070009940  339.0148070   18.8390410   22h36m03.55s   18d50m20.55s      2               0    4.061517e-07         134         133         119        17.253            0.006     17.269         17.268   17.279       17.273    0.054       0.036        11243322001005  339.0147830   18.8390670        3621      7   55382.489607200         481    17.291    20.720     27.754    2.250       3.275           0      131072            0            1    11243322 
   55419.313297200        17.230        0.240        36212070009940  339.0148070   18.8390410   22h36m03.55s   18d50m20.55s      2               0    4.061517e-07         134         133         119        17.253            0.006     17.269         17.268   17.279       17.273    0.054       0.036        11392254001044  339.0148060   18.8390530        3621      7   55419.317767200         518    17.124    20.842     26.788    2.750       3.925           0      131072            0            1    11392254 
   55419.269177200        17.229        0.241        36212070009940  339.0148070   18.8390410   22h36m03.55s   18d50m20.55s      2               0    4.061517e-07         134         133         119        17.253            0.006     17.269         17.268   17.279       17.273    0.054       0.036        11392268000907  339.0148170   18.8390670        3621      7   55419.273637200         518    17.442    20.851     26.773    2.750       3.428           0      131072            0            1    11392268 
   55377.472567200        17.274        0.033        36212070009940  339.0148070   18.8390410   22h36m03.55s   18d50m20.55s      2               0    4.061517e-07         134         133         119        17.253            0.006     17.269         17.268   17.279       17.273    0.054       0.036        11431673000948  339.0148120   18.8390460        3621      7   55377.474257200         476    17.261    20.783     27.723    2.150       2.744           0      131072            0            1    11431673 
   55138.198277200        17.357        0.045        36212070009940  339.0148070   18.8390410   22h36m03.55s   18d50m20.55s      2               0    4.061517e-07         134         133         119        17.253            0.006     17.269         17.268   17.279       17.273    0.054       0.036        11789180000906  339.0147940   18.8390460        3621      7   55138.201547200         245    17.359    20.588     27.763    2.250       2.844           0      131072            0            1    11789180 
   55142.185567200        17.278        0.030        36212070009940  339.0148070   18.8390410   22h36m03.55s   18d50m20.55s      2               0    4.061517e-07         134         133         119        17.253            0.006     17.269         17.268   17.279       17.273    0.054       0.036        11793502001252  339.0147890   18.8390540        3621      7   55142.188547200         282    17.277    21.337     27.749    2.350       3.027           0      131072            0            1    11793502 
   55123.241477200        17.285        0.030        36212070009940  339.0148070   18.8390410   22h36m03.55s   18d50m20.55s      2               0    4.061517e-07         134         133         119        17.253            0.006     17.269         17.268   17.279       17.273    0.054       0.036        11812586001105  339.0147800   18.8390400        3621      7   55123.245687200         232    17.287    21.508     27.803    2.250       2.712           0      131072            0            1    11812586 
   55049.420247200        17.344        0.036        36212070009940  339.0148070   18.8390410   22h36m03.55s   18d50m20.55s      2               0    4.061517e-07         134         133         119        17.253            0.006     17.269         17.268   17.279       17.273    0.054       0.036        11864266000720  339.0148040   18.8390720        3621      7   55049.424487200         163    17.352    20.129     27.367    2.250       2.557           0      131072            0            1    11864266 
   55054.396427200        17.244        0.058        36212070009940  339.0148070   18.8390410   22h36m03.55s   18d50m20.55s      2               0    4.061517e-07         134         133         119        17.253            0.006     17.269         17.268   17.279       17.273    0.054       0.036        11870474000864  339.0148100   18.8390630        3621      7   55054.400907200         168    17.271    20.620     27.322    1.950       2.580           0      131072            0            1    11870474 
   55054.293487200        17.322        0.059        36212070009940  339.0148070   18.8390410   22h36m03.55s   18d50m20.55s      2               0    4.061517e-07         134         133         119        17.253            0.006     17.269         17.268   17.279       17.273    0.054       0.036        11870481000840  339.0148060   18.8390440        3621      7   55054.297957200         168    17.285    20.502     27.248    1.950       2.811           0      131072            0            1    11870481 
   55067.169837200        17.051        0.039        36212070009940  339.0148070   18.8390410   22h36m03.55s   18d50m20.55s      2               0    4.061517e-07         134         133         119        17.253            0.006     17.269         17.268   17.279       17.273    0.054       0.036        11882310000995  339.0148080   18.8390470        3621      7   55067.174787200         181    17.070    20.868     27.198    2.550       3.572           0      131075            0            1    11882310 
   55066.365707200        17.284        0.034        36212070009940  339.0148070   18.8390410   22h36m03.55s   18d50m20.55s      2               0    4.061517e-07         134         133         119        17.253            0.006     17.269         17.268   17.279       17.273    0.054       0.036        11884229001255  339.0148370   18.8390540        3621      7   55066.370627200         180    17.307    21.476     27.241    1.950       3.364           0      131072            0            1    11884229 
   55062.266077200        17.108        0.034        36212070009940  339.0148070   18.8390410   22h36m03.55s   18d50m20.55s      2               0    4.061517e-07         134         133         119        17.253            0.006     17.269         17.268   17.279       17.273    0.054       0.036        11891507001043  339.0147950   18.8390410        3621      7   55062.270867200         176    17.125    21.028     27.282    2.950       3.707           0      131072            0            1    11891507 
   55062.351017200        17.260        0.033        36212070009940  339.0148070   18.8390410   22h36m03.55s   18d50m20.55s      2               0    4.061517e-07         134         133         119        17.253            0.006     17.269         17.268   17.279       17.273    0.054       0.036        11891611001239  339.0147980   18.8390430        3621      7   55062.355817200         176    17.272    21.323     27.307    2.650       3.608           0      131072            0            1    11891611 
   55059.364887200        17.240        0.030        36212070009940  339.0148070   18.8390410   22h36m03.55s   18d50m20.55s      2               0    4.061517e-07         134         133         119        17.253            0.006     17.269         17.268   17.279       17.273    0.054       0.036        11897935001279  339.0148040   18.8390470        3621      7   55059.369567200         173    17.269    21.475     27.368    2.250       3.112           0      131072            0            1    11897935 
   55059.285797200        17.175        0.030        36212070009940  339.0148070   18.8390410   22h36m03.55s   18d50m20.55s      2               0    4.061517e-07         134         133         119        17.253            0.006     17.269         17.268   17.279       17.273    0.054       0.036        11897979001225  339.0148110   18.8390560        3621      7   55059.290487200         173    17.196    21.423     27.351    2.250       3.251           0      131072            0            1    11897979 
   55018.370627200        17.302        0.043        36212070009940  339.0148070   18.8390410   22h36m03.55s   18d50m20.55s      2               0    4.061517e-07         134         133         119        17.253            0.006     17.269         17.268   17.279       17.273    0.054       0.036        11904715000940  339.0148090   18.8390610        3621      7   55018.372807200         132    17.279    20.344     27.052    2.350       2.950           0      131072            0            1    11904715 
   55018.305807200        17.338        0.046        36212070009940  339.0148070   18.8390410   22h36m03.55s   18d50m20.55s      2               0    4.061517e-07         134         133         119        17.253            0.006     17.269         17.268   17.279       17.273    0.054       0.036        11904743000784  339.0148250   18.8390370        3621      7   55018.307987200         132    17.308    19.842     26.991    2.950       3.999           0      131072            0            1    11904743 
   55087.301307200        17.270        0.027        36212070009940  339.0148070   18.8390410   22h36m03.55s   18d50m20.55s      2               0    4.061517e-07         134         133         119        17.253            0.006     17.269         17.268   17.279       17.273    0.054       0.036        11918080001244  339.0148110   18.8390570        3621      7   55087.306527200         199    17.282    21.510     27.400    2.350       3.038           0      131072            0            1    11918080 
   55087.345997200        17.278        0.028        36212070009940  339.0148070   18.8390410   22h36m03.55s   18d50m20.55s      2               0    4.061517e-07         134         133         119        17.253            0.006     17.269         17.268   17.279       17.273    0.054       0.036        11918084001201  339.0148150   18.8390620        3621      7   55087.351217200         199    17.290    21.466     27.394    2.250       3.027           0      131072            0            1    11918084 
   55044.415047200        17.258        0.029        36212070009940  339.0148070   18.8390410   22h36m03.55s   18d50m20.55s      2               0    4.061517e-07         134         133         119        17.253            0.006     17.269         17.268   17.279       17.273    0.054       0.036        11934642001372  339.0148150   18.8390550        3621      7   55044.419017200         158    17.264    21.653     27.395    2.250       3.210           0      131072            0            1    11934642 
   55044.461787200        17.243        0.029        36212070009940  339.0148070   18.8390410   22h36m03.55s   18d50m20.55s      2               0    4.061517e-07         134         133         119        17.253            0.006     17.269         17.268   17.279       17.273    0.054       0.036        11934643001443  339.0148150   18.8390570        3621      7   55044.465757200         158    17.250    21.754     27.392    2.050       2.992           0      131072            0            1    11934643 
   55030.408307200        17.583        0.184        36212070009940  339.0148070   18.8390410   22h36m03.55s   18d50m20.55s      2               0    4.061517e-07         134         133         119        17.253            0.006     17.269         17.268   17.279       17.273    0.054       0.036        11958131000274  339.0147800   18.8390760        3621      7   55030.411397200         144    20.511    21.177     27.321    1.950       1.932           0      131072            0            1    11958131 
   55030.440717200        17.274        0.109        36212070009940  339.0148070   18.8390410   22h36m03.55s   18d50m20.55s      2               0    4.061517e-07         134         133         119        17.253            0.006     17.269         17.268   17.279       17.273    0.054       0.036        11958169001347  339.0148110   18.8390500        3621      7   55030.443797200         144    17.271    21.613     27.327    1.850       2.729           0      131072            0            1    11958169 
   55039.235987200        17.281        0.034        36212070009940  339.0148070   18.8390410   22h36m03.55s   18d50m20.55s      2               0    4.061517e-07         134         133         119        17.253            0.006     17.269         17.268   17.279       17.273    0.054       0.036        11984250000911  339.0147890   18.8390620        3621      7   55039.239647200         153    17.271    20.672     27.078    2.950       3.730           0      131072            0            1    11984250 
   55038.368947200        17.245        0.031        36212070009940  339.0148070   18.8390410   22h36m03.55s   18d50m20.55s      2               0    4.061517e-07         134         133         119        17.253            0.006     17.269         17.268   17.279       17.273    0.054       0.036        11986223001313  339.0148000   18.8390450        3621      7   55038.372557200         152    17.257    21.592     27.223    1.950       3.176           0      131072            0            1    11986223 
   55006.459877200        17.281        0.039        36212070009940  339.0148070   18.8390410   22h36m03.55s   18d50m20.55s      2               0    4.061517e-07         134         133         119        17.253            0.006     17.269         17.268   17.279       17.273    0.054       0.036        12024266001372  339.0148060   18.8390620        3621      7   55006.461077200         114    17.279    21.338     27.094    2.150       2.793           0      131072            0            1    12024266 
   55006.390067200        17.253        0.039        36212070009940  339.0148070   18.8390410   22h36m03.55s   18d50m20.55s      2               0    4.061517e-07         134         133         119        17.253            0.006     17.269         17.268   17.279       17.273    0.054       0.036        12024326001244  339.0147900   18.8390630        3621      7   55006.391267200         114    17.247    21.071     27.068    2.550       3.364           0      131072            0            1    12024326 
   55009.355627200        17.262        0.043        36212070009940  339.0148070   18.8390410   22h36m03.55s   18d50m20.55s      2               0    4.061517e-07         134         133         119        17.253            0.006     17.269         17.268   17.279       17.273    0.054       0.036        12049224001096  339.0147810   18.8390630        3621      7   55009.357077200         124    17.248    20.840     27.029    3.250       4.002           0      131072            0            1    12049224 
   55050.367527200        17.297        0.041        36212070009940  339.0148070   18.8390410   22h36m03.55s   18d50m20.55s      2               0    4.061517e-07         134         133         119        17.253            0.006     17.269         17.268   17.279       17.273    0.054       0.036        12070714000612  339.0147710   18.8390530        3621      7   55050.371817200         164    17.310    19.671     27.375    3.350       4.337           0      131072            0            1    12070714 
   55050.190447200        17.587        0.061        36212070009940  339.0148070   18.8390410   22h36m03.55s   18d50m20.55s      2               0    4.061517e-07         134         133         119        17.253            0.006     17.269         17.268   17.279       17.273    0.054       0.036        12070800000397  339.0147000   18.8390230        3621      7   55050.194737200         164    17.616    18.871     27.226    4.750       5.782           0      131072            0            1    12070800 
   55050.415797200        17.338        0.041        36212070009940  339.0148070   18.8390410   22h36m03.55s   18d50m20.55s      2               0    4.061517e-07         134         133         119        17.253            0.006     17.269         17.268   17.279       17.273    0.054       0.036        12070841000596  339.0148500   18.8390620        3621      7   55050.420087200         164    17.354    19.638     27.370    3.250       4.026           0      131072            0            1    12070841 
   55458.186147200        17.274        0.032        36212070009940  339.0148070   18.8390410   22h36m03.55s   18d50m20.55s      2               0    4.061517e-07         134         133         119        17.253            0.006     17.269         17.268   17.279       17.273    0.054       0.036        12795382001039  339.0148050   18.8390540        3621      7   55458.191337200         553    17.277    20.999     27.761    2.150       2.931           0      131072            0            1    12795382 
   55458.229437200        17.289        0.033        36212070009940  339.0148070   18.8390410   22h36m03.55s   18d50m20.55s      2               0    4.061517e-07         134         133         119        17.253            0.006     17.269         17.268   17.279       17.273    0.054       0.036        12795445000949  339.0148060   18.8390480        3621      7   55458.234617200         553    17.305    20.911     27.764    2.450       3.372           0      131072            0            1    12795445 
   55480.117357200        17.267        0.028        36212070009940  339.0148070   18.8390410   22h36m03.55s   18d50m20.55s      2               0    4.061517e-07         134         133         119        17.253            0.006     17.269         17.268   17.279       17.273    0.054       0.036        12807751001206  339.0148210   18.8390620        3621      7   55480.121967200         574    17.274    21.329     27.707    2.350       3.396           0      131072            0            1    12807751 
   55480.160357200        17.255        0.027        36212070009940  339.0148070   18.8390410   22h36m03.55s   18d50m20.55s      2               0    4.061517e-07         134         133         119        17.253            0.006     17.269         17.268   17.279       17.273    0.054       0.036        12807869001320  339.0148130   18.8390560        3621      7   55480.164967200         574    17.259    21.630     27.729    1.850       2.738           0      131072            0            1    12807869 
   55499.126077200        17.251        0.098        36212070009940  339.0148070   18.8390410   22h36m03.55s   18d50m20.55s      2               0    4.061517e-07         134         133         119        17.253            0.006     17.269         17.268   17.279       17.273    0.054       0.036        12935257001201  339.0148170   18.8390550        3621      7   55499.129647200         594    17.220    21.306     27.723    2.350       3.120           0      131072            0            1    12935257 
   55499.169697200        17.280        0.098        36212070009940  339.0148070   18.8390410   22h36m03.55s   18d50m20.55s      2               0    4.061517e-07         134         133         119        17.253            0.006     17.269         17.268   17.279       17.273    0.054       0.036        12935369001221  339.0148120   18.8390600        3621      7   55499.173267200         594    17.255    21.350     27.725    2.350       2.809           0      131072            0            1    12935369 
   56202.127567200        17.300        0.035        36212070009940  339.0148070   18.8390410   22h36m03.55s   18d50m20.55s      2               0    4.061517e-07         134         133         119        17.253            0.006     17.269         17.268   17.279       17.273    0.054       0.036        14273307000843  339.0148190   18.8390390        3621      7   56202.132487200        1299    17.319    20.538     27.749    2.450       3.302           0      131072            0            1    14273307 
   56202.156757200        17.332        0.035        36212070009940  339.0148070   18.8390410   22h36m03.55s   18d50m20.55s      2               0    4.061517e-07         134         133         119        17.253            0.006     17.269         17.268   17.279       17.273    0.054       0.036        14273324000845  339.0148160   18.8390630        3621      7   56202.161677200        1299    17.353    20.651     27.763    2.150       2.628           0      131072            0            1    14273324 
   56202.186317200        17.298        0.034        36212070009940  339.0148070   18.8390410   22h36m03.55s   18d50m20.55s      2               0    4.061517e-07         134         133         119        17.253            0.006     17.269         17.268   17.279       17.273    0.054       0.036        14273340000865  339.0148200   18.8390700        3621      7   56202.191237200        1299    17.309    20.682     27.773    2.250       2.863           0      131072            0            1    14273340 
   56204.116247200        17.285        0.410        36212070009940  339.0148070   18.8390410   22h36m03.55s   18d50m20.55s      2               0    4.061517e-07         134         133         119        17.253            0.006     17.269         17.268   17.279       17.273    0.054       0.036        14316248000738  339.0148230   18.8390630        3621      7   56204.121107200        1301    17.749    20.766     27.495    2.450       3.086           0      131072            0            1    14316248 
   56204.146757200        17.236        0.410        36212070009940  339.0148070   18.8390410   22h36m03.55s   18d50m20.55s      2               0    4.061517e-07         134         133         119        17.253            0.006     17.269         17.268   17.279       17.273    0.054       0.036        14316265000892  339.0148190   18.8390650        3621      7   56204.151617200        1301    17.424    20.947     27.454    2.250       2.898           0      131072            0            1    14316265 
   56204.177387200        17.262        0.412        36212070009940  339.0148070   18.8390410   22h36m03.55s   18d50m20.55s      2               0    4.061517e-07         134         133         119        17.253            0.006     17.269         17.268   17.279       17.273    0.054       0.036        14316291000522  339.0148020   18.8390610        3621      7   56204.182237200        1301    17.885    20.039     27.377    2.350       2.738           0      131072            0            1    14316291 
   56206.117187200        17.281        0.107        36212070009940  339.0148070   18.8390410   22h36m03.55s   18d50m20.55s      2               0    4.061517e-07         134         133         119        17.253            0.006     17.269         17.268   17.279       17.273    0.054       0.036        14342016001261  339.0148210   18.8390640        3621      7   56206.121977200        1303    17.298    21.481     27.789    2.150       3.175           0      131072            0            1    14342016 
   56206.152727200        17.269        0.107        36212070009940  339.0148070   18.8390410   22h36m03.55s   18d50m20.55s      2               0    4.061517e-07         134         133         119        17.253            0.006     17.269         17.268   17.279       17.273    0.054       0.036        14342041001253  339.0148190   18.8390600        3621      7   56206.157517200        1303    17.294    21.470     27.803    2.450       3.211           0      131072            0            1    14342041 
   56206.183057200        17.277        0.107        36212070009940  339.0148070   18.8390410   22h36m03.55s   18d50m20.55s      2               0    4.061517e-07         134         133         119        17.253            0.006     17.269         17.268   17.279       17.273    0.054       0.036        14342065001335  339.0148280   18.8390590        3621      7   56206.187837200        1303    17.285    21.585     27.798    2.250       2.695           0      131072            0            1    14342065 
   56224.192577200        17.327        0.082        36212070009940  339.0148070   18.8390410   22h36m03.55s   18d50m20.55s      2               0    4.061517e-07         134         133         119        17.253            0.006     17.269         17.268   17.279       17.273    0.054       0.036        14400328000854  339.0148120   18.8390470        3621      7   56224.196497200        1311    17.265    20.522     27.717    2.650       2.979           0      131072            0            1    14400328 
   56228.218817200        17.329        0.035        36212070009940  339.0148070   18.8390410   22h36m03.55s   18d50m20.55s      2               0    4.061517e-07         134         133         119        17.253            0.006     17.269         17.268   17.279       17.273    0.054       0.036        14452655000822  339.0148160   18.8390640        3621      7   56228.222487200        1315    17.330    20.499     27.791    2.450       3.139           0      131072            0            1    14452655 
   56230.253957200        17.264        0.034        36212070009940  339.0148070   18.8390410   22h36m03.55s   18d50m20.55s      2               0    4.061517e-07         134         133         119        17.253            0.006     17.269         17.268   17.279       17.273    0.054       0.036        14489894000797  339.0148180   18.8390560        3621      7   56230.257487200        1317    17.264    20.503     27.753    2.150       2.570           0      131072            0            1    14489894 
   56234.218927200        17.238        0.050        36212070009940  339.0148070   18.8390410   22h36m03.55s   18d50m20.55s      2               0    4.061517e-07         134         133         119        17.253            0.006     17.269         17.268   17.279       17.273    0.054       0.036        14499585001054  339.0148160   18.8390620        3621      7   56234.222177200        1321    17.213    21.030     27.757    2.450       2.973           0      131072            0            1    14499585 
   56234.248747200        17.237        0.050        36212070009940  339.0148070   18.8390410   22h36m03.55s   18d50m20.55s      2               0    4.061517e-07         134         133         119        17.253            0.006     17.269         17.268   17.279       17.273    0.054       0.036        14499609001025  339.0148240   18.8390650        3621      7   56234.252007200        1321    17.211    21.046     27.741    2.250       2.945           0      131072            0            1    14499609 
   56236.150467200        17.240        0.029        36212070009940  339.0148070   18.8390410   22h36m03.55s   18d50m20.55s      2               0    4.061517e-07         134         133         119        17.253            0.006     17.269         17.268   17.279       17.273    0.054       0.036        14531752001186  339.0148200   18.8390600        3621      7   56236.153577200        1323    17.247    21.376     27.795    2.450       3.323           0      131072            0            1    14531752 
   56236.182997200        17.241        0.029        36212070009940  339.0148070   18.8390410   22h36m03.55s   18d50m20.55s      2               0    4.061517e-07         134         133         119        17.253            0.006     17.269         17.268   17.279       17.273    0.054       0.036        14531774001110  339.0148100   18.8390660        3621      7   56236.186107200        1323    17.243    21.254     27.792    2.750       3.306           0      131072            0            1    14531774 
   56238.096297200        17.246        0.026        36212070009940  339.0148070   18.8390410   22h36m03.55s   18d50m20.55s      2               0    4.061517e-07         134         133         119        17.253            0.006     17.269         17.268   17.279       17.273    0.054       0.036        14573596001245  339.0148220   18.8390570        3621      7   56238.099267200        1325    17.250    21.483     27.792    2.050       2.685           0      131072            0            1    14573596 
   56238.125907200        17.259        0.026        36212070009940  339.0148070   18.8390410   22h36m03.55s   18d50m20.55s      2               0    4.061517e-07         134         133         119        17.253            0.006     17.269         17.268   17.279       17.273    0.054       0.036        14573629001218  339.0148220   18.8390560        3621      7   56238.128867200        1325    17.265    21.471     27.795    2.150       3.038           0      131072            0            1    14573629 
   56232.252567200        17.377        0.075        36212070009940  339.0148070   18.8390410   22h36m03.55s   18d50m20.55s      2               0    4.061517e-07         134         133         119        17.253            0.006     17.269         17.268   17.279       17.273    0.054       0.036        14647940000921  339.0148160   18.8390740        3621      7   56232.255957200        1319    17.362    20.769     27.734    2.250       2.328           0      131072            0            1    14647940 
   56232.298947200        17.246        0.077        36212070009940  339.0148070   18.8390410   22h36m03.55s   18d50m20.55s      2               0    4.061517e-07         134         133         119        17.253            0.006     17.269         17.268   17.279       17.273    0.054       0.036        14647968000789  339.0148190   18.8390550        3621      7   56232.302337200        1319    17.330    20.580     27.724    2.050       2.885           0      131072            0            1    14647968 
   56251.089337200        17.251        0.029        36212070009940  339.0148070   18.8390410   22h36m03.55s   18d50m20.55s      2               0    4.061517e-07         134         133         119        17.253            0.006     17.269         17.268   17.279       17.273    0.054       0.036        14657663001137  339.0148230   18.8390530        3621      7   56251.091257200        1338    17.255    21.269     27.798    2.050       2.660           0      131072            0            1    14657663 
   56251.119187200        17.251        0.029        36212070009940  339.0148070   18.8390410   22h36m03.55s   18d50m20.55s      2               0    4.061517e-07         134         133         119        17.253            0.006     17.269         17.268   17.279       17.273    0.054       0.036        14657688001110  339.0148250   18.8390480        3621      7   56251.121107200        1338    17.258    21.210     27.798    2.150       2.498           0      131072            0            1    14657688 
   56255.090207200        17.255        0.031        36212070009940  339.0148070   18.8390410   22h36m03.55s   18d50m20.55s      2               0    4.061517e-07         134         133         119        17.253            0.006     17.269         17.268   17.279       17.273    0.054       0.036        14698338000945  339.0148200   18.8390520        3621      7   56255.091787200        1342    17.249    20.646     27.791    2.750       3.066           0      131072            0            1    14698338 
   56255.119607200        17.261        0.031        36212070009940  339.0148070   18.8390410   22h36m03.55s   18d50m20.55s      2               0    4.061517e-07         134         133         119        17.253            0.006     17.269         17.268   17.279       17.273    0.054       0.036        14698368000957  339.0148160   18.8390560        3621      7   56255.121177200        1342    17.261    20.704     27.793    2.650       3.188           0      131072            0            1    14698368 
   56256.084107200        17.270        0.031        36212070009940  339.0148070   18.8390410   22h36m03.55s   18d50m20.55s      2               0    4.061517e-07         134         133         119        17.253            0.006     17.269         17.268   17.279       17.273    0.054       0.036        14708617000929  339.0148070   18.8390670        3621      7   56256.085597200        1343    17.266    20.771     27.779    2.250       2.938           0      131072            0            1    14708617 
   56256.114667200        17.295        0.031        36212070009940  339.0148070   18.8390410   22h36m03.55s   18d50m20.55s      2               0    4.061517e-07         134         133         119        17.253            0.006     17.269         17.268   17.279       17.273    0.054       0.036        14708636000901  339.0148150   18.8390770        3621      7   56256.116147200        1343    17.297    20.728     27.780    2.350       2.815           0      131072            0            1    14708636 
   56258.118807200        17.317        0.109        36212070009940  339.0148070   18.8390410   22h36m03.55s   18d50m20.55s      2               0    4.061517e-07         134         133         119        17.253            0.006     17.269         17.268   17.279       17.273    0.054       0.036        14727956000909  339.0148210   18.8390580        3621      7   56258.120117200        1345    17.221    20.700     27.691    2.150       2.409           0      131072            0            1    14727956 
   56258.089417200        17.370        0.115        36212070009940  339.0148070   18.8390410   22h36m03.55s   18d50m20.55s      2               0    4.061517e-07         134         133         119        17.253            0.006     17.269         17.268   17.279       17.273    0.054       0.036        14727968000580  339.0148210   18.8390440        3621      7   56258.090727200        1345    17.686    20.003     27.666    2.250       2.340           0      131072            0            1    14727968 
   56266.143577200        17.268        0.196        36212070009940  339.0148070   18.8390410   22h36m03.55s   18d50m20.55s      2               0    4.061517e-07         134         133         119        17.253            0.006     17.269         17.268   17.279       17.273    0.054       0.036        14748304000817  339.0148230   18.8390580        3621      7   56266.144157200        1353    17.577    21.026     27.576    1.950       2.252           0      131072            0            1    14748304 
   56266.172857200        17.278        0.196        36212070009940  339.0148070   18.8390410   22h36m03.55s   18d50m20.55s      2               0    4.061517e-07         134         133         119        17.253            0.006     17.269         17.268   17.279       17.273    0.054       0.036        14748333000809  339.0148190   18.8390730        3621      7   56266.173437200        1353    17.611    20.931     27.581    2.150       2.450           0      131072            0            1    14748333 
   56271.183287200        17.263        0.042        36212070009940  339.0148070   18.8390410   22h36m03.55s   18d50m20.55s      2               0    4.061517e-07         134         133         119        17.253            0.006     17.269         17.268   17.279       17.273    0.054       0.036        14804541000938  339.0148120   18.8390560        3621      7   56271.183397200        1358    17.252    20.946     27.709    2.950       3.438           0      131072            0            1    14804541 
   56271.213277200        17.262        0.043        36212070009940  339.0148070   18.8390410   22h36m03.55s   18d50m20.55s      2               0    4.061517e-07         134         133         119        17.253            0.006     17.269         17.268   17.279       17.273    0.054       0.036        14804568000861  339.0148250   18.8390610        3621      7   56271.213387200        1358    17.234    20.696     27.676    3.350       3.899           0      131072            0            1    14804568 
   56257.093607200        17.377        0.032        36212070009940  339.0148070   18.8390410   22h36m03.55s   18d50m20.55s      2               0    4.061517e-07         134         133         119        17.253            0.006     17.269         17.268   17.279       17.273    0.054       0.036        15702055000936  339.0148130   18.8390670        3621      7   56257.095007200        1344    17.377    20.757     27.780    2.350       2.454           0      131072            0            1    15702055 
   56257.124397200        17.302        0.032        36212070009940  339.0148070   18.8390410   22h36m03.55s   18d50m20.55s      2               0    4.061517e-07         134         133         119        17.253            0.006     17.269         17.268   17.279       17.273    0.054       0.036        15702074000923  339.0148170   18.8390540        3621      7   56257.125797200        1344    17.310    20.719     27.784    2.450       2.847           0      131072            0            1    15702074 
