   55783.498447200        17.051        0.028        36212020004145  339.6049250   19.5067780   22h38m25.18s   19d30m24.40s      2               0    4.286531e-07         134         132         122        17.020            0.005     17.038         17.039   17.039       17.041    0.031       0.025        10358589003263  339.6049010   19.5068100        3621      2   55783.502867200         881    17.050    21.300     27.595    2.250       2.943           0      131072            0            1    10358589 
   55783.453967200        17.040        0.027        36212020004145  339.6049250   19.5067780   22h38m25.18s   19d30m24.40s      2               0    4.286531e-07         134         132         122        17.020            0.005     17.038         17.039   17.039       17.041    0.031       0.025        10358621003977  339.6049080   19.5068000        3621      2   55783.458387200         881    17.037    21.752     27.614    2.050       2.923           0      131072            0            1    10358621 
   55794.447477200        17.051        0.096        36212020004145  339.6049250   19.5067780   22h38m25.18s   19d30m24.40s      2               0    4.286531e-07         134         132         122        17.020            0.005     17.038         17.039   17.039       17.041    0.031       0.025        10379938002138  339.6049040   19.5067980        3621      2   55794.452327200         892    17.480    20.846     27.508    2.050       2.862           0      131072            0            1    10379938 
   55794.489907200        17.049        0.112        36212020004145  339.6049250   19.5067780   22h38m25.18s   19d30m24.40s      2               0    4.286531e-07         134         132         122        17.020            0.005     17.038         17.039   17.039       17.041    0.031       0.025        10379955001148  339.6049060   19.5067770        3621      2   55794.494757200         892    18.507    20.430     27.478    1.950       3.152           0      131072            0            1    10379955 
   55822.260997200        17.033        0.029        36212020004145  339.6049250   19.5067780   22h38m25.18s   19d30m24.40s      2               0    4.286531e-07         134         132         122        17.020            0.005     17.038         17.039   17.039       17.041    0.031       0.025        10514437003014  339.6049250   19.5068010        3621      2   55822.266197200         920    17.026    21.285     27.585    1.850       2.768           0      131072            0            1    10514437 
   55822.304817200        17.050        0.029        36212020004145  339.6049250   19.5067780   22h38m25.18s   19d30m24.40s      2               0    4.286531e-07         134         132         122        17.020            0.005     17.038         17.039   17.039       17.041    0.031       0.025        10514558003018  339.6049280   19.5068010        3621      2   55822.310007200         920    17.039    21.250     27.582    1.850       2.744           0      131072            0            1    10514558 
   55471.198477200        17.017        0.136        36212020004145  339.6049250   19.5067780   22h38m25.18s   19d30m24.40s      2               0    4.286531e-07         134         132         122        17.020            0.005     17.038         17.039   17.039       17.041    0.031       0.025        10797471003855  339.6049090   19.5068000        3621      2   55471.203407200         562    17.084    21.769     27.780    1.950       2.791           0      131072            0            1    10797471 
   55471.242217200        17.009        0.136        36212020004145  339.6049250   19.5067780   22h38m25.18s   19d30m24.40s      2               0    4.286531e-07         134         132         122        17.020            0.005     17.038         17.039   17.039       17.041    0.031       0.025        10797493003829  339.6048940   19.5068040        3621      2   55471.247147200         562    17.026    21.720     27.731    1.950       2.904           0      131072            0            1    10797493 
   55483.217697200        17.051        0.027        36212020004145  339.6049250   19.5067780   22h38m25.18s   19d30m24.40s      2               0    4.286531e-07         134         132         122        17.020            0.005     17.038         17.039   17.039       17.041    0.031       0.025        10854788003693  339.6048930   19.5067640        3621      2   55483.222167200         577    17.054    21.640     27.723    1.850       2.584           0      131072            0            1    10854788 
   55483.261397200        17.034        0.027        36212020004145  339.6049250   19.5067780   22h38m25.18s   19d30m24.40s      2               0    4.286531e-07         134         132         122        17.020            0.005     17.038         17.039   17.039       17.041    0.031       0.025        10854801003805  339.6049000   19.5067710        3621      2   55483.265867200         577    17.034    21.652     27.716    2.050       2.753           0      131072            0            1    10854801 
   55442.457187200        17.035        0.025        36212020004145  339.6049250   19.5067780   22h38m25.18s   19d30m24.40s      2               0    4.286531e-07         134         132         122        17.020            0.005     17.038         17.039   17.039       17.041    0.031       0.025        10901625003727  339.6048960   19.5067770        3621      2   55442.462347200         537    17.039    21.689     27.688    1.750       2.583           0      131072            0            1    10901625 
   55442.413457200        17.037        0.024        36212020004145  339.6049250   19.5067780   22h38m25.18s   19d30m24.40s      2               0    4.286531e-07         134         132         122        17.020            0.005     17.038         17.039   17.039       17.041    0.031       0.025        10901708003962  339.6048850   19.5067940        3621      2   55442.418617200         537    17.046    21.796     27.714    1.750       2.675           0      131072            0            1    10901708 
   55446.207007200        17.045        0.033        36212020004145  339.6049250   19.5067780   22h38m25.18s   19d30m24.40s      2               0    4.286531e-07         134         132         122        17.020            0.005     17.038         17.039   17.039       17.041    0.031       0.025        10912671003734  339.6049080   19.5067880        3621      2   55446.212197200         541    17.051    21.551     27.689    2.150       2.912           0      131072            0            1    10912671 
   55446.164227200        17.038        0.033        36212020004145  339.6049250   19.5067780   22h38m25.18s   19d30m24.40s      2               0    4.286531e-07         134         132         122        17.020            0.005     17.038         17.039   17.039       17.041    0.031       0.025        10912850003435  339.6049260   19.5067940        3621      2   55446.169417200         541    17.049    21.324     27.665    2.350       2.973           0      131072            0            1    10912850 
   55452.151187200        17.009        0.024        36212020004145  339.6049250   19.5067780   22h38m25.18s   19d30m24.40s      2               0    4.286531e-07         134         132         122        17.020            0.005     17.038         17.039   17.039       17.041    0.031       0.025        10932970003494  339.6049050   19.5067860        3621      2   55452.156407200         547    17.014    21.388     27.704    2.050       2.740           0      131072            0            1    10932970 
   55452.194607200        17.035        0.024        36212020004145  339.6049250   19.5067780   22h38m25.18s   19d30m24.40s      2               0    4.286531e-07         134         132         122        17.020            0.005     17.038         17.039   17.039       17.041    0.031       0.025        10933052003697  339.6049130   19.5067790        3621      2   55452.199827200         547    17.040    21.585     27.723    1.950       2.854           0      131072            0            1    10933052 
   55467.309767200        17.049        0.071        36212020004145  339.6049250   19.5067780   22h38m25.18s   19d30m24.40s      2               0    4.286531e-07         134         132         122        17.020            0.005     17.038         17.039   17.039       17.041    0.031       0.025        11077003002990  339.6049100   19.5067830        3621      2   55467.314797200         560    17.054    21.124     27.714    2.150       2.760           0      131072            0            1    11077003 
   55468.223777200        17.028        0.416        36212020004145  339.6049250   19.5067780   22h38m25.18s   19d30m24.40s      2               0    4.286531e-07         134         132         122        17.020            0.005     17.038         17.039   17.039       17.041    0.031       0.025        11077512003539  339.6049010   19.5067970        3621      2   55468.228787200         558    17.017    21.388     27.684    2.150       2.911           0      131072            0            1    11077512 
   55416.295877200        17.039        0.181        36212020004145  339.6049250   19.5067780   22h38m25.18s   19d30m24.40s      2               0    4.286531e-07         134         132         122        17.020            0.005     17.038         17.039   17.039       17.041    0.031       0.025        11122379002970  339.6049090   19.5067980        3621      2   55416.300207200         515    17.103    20.967     26.887    2.950       3.173           0      131072            0            1    11122379 
   55416.252257200        17.025        0.181        36212020004145  339.6049250   19.5067780   22h38m25.18s   19d30m24.40s      2               0    4.286531e-07         134         132         122        17.020            0.005     17.038         17.039   17.039       17.041    0.031       0.025        11122537002718  339.6049020   19.5068000        3621      2   55416.256577200         515    16.967    20.531     26.793    3.650       3.830           0      131072            0            1    11122537 
   55425.331937200        17.029        0.038        36212020004145  339.6049250   19.5067780   22h38m25.18s   19d30m24.40s      2               0    4.286531e-07         134         132         122        17.020            0.005     17.038         17.039   17.039       17.041    0.031       0.025        11140755003795  339.6049080   19.5067860        3621      2   55425.336647200         524    17.040    21.701     27.600    1.950       2.778           0      131072            0            1    11140755 
   55425.278827200        17.020        0.038        36212020004145  339.6049250   19.5067780   22h38m25.18s   19d30m24.40s      2               0    4.286531e-07         134         132         122        17.020            0.005     17.038         17.039   17.039       17.041    0.031       0.025        11140801003610  339.6048900   19.5068040        3621      2   55425.283547200         524    17.018    21.640     27.569    1.750       2.732           0      131072            0            1    11140801 
   55422.310597200        17.043        0.029        36212020004145  339.6049250   19.5067780   22h38m25.18s   19d30m24.40s      2               0    4.286531e-07         134         132         122        17.020            0.005     17.038         17.039   17.039       17.041    0.031       0.025        11148584003738  339.6049060   19.5068050        3621      2   55422.315197200         521    17.037    21.609     27.672    2.250       3.058           0      131072            0            1    11148584 
   55422.266247200        17.044        0.029        36212020004145  339.6049250   19.5067780   22h38m25.18s   19d30m24.40s      2               0    4.286531e-07         134         132         122        17.020            0.005     17.038         17.039   17.039       17.041    0.031       0.025        11148646003648  339.6049110   19.5067820        3621      2   55422.270847200         521    17.031    21.575     27.656    2.150       3.019           0      131072            0            1    11148646 
   55428.355107200        17.037        0.024        36212020004145  339.6049250   19.5067780   22h38m25.18s   19d30m24.40s      2               0    4.286531e-07         134         132         122        17.020            0.005     17.038         17.039   17.039       17.041    0.031       0.025        11193285003362  339.6049130   19.5067910        3621      2   55428.359927200         527    17.039    21.357     27.737    1.950       2.703           0      131072            0            1    11193285 
   55428.399067200        17.009        0.024        36212020004145  339.6049250   19.5067780   22h38m25.18s   19d30m24.40s      2               0    4.286531e-07         134         132         122        17.020            0.005     17.038         17.039   17.039       17.041    0.031       0.025        11193365003795  339.6049100   19.5068020        3621      2   55428.403887200         527    17.009    21.628     27.735    1.950       2.737           0      131072            0            1    11193365 
   55436.231767200        17.011        0.033        36212020004145  339.6049250   19.5067780   22h38m25.18s   19d30m24.40s      2               0    4.286531e-07         134         132         122        17.020            0.005     17.038         17.039   17.039       17.041    0.031       0.025        11209562002318  339.6049030   19.5068080        3621      2   55436.236817200         609    17.006    20.451     27.657    2.450       2.940           0      131072            0            1    11209562 
   55436.187177200        17.072        0.033        36212020004145  339.6049250   19.5067780   22h38m25.18s   19d30m24.40s      2               0    4.286531e-07         134         132         122        17.020            0.005     17.038         17.039   17.039       17.041    0.031       0.025        11209692002262  339.6049030   19.5068090        3621      2   55436.192217200         609    17.063    20.491     27.624    2.250       2.958           0      131072            0            1    11209692 
   55439.226647200        17.018        0.027        36212020004145  339.6049250   19.5067780   22h38m25.18s   19d30m24.40s      2               0    4.286531e-07         134         132         122        17.020            0.005     17.038         17.039   17.039       17.041    0.031       0.025        11224549003310  339.6049050   19.5068010        3621      2   55439.231747200         534    17.014    21.276     27.659    2.250       2.935           0      131072            0            1    11224549 
   55439.183237200        17.048        0.027        36212020004145  339.6049250   19.5067780   22h38m25.18s   19d30m24.40s      2               0    4.286531e-07         134         132         122        17.020            0.005     17.038         17.039   17.039       17.041    0.031       0.025        11224597003326  339.6049210   19.5068080        3621      2   55439.188347200         534    17.048    21.259     27.626    2.350       2.987           0      131072            0            1    11224597 
   55384.474387200        17.035        0.025        36212020004145  339.6049250   19.5067780   22h38m25.18s   19d30m24.40s      2               0    4.286531e-07         134         132         122        17.020            0.005     17.038         17.039   17.039       17.041    0.031       0.025        11237079003703  339.6049070   19.5067800        3621      2   55384.476637200         483    17.043    21.630     27.725    2.150       2.802           0      131072            0            1    11237079 
   55382.487507200        17.017        0.027        36212020004145  339.6049250   19.5067780   22h38m25.18s   19d30m24.40s      2               0    4.286531e-07         134         132         122        17.020            0.005     17.038         17.039   17.039       17.041    0.031       0.025        11241775002537  339.6049090   19.5068130        3621      2   55382.489607200         481    17.016    20.678     27.717    2.250       3.072           0      131072            0            1    11241775 
   55419.313297200        17.039        0.194        36212020004145  339.6049250   19.5067780   22h38m25.18s   19d30m24.40s      2               0    4.286531e-07         134         132         122        17.020            0.005     17.038         17.039   17.039       17.041    0.031       0.025        11390944003022  339.6049110   19.5068060        3621      2   55419.317767200         518    16.872    20.907     26.752    2.450       2.945           0      131072            0            1    11390944 
   55419.269177200        17.044        0.194        36212020004145  339.6049250   19.5067780   22h38m25.18s   19d30m24.40s      2               0    4.286531e-07         134         132         122        17.020            0.005     17.038         17.039   17.039       17.041    0.031       0.025        11390958002608  339.6048990   19.5068180        3621      2   55419.273637200         518    17.178    20.881     26.760    2.550       3.115           0      131072            0            1    11390958 
   55377.472567200        17.039        0.029        36212020004145  339.6049250   19.5067780   22h38m25.18s   19d30m24.40s      2               0    4.286531e-07         134         132         122        17.020            0.005     17.038         17.039   17.039       17.041    0.031       0.025        11431210002532  339.6048970   19.5067990        3621      2   55377.474257200         476    17.025    20.843     27.656    1.950       2.809           0      131072            0            1    11431210 
   55138.198277200        17.061        0.039        36212020004145  339.6049250   19.5067780   22h38m25.18s   19d30m24.40s      2               0    4.286531e-07         134         132         122        17.020            0.005     17.038         17.039   17.039       17.041    0.031       0.025        11787786002347  339.6049040   19.5067750        3621      2   55138.201547200         245    17.067    20.600     27.765    2.150       2.957           0      131072            0            1    11787786 
   55142.185567200        17.063        0.026        36212020004145  339.6049250   19.5067780   22h38m25.18s   19d30m24.40s      2               0    4.286531e-07         134         132         122        17.020            0.005     17.038         17.039   17.039       17.041    0.031       0.025        11793175003312  339.6049200   19.5067930        3621      2   55142.188547200         282    17.072    21.321     27.772    2.350       3.059           0      131072            0            1    11793175 
   55123.241477200        17.031        0.025        36212020004145  339.6049250   19.5067780   22h38m25.18s   19d30m24.40s      2               0    4.286531e-07         134         132         122        17.020            0.005     17.038         17.039   17.039       17.041    0.031       0.025        11811882003403  339.6048920   19.5067710        3621      2   55123.245687200         232    17.037    21.589     27.805    2.050       2.893           0      131072            0            1    11811882 
   55049.420247200        17.071        0.033        36212020004145  339.6049250   19.5067780   22h38m25.18s   19d30m24.40s      2               0    4.286531e-07         134         132         122        17.020            0.005     17.038         17.039   17.039       17.041    0.031       0.025        11863739002124  339.6048770   19.5068100        3621      2   55049.424487200         163    17.070    20.195     27.285    2.050       2.843           0      131072            0            1    11863739 
   55054.396427200        17.055        0.056        36212020004145  339.6049250   19.5067780   22h38m25.18s   19d30m24.40s      2               0    4.286531e-07         134         132         122        17.020            0.005     17.038         17.039   17.039       17.041    0.031       0.025        11868871002397  339.6049140   19.5068060        3621      2   55054.400907200         168    17.070    20.550     27.225    1.950       2.788           0      131072            0            1    11868871 
   55054.293487200        17.024        0.056        36212020004145  339.6049250   19.5067780   22h38m25.18s   19d30m24.40s      2               0    4.286531e-07         134         132         122        17.020            0.005     17.038         17.039   17.039       17.041    0.031       0.025        11868878002423  339.6048940   19.5067830        3621      2   55054.297957200         168    16.975    20.546     27.152    1.750       2.742           0      131072            0            1    11868878 
   55067.169837200        17.024        0.041        36212020004145  339.6049250   19.5067780   22h38m25.18s   19d30m24.40s      2               0    4.286531e-07         134         132         122        17.020            0.005     17.038         17.039   17.039       17.041    0.031       0.025        11882664002967  339.6049310   19.5067920        3621      2   55067.174787200         181    17.022    20.864     27.026    2.350       2.924           0      131072            0            1    11882664 
   55066.365707200        17.029        0.033        36212020004145  339.6049250   19.5067780   22h38m25.18s   19d30m24.40s      2               0    4.286531e-07         134         132         122        17.020            0.005     17.038         17.039   17.039       17.041    0.031       0.025        11884899003476  339.6049210   19.5067970        3621      2   55066.370627200         180    17.028    21.438     27.059    1.850       2.600           0      131072            0            1    11884899 
   55062.266077200        17.041        0.032        36212020004145  339.6049250   19.5067780   22h38m25.18s   19d30m24.40s      2               0    4.286531e-07         134         132         122        17.020            0.005     17.038         17.039   17.039       17.041    0.031       0.025        11891925003054  339.6049270   19.5067940        3621      2   55062.270867200         176    17.045    21.011     27.127    2.750       3.345           0      131072            0            1    11891925 
   55062.351017200        17.031        0.032        36212020004145  339.6049250   19.5067780   22h38m25.18s   19d30m24.40s      2               0    4.286531e-07         134         132         122        17.020            0.005     17.038         17.039   17.039       17.041    0.031       0.025        11892029003447  339.6048850   19.5067970        3621      2   55062.355817200         176    17.026    21.273     27.147    2.550       3.336           0      131072            0            1    11892029 
   55059.364887200        17.029        0.030        36212020004145  339.6049250   19.5067780   22h38m25.18s   19d30m24.40s      2               0    4.286531e-07         134         132         122        17.020            0.005     17.038         17.039   17.039       17.041    0.031       0.025        11898324003667  339.6048880   19.5067770        3621      2   55059.369567200         173    17.036    21.447     27.213    2.150       2.844           0      131072            0            1    11898324 
   55059.285797200        17.053        0.030        36212020004145  339.6049250   19.5067780   22h38m25.18s   19d30m24.40s      2               0    4.286531e-07         134         132         122        17.020            0.005     17.038         17.039   17.039       17.041    0.031       0.025        11898368003592  339.6048830   19.5067920        3621      2   55059.290487200         173    17.051    21.485     27.199    1.950       2.754           0      131072            0            1    11898368 
   55018.370627200        17.034        0.033        36212020004145  339.6049250   19.5067780   22h38m25.18s   19d30m24.40s      2               0    4.286531e-07         134         132         122        17.020            0.005     17.038         17.039   17.039       17.041    0.031       0.025        11904010002463  339.6048920   19.5068030        3621      2   55018.372807200         132    17.021    20.446     27.139    2.150       2.854           0      131072            0            1    11904010 
   55018.305807200        17.013        0.035        36212020004145  339.6049250   19.5067780   22h38m25.18s   19d30m24.40s      2               0    4.286531e-07         134         132         122        17.020            0.005     17.038         17.039   17.039       17.041    0.031       0.025        11904038002145  339.6048900   19.5068110        3621      2   55018.307987200         132    16.997    20.009     27.085    2.550       3.106           0      131072            0            1    11904038 
   55087.301307200        17.051        0.028        36212020004145  339.6049250   19.5067780   22h38m25.18s   19d30m24.40s      2               0    4.286531e-07         134         132         122        17.020            0.005     17.038         17.039   17.039       17.041    0.031       0.025        11916776003781  339.6049230   19.5067970        3621      2   55087.306527200         199    17.041    21.461     27.251    2.250       2.884           0      131072            0            1    11916776 
   55087.345997200        17.037        0.028        36212020004145  339.6049250   19.5067780   22h38m25.18s   19d30m24.40s      2               0    4.286531e-07         134         132         122        17.020            0.005     17.038         17.039   17.039       17.041    0.031       0.025        11916780003571  339.6049320   19.5068030        3621      2   55087.351217200         199    17.029    21.466     27.245    2.050       2.881           0      131072            0            1    11916780 
   55044.415047200        17.019        0.026        36212020004145  339.6049250   19.5067780   22h38m25.18s   19d30m24.40s      2               0    4.286531e-07         134         132         122        17.020            0.005     17.038         17.039   17.039       17.041    0.031       0.025        11933806004254  339.6049360   19.5067990        3621      2   55044.419017200         158    17.023    21.720     27.358    2.050       2.845           0      131088            0            1    11933806 
   55044.461787200        17.043        0.025        36212020004145  339.6049250   19.5067780   22h38m25.18s   19d30m24.40s      2               0    4.286531e-07         134         132         122        17.020            0.005     17.038         17.039   17.039       17.041    0.031       0.025        11933807004280  339.6049510   19.5068320        3621      2   55044.465757200         158    17.049    21.834     27.358    1.850       2.717           0      131072            0            1    11933807 
   55030.408307200        16.824        0.197        36212020004145  339.6049250   19.5067780   22h38m25.18s   19d30m24.40s      2               0    4.286531e-07         134         132         122        17.020            0.005     17.038         17.039   17.039       17.041    0.031       0.025        11958520000725  339.6049440   19.5068570        3621      2   55030.411397200         144    20.310    21.135     27.274    1.850       3.078           0           0            0            1    11958520 
   55030.440717200        17.039        0.104        36212020004145  339.6049250   19.5067780   22h38m25.18s   19d30m24.40s      2               0    4.286531e-07         134         132         122        17.020            0.005     17.038         17.039   17.039       17.041    0.031       0.025        11958557003953  339.6049050   19.5067670        3621      2   55030.443797200         144    16.959    21.581     27.242    1.750       2.688           0      131072            0            1    11958557 
   55039.235987200        17.046        0.028        36212020004145  339.6049250   19.5067780   22h38m25.18s   19d30m24.40s      2               0    4.286531e-07         134         132         122        17.020            0.005     17.038         17.039   17.039       17.041    0.031       0.025        11985410002923  339.6049140   19.5067830        3621      2   55039.239647200         153    17.045    20.795     27.137    2.650       3.182           0      131072            0            1    11985410 
   55038.368947200        17.018        0.025        36212020004145  339.6049250   19.5067780   22h38m25.18s   19d30m24.40s      2               0    4.286531e-07         134         132         122        17.020            0.005     17.038         17.039   17.039       17.041    0.031       0.025        11987723003945  339.6049080   19.5067820        3621      2   55038.372557200         152    17.031    21.714     27.267    1.750       2.617           0      131072            0            1    11987723 
   55006.459877200        17.030        0.029        36212020004145  339.6049250   19.5067780   22h38m25.18s   19d30m24.40s      2               0    4.286531e-07         134         132         122        17.020            0.005     17.038         17.039   17.039       17.041    0.031       0.025        12023472003734  339.6048830   19.5067990        3621      2   55006.461077200         114    17.029    21.466     27.192    1.950       2.858           0      131072            0            1    12023472 
   55006.390067200        17.016        0.029        36212020004145  339.6049250   19.5067780   22h38m25.18s   19d30m24.40s      2               0    4.286531e-07         134         132         122        17.020            0.005     17.038         17.039   17.039       17.041    0.031       0.025        12023526003504  339.6049010   19.5067990        3621      2   55006.391267200         114    17.011    21.133     27.168    2.450       3.127           0      131072            0            1    12023526 
   55009.355627200        17.027        0.036        36212020004145  339.6049250   19.5067780   22h38m25.18s   19d30m24.40s      2               0    4.286531e-07         134         132         122        17.020            0.005     17.038         17.039   17.039       17.041    0.031       0.025        12043287003248  339.6049190   19.5068180        3621      2   55009.357077200         124    17.024    20.989     27.128    2.850       3.276           0      131072            0            1    12043287 
   55050.367527200        17.014        0.040        36212020004145  339.6049250   19.5067780   22h38m25.18s   19d30m24.40s      2               0    4.286531e-07         134         132         122        17.020            0.005     17.038         17.039   17.039       17.041    0.031       0.025        12070108001886  339.6049380   19.5068030        3621      2   55050.371817200         164    17.009    19.696     27.273    3.150       3.642           0      131072            0            1    12070108 
   55050.190447200        17.136        0.055        36212020004145  339.6049250   19.5067780   22h38m25.18s   19d30m24.40s      2               0    4.286531e-07         134         132         122        17.020            0.005     17.038         17.039   17.039       17.041    0.031       0.025        12070194001276  339.6048930   19.5067840        3621      2   55050.194737200         164    17.122    18.927     27.105    4.250       5.439           0      131072            0            1    12070194 
   55050.415797200        17.032        0.041        36212020004145  339.6049250   19.5067780   22h38m25.18s   19d30m24.40s      2               0    4.286531e-07         134         132         122        17.020            0.005     17.038         17.039   17.039       17.041    0.031       0.025        12070235001819  339.6049360   19.5068040        3621      2   55050.420087200         164    17.029    19.633     27.269    3.150       3.707           0      131072            0            1    12070235 
   55458.186147200        17.024        0.028        36212020004145  339.6049250   19.5067780   22h38m25.18s   19d30m24.40s      2               0    4.286531e-07         134         132         122        17.020            0.005     17.038         17.039   17.039       17.041    0.031       0.025        12794147002827  339.6049150   19.5068180        3621      2   55458.191337200         553    17.027    21.019     27.727    2.050       2.790           0      131072            0            1    12794147 
   55458.229437200        17.058        0.029        36212020004145  339.6049250   19.5067780   22h38m25.18s   19d30m24.40s      2               0    4.286531e-07         134         132         122        17.020            0.005     17.038         17.039   17.039       17.041    0.031       0.025        12794210002616  339.6049210   19.5068080        3621      2   55458.234617200         553    17.067    20.879     27.728    2.450       3.084           0      131072            0            1    12794210 
   55480.117357200        17.025        0.025        36212020004145  339.6049250   19.5067780   22h38m25.18s   19d30m24.40s      2               0    4.286531e-07         134         132         122        17.020            0.005     17.038         17.039   17.039       17.041    0.031       0.025        12805738003427  339.6049140   19.5068120        3621      2   55480.121967200         574    17.032    21.435     27.682    2.050       2.841           0      131072            0            1    12805738 
   55480.160357200        17.027        0.025        36212020004145  339.6049250   19.5067780   22h38m25.18s   19d30m24.40s      2               0    4.286531e-07         134         132         122        17.020            0.005     17.038         17.039   17.039       17.041    0.031       0.025        12805856003776  339.6049090   19.5067970        3621      2   55480.164967200         574    17.033    21.722     27.707    1.650       2.717           0      131072            0            1    12805856 
   55499.126077200        17.075        0.140        36212020004145  339.6049250   19.5067780   22h38m25.18s   19d30m24.40s      2               0    4.286531e-07         134         132         122        17.020            0.005     17.038         17.039   17.039       17.041    0.031       0.025        12934889003393  339.6049150   19.5068100        3621      2   55499.129647200         594    17.008    21.284     27.667    2.250       2.977           0      131072            0            1    12934889 
   55499.169697200        17.050        0.140        36212020004145  339.6049250   19.5067780   22h38m25.18s   19d30m24.40s      2               0    4.286531e-07         134         132         122        17.020            0.005     17.038         17.039   17.039       17.041    0.031       0.025        12935001003455  339.6049200   19.5068190        3621      2   55499.173267200         594    16.980    21.322     27.663    2.250       2.982           0      131072            0            1    12935001 
   56202.127567200        17.009        0.028        36212020004145  339.6049250   19.5067780   22h38m25.18s   19d30m24.40s      2               0    4.286531e-07         134         132         122        17.020            0.005     17.038         17.039   17.039       17.041    0.031       0.025        14272503002368  339.6049300   19.5068240        3621      2   56202.132487200        1299    17.024    20.580     27.708    2.250       3.116           0      131072            0            1    14272503 
   56202.156757200        17.062        0.028        36212020004145  339.6049250   19.5067780   22h38m25.18s   19d30m24.40s      2               0    4.286531e-07         134         132         122        17.020            0.005     17.038         17.039   17.039       17.041    0.031       0.025        14272520002386  339.6049230   19.5068210        3621      2   56202.161677200        1299    17.078    20.654     27.722    2.050       2.832           0      131072            0            1    14272520 
   56202.186317200        17.035        0.028        36212020004145  339.6049250   19.5067780   22h38m25.18s   19d30m24.40s      2               0    4.286531e-07         134         132         122        17.020            0.005     17.038         17.039   17.039       17.041    0.031       0.025        14272536002491  339.6049300   19.5068190        3621      2   56202.191237200        1299    17.039    20.735     27.731    2.050       2.892           0      131072            0            1    14272536 
   56204.116247200        17.062        0.270        36212020004145  339.6049250   19.5067780   22h38m25.18s   19d30m24.40s      2               0    4.286531e-07         134         132         122        17.020            0.005     17.038         17.039   17.039       17.041    0.031       0.025        14313593002118  339.6049240   19.5068120        3621      2   56204.121107200        1301    17.656    20.902     27.616    2.250       2.934           0      131072            0            1    14313593 
   56204.146757200        17.032        0.270        36212020004145  339.6049250   19.5067780   22h38m25.18s   19d30m24.40s      2               0    4.286531e-07         134         132         122        17.020            0.005     17.038         17.039   17.039       17.041    0.031       0.025        14313610002452  339.6049180   19.5068160        3621      2   56204.151617200        1301    17.345    21.030     27.572    2.150       2.904           0      131072            0            1    14313610 
   56204.177387200        17.109        0.272        36212020004145  339.6049250   19.5067780   22h38m25.18s   19d30m24.40s      2               0    4.286531e-07         134         132         122        17.020            0.005     17.038         17.039   17.039       17.041    0.031       0.025        14313636001503  339.6049260   19.5068000        3621      2   56204.182237200        1301    17.757    20.198     27.481    2.150       3.035           0      131072            0            1    14313636 
   56206.117187200        17.022        0.069        36212020004145  339.6049250   19.5067780   22h38m25.18s   19d30m24.40s      2               0    4.286531e-07         134         132         122        17.020            0.005     17.038         17.039   17.039       17.041    0.031       0.025        14339744003633  339.6049260   19.5068160        3621      2   56206.121977200        1303    16.975    21.482     27.689    1.950       2.760           0      131072            0            1    14339744 
   56206.152727200        17.042        0.069        36212020004145  339.6049250   19.5067780   22h38m25.18s   19d30m24.40s      2               0    4.286531e-07         134         132         122        17.020            0.005     17.038         17.039   17.039       17.041    0.031       0.025        14339769003459  339.6049220   19.5068150        3621      2   56206.157517200        1303    17.066    21.470     27.766    2.350       3.067           0      131072            0            1    14339769 
   56206.183057200        17.040        0.069        36212020004145  339.6049250   19.5067780   22h38m25.18s   19d30m24.40s      2               0    4.286531e-07         134         132         122        17.020            0.005     17.038         17.039   17.039       17.041    0.031       0.025        14339793003745  339.6049130   19.5068130        3621      2   56206.187837200        1303    17.076    21.620     27.790    2.150       2.964           0      131072            0            1    14339793 
   56224.192577200        17.037        0.043        36212020004145  339.6049250   19.5067780   22h38m25.18s   19d30m24.40s      2               0    4.286531e-07         134         132         122        17.020            0.005     17.038         17.039   17.039       17.041    0.031       0.025        14399283002305  339.6049220   19.5068180        3621      2   56224.196497200        1311    16.990    20.514     27.656    2.650       3.292           0      131072            0            1    14399283 
   56228.218817200        17.078        0.029        36212020004145  339.6049250   19.5067780   22h38m25.18s   19d30m24.40s      2               0    4.286531e-07         134         132         122        17.020            0.005     17.038         17.039   17.039       17.041    0.031       0.025        14451041002293  339.6049310   19.5067950        3621      2   56228.222487200        1315    17.071    20.491     27.726    2.350       3.096           0      131072            0            1    14451041 
   56230.253957200        17.062        0.030        36212020004145  339.6049250   19.5067780   22h38m25.18s   19d30m24.40s      2               0    4.286531e-07         134         132         122        17.020            0.005     17.038         17.039   17.039       17.041    0.031       0.025        14486884002224  339.6049260   19.5068000        3621      2   56230.257487200        1317    17.069    20.503     27.706    2.050       2.831           0      131072            0            1    14486884 
   56234.218927200        17.051        0.045        36212020004145  339.6049250   19.5067780   22h38m25.18s   19d30m24.40s      2               0    4.286531e-07         134         132         122        17.020            0.005     17.038         17.039   17.039       17.041    0.031       0.025        14496045002933  339.6049230   19.5068160        3621      2   56234.222177200        1321    17.019    21.029     27.695    2.350       3.085           0      131072            0            1    14496045 
   56234.248747200        17.036        0.045        36212020004145  339.6049250   19.5067780   22h38m25.18s   19d30m24.40s      2               0    4.286531e-07         134         132         122        17.020            0.005     17.038         17.039   17.039       17.041    0.031       0.025        14496069002858  339.6049260   19.5068240        3621      2   56234.252007200        1321    17.001    21.050     27.680    2.150       2.994           0      131072            0            1    14496069 
   56236.150467200        17.021        0.026        36212020004145  339.6049250   19.5067780   22h38m25.18s   19d30m24.40s      2               0    4.286531e-07         134         132         122        17.020            0.005     17.038         17.039   17.039       17.041    0.031       0.025        14529372003316  339.6049250   19.5068170        3621      2   56236.153577200        1323    17.025    21.336     27.744    2.450       3.146           0      131072            0            1    14529372 
   56236.182997200        17.039        0.026        36212020004145  339.6049250   19.5067780   22h38m25.18s   19d30m24.40s      2               0    4.286531e-07         134         132         122        17.020            0.005     17.038         17.039   17.039       17.041    0.031       0.025        14529394003216  339.6049230   19.5068200        3621      2   56236.186107200        1323    17.039    21.253     27.741    2.650       3.355           0      131072            0            1    14529394 
   56238.096297200        17.041        0.024        36212020004145  339.6049250   19.5067780   22h38m25.18s   19d30m24.40s      2               0    4.286531e-07         134         132         122        17.020            0.005     17.038         17.039   17.039       17.041    0.031       0.025        14571097003441  339.6049230   19.5068100        3621      2   56238.099267200        1325    17.043    21.491     27.740    1.950       2.788           0      131072            0            1    14571097 
   56238.125907200        17.051        0.024        36212020004145  339.6049250   19.5067780   22h38m25.18s   19d30m24.40s      2               0    4.286531e-07         134         132         122        17.020            0.005     17.038         17.039   17.039       17.041    0.031       0.025        14571130003452  339.6049200   19.5068150        3621      2   56238.128867200        1325    17.056    21.480     27.745    2.050       2.860           0      131072            0            1    14571130 
   56232.252567200        17.057        0.068        36212020004145  339.6049250   19.5067780   22h38m25.18s   19d30m24.40s      2               0    4.286531e-07         134         132         122        17.020            0.005     17.038         17.039   17.039       17.041    0.031       0.025        14645854002576  339.6049240   19.5068040        3621      2   56232.255957200        1319    17.026    20.789     27.672    2.150       2.925           0      131072            0            1    14645854 
   56232.298947200        17.058        0.069        36212020004145  339.6049250   19.5067780   22h38m25.18s   19d30m24.40s      2               0    4.286531e-07         134         132         122        17.020            0.005     17.038         17.039   17.039       17.041    0.031       0.025        14645882002281  339.6049140   19.5068010        3621      2   56232.302337200        1319    17.101    20.619     27.653    1.950       2.649           0      131072            0            1    14645882 
   56251.089337200        17.019        0.024        36212020004145  339.6049250   19.5067780   22h38m25.18s   19d30m24.40s      2               0    4.286531e-07         134         132         122        17.020            0.005     17.038         17.039   17.039       17.041    0.031       0.025        14654886003183  339.6049290   19.5068060        3621      2   56251.091257200        1338    17.026    21.295     27.752    1.950       2.752           0      131072            0            1    14654886 
   56251.119187200        17.050        0.024        36212020004145  339.6049250   19.5067780   22h38m25.18s   19d30m24.40s      2               0    4.286531e-07         134         132         122        17.020            0.005     17.038         17.039   17.039       17.041    0.031       0.025        14654900003026  339.6049280   19.5068100        3621      2   56251.121107200        1338    17.061    21.184     27.753    2.150       2.871           0      131072            0            1    14654900 
   56255.090207200        17.062        0.027        36212020004145  339.6049250   19.5067780   22h38m25.18s   19d30m24.40s      2               0    4.286531e-07         134         132         122        17.020            0.005     17.038         17.039   17.039       17.041    0.031       0.025        14696586002500  339.6049490   19.5068060        3621      2   56255.091787200        1342    17.055    20.645     27.749    2.650       3.084           0      131072            0            1    14696586 
   56255.119607200        17.051        0.026        36212020004145  339.6049250   19.5067780   22h38m25.18s   19d30m24.40s      2               0    4.286531e-07         134         132         122        17.020            0.005     17.038         17.039   17.039       17.041    0.031       0.025        14696616002526  339.6049170   19.5068200        3621      2   56255.121177200        1342    17.048    20.665     27.752    2.650       3.291           0      131072            0            1    14696616 
   56256.084107200        17.010        0.027        36212020004145  339.6049250   19.5067780   22h38m25.18s   19d30m24.40s      2               0    4.286531e-07         134         132         122        17.020            0.005     17.038         17.039   17.039       17.041    0.031       0.025        14706745002530  339.6049350   19.5068040        3621      2   56256.085597200        1343    17.001    20.777     27.734    2.150       2.920           0      131072            0            1    14706745 
   56258.118807200        17.005        0.103        36212020004145  339.6049250   19.5067780   22h38m25.18s   19d30m24.40s      2               0    4.286531e-07         134         132         122        17.020            0.005     17.038         17.039   17.039       17.041    0.031       0.025        14725499002495  339.6049340   19.5068120        3621      2   56258.120117200        1345    16.925    20.676     27.662    2.150       3.066           0      131072            0            1    14725499 
   56258.089417200        17.117        0.107        36212020004145  339.6049250   19.5067780   22h38m25.18s   19d30m24.40s      2               0    4.286531e-07         134         132         122        17.020            0.005     17.038         17.039   17.039       17.041    0.031       0.025        14725511001593  339.6049360   19.5067990        3621      2   56258.090727200        1345    17.444    20.044     27.642    2.150       3.134           0      131072            0            1    14725511 
   56266.143577200        17.016        0.190        36212020004145  339.6049250   19.5067780   22h38m25.18s   19d30m24.40s      2               0    4.286531e-07         134         132         122        17.020            0.005     17.038         17.039   17.039       17.041    0.031       0.025        14748703002326  339.6049210   19.5068010        3621      2   56266.144157200        1353    17.283    20.997     27.508    1.850       2.635           0      131072            0            1    14748703 
   56266.172857200        17.073        0.190        36212020004145  339.6049250   19.5067780   22h38m25.18s   19d30m24.40s      2               0    4.286531e-07         134         132         122        17.020            0.005     17.038         17.039   17.039       17.041    0.031       0.025        14748717002304  339.6049210   19.5068170        3621      2   56266.173437200        1353    17.350    20.887     27.505    2.050       2.879           0      131072            0            1    14748717 
   56271.183287200        17.027        0.038        36212020004145  339.6049250   19.5067780   22h38m25.18s   19d30m24.40s      2               0    4.286531e-07         134         132         122        17.020            0.005     17.038         17.039   17.039       17.041    0.031       0.025        14805477002726  339.6049300   19.5068190        3621      2   56271.183397200        1358    17.018    20.958     27.661    2.850       3.510           0      131072            0            1    14805477 
   56271.213277200        17.052        0.038        36212020004145  339.6049250   19.5067780   22h38m25.18s   19d30m24.40s      2               0    4.286531e-07         134         132         122        17.020            0.005     17.038         17.039   17.039       17.041    0.031       0.025        14805504002476  339.6049170   19.5068250        3621      2   56271.213387200        1358    17.031    20.742     27.630    3.150       3.808           0      131072            0            1    14805504 
   56257.093607200        17.019        0.026        36212020004145  339.6049250   19.5067780   22h38m25.18s   19d30m24.40s      2               0    4.286531e-07         134         132         122        17.020            0.005     17.038         17.039   17.039       17.041    0.031       0.025        15702435002492  339.6049390   19.5068220        3621      2   56257.095007200        1344    17.011    20.705     27.727    2.350       3.056           0      131072            0            1    15702435 
   56257.124397200        17.053        0.026        36212020004145  339.6049250   19.5067780   22h38m25.18s   19d30m24.40s      2               0    4.286531e-07         134         132         122        17.020            0.005     17.038         17.039   17.039       17.041    0.031       0.025        15702454002483  339.6049290   19.5068160        3621      2   56257.125797200        1344    17.050    20.712     27.730    2.350       3.079           0      131072            0            1    15702454 
