   55783.498447200        15.285        0.031        36212000005043  338.8138980   19.5576960   22h35m15.34s   19d33m27.71s      2               0    4.871006e-07         134         132         120        15.280            0.007     15.285         15.284   15.284       15.282    0.016       0.013        10358368003660  338.8138680   19.5577100        3621      0   55783.502867200         881    15.293    21.515     27.979    2.150       2.330           0      131072            0            1    10358368 
   55783.453967200        15.284        0.031        36212000005043  338.8138980   19.5576960   22h35m15.34s   19d33m27.71s      2               0    4.871006e-07         134         132         120        15.280            0.007     15.285         15.284   15.284       15.282    0.016       0.013        10358399004339  338.8138830   19.5577030        3621      0   55783.458387200         881    15.282    21.966     27.993    1.950       2.158           0      131072            0            1    10358399 
   55794.447477200        15.282        0.126        36212000005043  338.8138980   19.5576960   22h35m15.34s   19d33m27.71s      2               0    4.871006e-07         134         132         120        15.280            0.007     15.285         15.284   15.284       15.282    0.016       0.013        10381071002195  338.8138610   19.5577010        3621      0   55794.452327200         892    15.705    20.841     27.810    2.250       2.303           0      131072            0            1    10381071 
   55794.489907200        15.331        0.127        36212000005043  338.8138980   19.5576960   22h35m15.34s   19d33m27.71s      2               0    4.871006e-07         134         132         120        15.280            0.007     15.285         15.284   15.284       15.282    0.016       0.013        10381094001408  338.8138650   19.5577140        3621      0   55794.494757200         892    16.381    20.591     27.749    1.950       2.109           0      131072            0            1    10381094 
   55822.260997200        15.280        0.028        36212000005043  338.8138980   19.5576960   22h35m15.34s   19d33m27.71s      2               0    4.871006e-07         134         132         120        15.280            0.007     15.285         15.284   15.284       15.282    0.016       0.013        10516264003376  338.8138920   19.5577120        3621      0   55822.266197200         920    15.278    21.403     27.965    1.950       1.998           0      131072            0            1    10516264 
   55822.304817200        15.279        0.028        36212000005043  338.8138980   19.5576960   22h35m15.34s   19d33m27.71s      2               0    4.871006e-07         134         132         120        15.280            0.007     15.285         15.284   15.284       15.282    0.016       0.013        10516476003345  338.8138930   19.5577080        3621      0   55822.310007200         920    15.275    21.366     27.964    1.950       1.946           0      131072            0            1    10516476 
   55471.198477200        15.272        0.032        36212000005043  338.8138980   19.5576960   22h35m15.34s   19d33m27.71s      2               0    4.871006e-07         134         132         120        15.280            0.007     15.285         15.284   15.284       15.282    0.016       0.013        10798350004235  338.8138680   19.5577030        3621      0   55471.203407200         562    15.282    21.859     28.093    1.950       2.054           0      131072            0            1    10798350 
   55471.242217200        15.277        0.032        36212000005043  338.8138980   19.5576960   22h35m15.34s   19d33m27.71s      2               0    4.871006e-07         134         132         120        15.280            0.007     15.285         15.284   15.284       15.282    0.016       0.013        10798372004157  338.8138400   19.5577180        3621      0   55471.247147200         562    15.282    21.848     28.089    1.950       2.029           0      131072            0            1    10798372 
   55483.217697200        15.275        0.028        36212000005043  338.8138980   19.5576960   22h35m15.34s   19d33m27.71s      2               0    4.871006e-07         134         132         120        15.280            0.007     15.285         15.284   15.284       15.282    0.016       0.013        10855529004042  338.8138440   19.5576910        3621      0   55483.222167200         577    15.284    21.794     28.094    1.850       1.891           0      131072            0            1    10855529 
   55483.261397200        15.287        0.028        36212000005043  338.8138980   19.5576960   22h35m15.34s   19d33m27.71s      2               0    4.871006e-07         134         132         120        15.280            0.007     15.285         15.284   15.284       15.282    0.016       0.013        10855539004094  338.8138570   19.5577030        3621      0   55483.265867200         577    15.290    21.803     28.088    2.050       2.107           0      131072            0            1    10855539 
   55442.457187200        15.290        0.025        36212000005043  338.8138980   19.5576960   22h35m15.34s   19d33m27.71s      2               0    4.871006e-07         134         132         120        15.280            0.007     15.285         15.284   15.284       15.282    0.016       0.013        10900445004098  338.8138530   19.5576880        3621      0   55442.462347200         537    15.288    21.792     28.061    1.850       1.907           0      131072            0            1    10900445 
   55442.413457200        15.289        0.025        36212000005043  338.8138980   19.5576960   22h35m15.34s   19d33m27.71s      2               0    4.871006e-07         134         132         120        15.280            0.007     15.285         15.284   15.284       15.282    0.016       0.013        10900528004226  338.8138360   19.5576880        3621      0   55442.418617200         537    15.294    21.906     28.089    1.850       1.944           0      131072            0            1    10900528 
   55446.207007200        15.292        0.037        36212000005043  338.8138980   19.5576960   22h35m15.34s   19d33m27.71s      2               0    4.871006e-07         134         132         120        15.280            0.007     15.285         15.284   15.284       15.282    0.016       0.013        10913417004107  338.8138800   19.5577140        3621      0   55446.212197200         541    15.288    21.779     28.062    2.050       2.211           0      131072            0            1    10913417 
   55446.164227200        15.290        0.037        36212000005043  338.8138980   19.5576960   22h35m15.34s   19d33m27.71s      2               0    4.871006e-07         134         132         120        15.280            0.007     15.285         15.284   15.284       15.282    0.016       0.013        10913592003938  338.8138730   19.5577050        3621      0   55446.169417200         541    15.278    21.593     28.032    2.150       2.250           0      131072            0            1    10913592 
   55452.151187200        15.281        0.024        36212000005043  338.8138980   19.5576960   22h35m15.34s   19d33m27.71s      2               0    4.871006e-07         134         132         120        15.280            0.007     15.285         15.284   15.284       15.282    0.016       0.013        10932699003852  338.8138730   19.5577000        3621      0   55452.156407200         547    15.284    21.503     28.082    2.150       2.232           0      131072            0            1    10932699 
   55452.194607200        15.281        0.024        36212000005043  338.8138980   19.5576960   22h35m15.34s   19d33m27.71s      2               0    4.871006e-07         134         132         120        15.280            0.007     15.285         15.284   15.284       15.282    0.016       0.013        10932780004093  338.8138590   19.5577270        3621      0   55452.199827200         547    15.285    21.745     28.101    1.950       2.091           0      131072            0            1    10932780 
   55467.309767200        15.287        0.053        36212000005043  338.8138980   19.5576960   22h35m15.34s   19d33m27.71s      2               0    4.871006e-07         134         132         120        15.280            0.007     15.285         15.284   15.284       15.282    0.016       0.013        11077814003299  338.8138610   19.5577090        3621      0   55467.314797200         560    15.282    21.278     28.059    2.150       2.266           0      131072            0            1    11077814 
   55468.223777200        15.277        0.185        36212000005043  338.8138980   19.5576960   22h35m15.34s   19d33m27.71s      2               0    4.871006e-07         134         132         120        15.280            0.007     15.285         15.284   15.284       15.282    0.016       0.013        11078381003860  338.8138600   19.5576960        3621      0   55468.228787200         558    15.307    21.600     28.098    2.150       2.194           0      131072            0            1    11078381 
   55416.295877200        15.283        0.192        36212000005043  338.8138980   19.5576960   22h35m15.34s   19d33m27.71s      2               0    4.871006e-07         134         132         120        15.280            0.007     15.285         15.284   15.284       15.282    0.016       0.013        11121826003322  338.8138870   19.5577250        3621      0   55416.300207200         515    15.327    21.230     27.250    2.650       2.755           0      131072            0            1    11121826 
   55416.252257200        15.281        0.192        36212000005043  338.8138980   19.5576960   22h35m15.34s   19d33m27.71s      2               0    4.871006e-07         134         132         120        15.280            0.007     15.285         15.284   15.284       15.282    0.016       0.013        11121984002908  338.8138930   19.5577160        3621      0   55416.256577200         515    15.200    20.806     27.155    3.250       3.458           0      131072            0            1    11121984 
   55425.331937200        15.225        0.038        36212000005043  338.8138980   19.5576960   22h35m15.34s   19d33m27.71s      2               0    4.871006e-07         134         132         120        15.280            0.007     15.285         15.284   15.284       15.282    0.016       0.013        11141519004253  338.8138560   19.5577060        3621      0   55425.336647200         524    15.238    21.877     28.010    2.050       2.031           0      131074            0            1    11141519 
   55425.278827200        15.240        0.038        36212000005043  338.8138980   19.5576960   22h35m15.34s   19d33m27.71s      2               0    4.871006e-07         134         132         120        15.280            0.007     15.285         15.284   15.284       15.282    0.016       0.013        11141565004150  338.8138680   19.5577050        3621      0   55425.283547200         524    15.238    21.876     27.977    1.750       1.855           0      131074            0            1    11141565 
   55422.310597200        15.242        0.026        36212000005043  338.8138980   19.5576960   22h35m15.34s   19d33m27.71s      2               0    4.871006e-07         134         132         120        15.280            0.007     15.285         15.284   15.284       15.282    0.016       0.013        11149618004183  338.8138670   19.5576910        3621      0   55422.315197200         521    15.232    21.835     28.084    2.250       2.305           0      131074            0            1    11149618 
   55422.266247200        15.239        0.026        36212000005043  338.8138980   19.5576960   22h35m15.34s   19d33m27.71s      2               0    4.871006e-07         134         132         120        15.280            0.007     15.285         15.284   15.284       15.282    0.016       0.013        11149681004265  338.8138680   19.5576890        3621      0   55422.270847200         521    15.222    21.805     28.067    2.150       2.269           0      131074            0            1    11149681 
   55428.355107200        15.282        0.027        36212000005043  338.8138980   19.5576960   22h35m15.34s   19d33m27.71s      2               0    4.871006e-07         134         132         120        15.280            0.007     15.285         15.284   15.284       15.282    0.016       0.013        11202561003709  338.8138530   19.5576970        3621      0   55428.359927200         527    15.290    21.460     28.110    2.050       2.030           0      131072            0            1    11202561 
   55428.399067200        15.283        0.027        36212000005043  338.8138980   19.5576960   22h35m15.34s   19d33m27.71s      2               0    4.871006e-07         134         132         120        15.280            0.007     15.285         15.284   15.284       15.282    0.016       0.013        11202641004106  338.8138520   19.5577030        3621      0   55428.403887200         527    15.288    21.717     28.108    2.050       2.060           0      131072            0            1    11202641 
   55436.231767200        15.279        0.034        36212000005043  338.8138980   19.5576960   22h35m15.34s   19d33m27.71s      2               0    4.871006e-07         134         132         120        15.280            0.007     15.285         15.284   15.284       15.282    0.016       0.013        11207922002610  338.8138910   19.5577170        3621      0   55436.236817200         609    15.273    20.685     28.047    2.450       2.494           0      131072            0            1    11207922 
   55436.187177200        15.280        0.034        36212000005043  338.8138980   19.5576960   22h35m15.34s   19d33m27.71s      2               0    4.871006e-07         134         132         120        15.280            0.007     15.285         15.284   15.284       15.282    0.016       0.013        11208052002595  338.8138760   19.5577080        3621      0   55436.192217200         609    15.264    20.770     28.009    2.150       2.331           0      131072            0            1    11208052 
   55439.226647200        15.258        0.027        36212000005043  338.8138980   19.5576960   22h35m15.34s   19d33m27.71s      2               0    4.871006e-07         134         132         120        15.280            0.007     15.285         15.284   15.284       15.282    0.016       0.013        11225296003758  338.8138650   19.5577070        3621      0   55439.231747200         534    15.252    21.545     28.054    2.150       2.275           0      131074            0            1    11225296 
   55439.183237200        15.250        0.027        36212000005043  338.8138980   19.5576960   22h35m15.34s   19d33m27.71s      2               0    4.871006e-07         134         132         120        15.280            0.007     15.285         15.284   15.284       15.282    0.016       0.013        11225344003808  338.8138740   19.5577090        3621      0   55439.188347200         534    15.243    21.520     28.016    2.250       2.362           0      131074            0            1    11225344 
   55384.474387200        15.289        0.024        36212000005043  338.8138980   19.5576960   22h35m15.34s   19d33m27.71s      2               0    4.871006e-07         134         132         120        15.280            0.007     15.285         15.284   15.284       15.282    0.016       0.013        11236401004171  338.8138680   19.5577020        3621      0   55384.476637200         483    15.303    21.870     28.144    2.050       2.244           0      131072            0            1    11236401 
   55382.487507200        15.279        0.025        36212000005043  338.8138980   19.5576960   22h35m15.34s   19d33m27.71s      2               0    4.871006e-07         134         132         120        15.280            0.007     15.285         15.284   15.284       15.282    0.016       0.013        11241303002727  338.8138250   19.5576920        3621      0   55382.489607200         481    15.291    20.857     28.124    2.250       2.435           0      131072            0            1    11241303 
   55419.313297200        15.303        0.263        36212000005043  338.8138980   19.5576960   22h35m15.34s   19d33m27.71s      2               0    4.871006e-07         134         132         120        15.280            0.007     15.285         15.284   15.284       15.282    0.016       0.013        11395345003376  338.8138960   19.5577060        3621      0   55419.317767200         518    15.078    21.081     27.079    2.350       2.382           0      131072            0            1    11395345 
   55419.269177200        15.308        0.263        36212000005043  338.8138980   19.5576960   22h35m15.34s   19d33m27.71s      2               0    4.871006e-07         134         132         120        15.280            0.007     15.285         15.284   15.284       15.282    0.016       0.013        11395359002956  338.8139000   19.5577070        3621      0   55419.273637200         518    15.400    21.124     27.108    2.350       2.419           0      131072            0            1    11395359 
   55377.472567200        15.281        0.026        36212000005043  338.8138980   19.5576960   22h35m15.34s   19d33m27.71s      2               0    4.871006e-07         134         132         120        15.280            0.007     15.285         15.284   15.284       15.282    0.016       0.013        11430742002884  338.8138650   19.5577040        3621      0   55377.474257200         476    15.269    21.004     28.083    2.050       2.130           0      131072            0            1    11430742 
   55138.198277200        15.287        0.041        36212000005043  338.8138980   19.5576960   22h35m15.34s   19d33m27.71s      2               0    4.871006e-07         134         132         120        15.280            0.007     15.285         15.284   15.284       15.282    0.016       0.013        11790016002569  338.8138370   19.5576980        3621      0   55138.201547200         245    15.276    20.745     28.111    2.250       2.281           0      131072            0            1    11790016 
   55142.185567200        15.283        0.028        36212000005043  338.8138980   19.5576960   22h35m15.34s   19d33m27.71s      2               0    4.871006e-07         134         132         120        15.280            0.007     15.285         15.284   15.284       15.282    0.016       0.013        11794302003746  338.8138510   19.5576830        3621      0   55142.188547200         282    15.277    21.521     28.123    2.350       2.472           0      131072            0            1    11794302 
   55123.241477200        15.286        0.030        36212000005043  338.8138980   19.5576960   22h35m15.34s   19d33m27.71s      2               0    4.871006e-07         134         132         120        15.280            0.007     15.285         15.284   15.284       15.282    0.016       0.013        11812729003672  338.8138230   19.5576930        3621      0   55123.245687200         232    15.292    21.643     28.176    2.250       2.362           0      131072            0            1    11812729 
   55049.420247200        15.287        0.027        36212000005043  338.8138980   19.5576960   22h35m15.34s   19d33m27.71s      2               0    4.871006e-07         134         132         120        15.280            0.007     15.285         15.284   15.284       15.282    0.016       0.013        11863040002310  338.8138720   19.5577050        3621      0   55049.424487200         163    15.284    20.372     27.741    2.150       2.202           0      131072            0            1    11863040 
   55054.396427200        15.283        0.055        36212000005043  338.8138980   19.5576960   22h35m15.34s   19d33m27.71s      2               0    4.871006e-07         134         132         120        15.280            0.007     15.285         15.284   15.284       15.282    0.016       0.013        11869759002687  338.8138170   19.5576760        3621      0   55054.400907200         168    15.300    20.745     27.719    2.150       2.345           0      131072            0            1    11869759 
   55054.293487200        15.287        0.055        36212000005043  338.8138980   19.5576960   22h35m15.34s   19d33m27.71s      2               0    4.871006e-07         134         132         120        15.280            0.007     15.285         15.284   15.284       15.282    0.016       0.013        11869766002789  338.8138490   19.5576800        3621      0   55054.297957200         168    15.241    20.793     27.647    1.850       1.883           0      131072            0            1    11869766 
   55067.169837200        15.284        0.038        36212000005043  338.8138980   19.5576960   22h35m15.34s   19d33m27.71s      2               0    4.871006e-07         134         132         120        15.280            0.007     15.285         15.284   15.284       15.282    0.016       0.013        11881953003687  338.8138890   19.5577050        3621      0   55067.174787200         181    15.276    21.327     27.638    2.250       2.324           0      131072            0            1    11881953 
   55066.365707200        15.277        0.027        36212000005043  338.8138980   19.5576960   22h35m15.34s   19d33m27.71s      2               0    4.871006e-07         134         132         120        15.280            0.007     15.285         15.284   15.284       15.282    0.016       0.013        11884006004437  338.8138460   19.5577070        3621      0   55066.370627200         180    15.277    21.845     27.686    1.850       1.963           0      131072            0            1    11884006 
   55062.266077200        15.289        0.026        36212000005043  338.8138980   19.5576960   22h35m15.34s   19d33m27.71s      2               0    4.871006e-07         134         132         120        15.280            0.007     15.285         15.284   15.284       15.282    0.016       0.013        11891090003520  338.8138810   19.5577090        3621      0   55062.270867200         176    15.289    21.288     27.707    2.950       2.842           0      131072            0            1    11891090 
   55062.351017200        15.289        0.026        36212000005043  338.8138980   19.5576960   22h35m15.34s   19d33m27.71s      2               0    4.871006e-07         134         132         120        15.280            0.007     15.285         15.284   15.284       15.282    0.016       0.013        11891193004177  338.8138660   19.5576980        3621      0   55062.355817200         176    15.285    21.584     27.732    2.650       2.769           0      131072            0            1    11891193 
   55059.364887200        15.287        0.025        36212000005043  338.8138980   19.5576960   22h35m15.34s   19d33m27.71s      2               0    4.871006e-07         134         132         120        15.280            0.007     15.285         15.284   15.284       15.282    0.016       0.013        11897134004210  338.8138560   19.5576920        3621      0   55059.369567200         173    15.299    21.764     27.773    2.150       2.274           0     2228224            0            1    11897134 
   55059.285797200        15.282        0.025        36212000005043  338.8138980   19.5576960   22h35m15.34s   19d33m27.71s      2               0    4.871006e-07         134         132         120        15.280            0.007     15.285         15.284   15.284       15.282    0.016       0.013        11897178004370  338.8138720   19.5576960        3621      0   55059.290487200         173    15.282    21.765     27.757    2.050       2.056           0      131072            0            1    11897178 
   55018.370627200        15.270        0.036        36212000005043  338.8138980   19.5576960   22h35m15.34s   19d33m27.71s      2               0    4.871006e-07         134         132         120        15.280            0.007     15.285         15.284   15.284       15.282    0.016       0.013        11903650002949  338.8138820   19.5577130        3621      0   55018.372807200         132    15.235    20.765     27.551    2.150       2.211           0      131072            0            1    11903650 
   55018.305807200        15.275        0.036        36212000005043  338.8138980   19.5576960   22h35m15.34s   19d33m27.71s      2               0    4.871006e-07         134         132         120        15.280            0.007     15.285         15.284   15.284       15.282    0.016       0.013        11903678002514  338.8138760   19.5577100        3621      0   55018.307987200         132    15.227    20.372     27.487    2.450       2.559           0      131072            0            1    11903678 
   55087.301307200        15.291        0.022        36212000005043  338.8138980   19.5576960   22h35m15.34s   19d33m27.71s      2               0    4.871006e-07         134         132         120        15.280            0.007     15.285         15.284   15.284       15.282    0.016       0.013        11918732004269  338.8138990   19.5577020        3621      0   55087.306527200         199    15.292    21.721     27.756    2.250       2.348           0      131072            0            1    11918732 
   55087.345997200        15.278        0.022        36212000005043  338.8138980   19.5576960   22h35m15.34s   19d33m27.71s      2               0    4.871006e-07         134         132         120        15.280            0.007     15.285         15.284   15.284       15.282    0.016       0.013        11918736003961  338.8138900   19.5577040        3621      0   55087.351217200         199    15.286    21.681     27.752    2.150       2.294           0      131072            0            1    11918736 
   55044.415047200        15.279        0.024        36212000005043  338.8138980   19.5576960   22h35m15.34s   19d33m27.71s      2               0    4.871006e-07         134         132         120        15.280            0.007     15.285         15.284   15.284       15.282    0.016       0.013        11933597004603  338.8138970   19.5577220        3621      0   55044.419017200         158    15.281    21.826     27.746    2.150       2.122           0      131072            0            1    11933597 
   55044.461787200        15.278        0.024        36212000005043  338.8138980   19.5576960   22h35m15.34s   19d33m27.71s      2               0    4.871006e-07         134         132         120        15.280            0.007     15.285         15.284   15.284       15.282    0.016       0.013        11933598004505  338.8138960   19.5576990        3621      0   55044.465757200         158    15.284    21.885     27.745    2.050       2.090           0      131072            0            1    11933598 
   55030.408307200        15.362        0.174        36212000005043  338.8138980   19.5576960   22h35m15.34s   19d33m27.71s      2               0    4.871006e-07         134         132         120        15.280            0.007     15.285         15.284   15.284       15.282    0.016       0.013        11958904000566  338.8138840   19.5577110        3621      0   55030.411397200         144    19.354    21.287     27.666    1.850       1.737           0      131072            0            1    11958904 
   55030.440717200        15.289        0.164        36212000005043  338.8138980   19.5576960   22h35m15.34s   19d33m27.71s      2               0    4.871006e-07         134         132         120        15.280            0.007     15.285         15.284   15.284       15.282    0.016       0.013        11958945004261  338.8138520   19.5576960        3621      0   55030.443797200         144    15.218    21.683     27.631    1.850       1.936           0      131072            0            1    11958945 
   55039.235987200        15.288        0.026        36212000005043  338.8138980   19.5576960   22h35m15.34s   19d33m27.71s      2               0    4.871006e-07         134         132         120        15.280            0.007     15.285         15.284   15.284       15.282    0.016       0.013        11989943003201  338.8138800   19.5577100        3621      0   55039.239647200         153    15.260    20.983     27.478    2.650       2.677           0      131072            0            1    11989943 
   55038.368947200        15.280        0.026        36212000005043  338.8138980   19.5576960   22h35m15.34s   19d33m27.71s      2               0    4.871006e-07         134         132         120        15.280            0.007     15.285         15.284   15.284       15.282    0.016       0.013        11998973004444  338.8138660   19.5576980        3621      0   55038.372557200         152    15.279    21.898     27.621    1.750       1.945           0      131072            0            1    11998973 
   55006.459877200        15.234        0.030        36212000005043  338.8138980   19.5576960   22h35m15.34s   19d33m27.71s      2               0    4.871006e-07         134         132         120        15.280            0.007     15.285         15.284   15.284       15.282    0.016       0.013        12024669004254  338.8138540   19.5576850        3621      0   55006.461077200         114    15.215    21.669     27.595    2.050       2.071           0      131074            0            1    12024669 
   55006.390067200        15.234        0.030        36212000005043  338.8138980   19.5576960   22h35m15.34s   19d33m27.71s      2               0    4.871006e-07         134         132         120        15.280            0.007     15.285         15.284   15.284       15.282    0.016       0.013        12024699003961  338.8138640   19.5576860        3621      0   55006.391267200         114    15.211    21.359     27.575    2.550       2.540           0      131075            0            1    12024699 
   55009.355627200        15.224        0.033        36212000005043  338.8138980   19.5576960   22h35m15.34s   19d33m27.71s      2               0    4.871006e-07         134         132         120        15.280            0.007     15.285         15.284   15.284       15.282    0.016       0.013        12043793003860  338.8138920   19.5577060        3621      0   55009.357077200         124    15.189    21.275     27.516    2.850       2.863           0      131075            0            1    12043793 
   55050.367527200        15.288        0.026        36212000005043  338.8138980   19.5576960   22h35m15.34s   19d33m27.71s      2               0    4.871006e-07         134         132         120        15.280            0.007     15.285         15.284   15.284       15.282    0.016       0.013        12070310002088  338.8138950   19.5577020        3621      0   55050.371817200         164    15.285    20.011     27.742    2.950       2.961           0      131072            0            1    12070310 
   55050.190447200        15.277        0.026        36212000005043  338.8138980   19.5576960   22h35m15.34s   19d33m27.71s      2               0    4.871006e-07         134         132         120        15.280            0.007     15.285         15.284   15.284       15.282    0.016       0.013        12070396001449  338.8139140   19.5577150        3621      0   55050.194737200         164    15.277    19.285     27.591    3.950       4.027           0     2228224            0            1    12070396 
   55050.415797200        15.287        0.026        36212000005043  338.8138980   19.5576960   22h35m15.34s   19d33m27.71s      2               0    4.871006e-07         134         132         120        15.280            0.007     15.285         15.284   15.284       15.282    0.016       0.013        12070437001991  338.8138990   19.5576940        3621      0   55050.420087200         164    15.289    20.021     27.737    2.750       2.853           0      131072            0            1    12070437 
   55458.186147200        15.296        0.026        36212000005043  338.8138980   19.5576960   22h35m15.34s   19d33m27.71s      2               0    4.871006e-07         134         132         120        15.280            0.007     15.285         15.284   15.284       15.282    0.016       0.013        12794888003154  338.8138940   19.5577030        3621      0   55458.191337200         553    15.306    21.243     28.106    1.950       2.105           0      131072            0            1    12794888 
   55458.229437200        15.286        0.026        36212000005043  338.8138980   19.5576960   22h35m15.34s   19d33m27.71s      2               0    4.871006e-07         134         132         120        15.280            0.007     15.285         15.284   15.284       15.282    0.016       0.013        12794951002943  338.8138920   19.5577040        3621      0   55458.234617200         553    15.300    21.049     28.107    2.450       2.537           0      131072            0            1    12794951 
   55480.117357200        15.282        0.025        36212000005043  338.8138980   19.5576960   22h35m15.34s   19d33m27.71s      2               0    4.871006e-07         134         132         120        15.280            0.007     15.285         15.284   15.284       15.282    0.016       0.013        12807175003871  338.8139080   19.5577110        3621      0   55480.121967200         574    15.292    21.546     28.057    2.150       2.181           0      131072            0            1    12807175 
   55480.160357200        15.282        0.025        36212000005043  338.8138980   19.5576960   22h35m15.34s   19d33m27.71s      2               0    4.871006e-07         134         132         120        15.280            0.007     15.285         15.284   15.284       15.282    0.016       0.013        12807293004117  338.8138940   19.5577030        3621      0   55480.164967200         574    15.294    21.817     28.082    1.750       1.749           0      131072            0            1    12807293 
   55499.126077200        15.295        0.116        36212000005043  338.8138980   19.5576960   22h35m15.34s   19d33m27.71s      2               0    4.871006e-07         134         132         120        15.280            0.007     15.285         15.284   15.284       15.282    0.016       0.013        12934521003713  338.8138910   19.5577040        3621      0   55499.129647200         594    15.264    21.482     28.073    2.250       2.306           0      131072            0            1    12934521 
   55499.169697200        15.294        0.116        36212000005043  338.8138980   19.5576960   22h35m15.34s   19d33m27.71s      2               0    4.871006e-07         134         132         120        15.280            0.007     15.285         15.284   15.284       15.282    0.016       0.013        12934633003747  338.8138960   19.5577040        3621      0   55499.173267200         594    15.258    21.516     28.066    2.250       2.498           0      131072            0            1    12934633 
   56202.127567200        15.284        0.027        36212000005043  338.8138980   19.5576960   22h35m15.34s   19d33m27.71s      2               0    4.871006e-07         134         132         120        15.280            0.007     15.285         15.284   15.284       15.282    0.016       0.013        14272771002589  338.8138890   19.5577140        3621      0   56202.132487200        1299    15.300    20.717     28.077    2.350       2.384           0      131072            0            1    14272771 
   56202.156757200        15.287        0.027        36212000005043  338.8138980   19.5576960   22h35m15.34s   19d33m27.71s      2               0    4.871006e-07         134         132         120        15.280            0.007     15.285         15.284   15.284       15.282    0.016       0.013        14272788002650  338.8138920   19.5577130        3621      0   56202.161677200        1299    15.304    20.835     28.089    2.050       2.148           0      131072            0            1    14272788 
   56202.186317200        15.290        0.027        36212000005043  338.8138980   19.5576960   22h35m15.34s   19d33m27.71s      2               0    4.871006e-07         134         132         120        15.280            0.007     15.285         15.284   15.284       15.282    0.016       0.013        14272804002701  338.8138910   19.5577140        3621      0   56202.191237200        1299    15.294    20.911     28.097    2.050       2.178           0      131072            0            1    14272804 
   56204.116247200        15.318        0.385        36212000005043  338.8138980   19.5576960   22h35m15.34s   19d33m27.71s      2               0    4.871006e-07         134         132         120        15.280            0.007     15.285         15.284   15.284       15.282    0.016       0.013        14313888002230  338.8138910   19.5577190        3621      0   56204.121107200        1301    15.655    20.828     27.746    2.250       2.367           0      131072            0            1    14313888 
   56204.146757200        15.300        0.385        36212000005043  338.8138980   19.5576960   22h35m15.34s   19d33m27.71s      2               0    4.871006e-07         134         132         120        15.280            0.007     15.285         15.284   15.284       15.282    0.016       0.013        14313905002794  338.8138910   19.5577110        3621      0   56204.151617200        1301    15.393    21.101     27.778    2.050       2.206           0      131072            0            1    14313905 
   56204.177387200        15.306        0.385        36212000005043  338.8138980   19.5576960   22h35m15.34s   19d33m27.71s      2               0    4.871006e-07         134         132         120        15.280            0.007     15.285         15.284   15.284       15.282    0.016       0.013        14313931001533  338.8138920   19.5577080        3621      0   56204.182237200        1301    15.853    20.284     27.766    2.150       2.262           0      131072            0            1    14313931 
   56206.117187200        15.285        0.103        36212000005043  338.8138980   19.5576960   22h35m15.34s   19d33m27.71s      2               0    4.871006e-07         134         132         120        15.280            0.007     15.285         15.284   15.284       15.282    0.016       0.013        14340028003973  338.8138930   19.5577100        3621      0   56206.121977200        1303    15.333    21.732     28.155    1.950       2.074           0      131072            0            1    14340028 
   56206.152727200        15.300        0.103        36212000005043  338.8138980   19.5576960   22h35m15.34s   19d33m27.71s      2               0    4.871006e-07         134         132         120        15.280            0.007     15.285         15.284   15.284       15.282    0.016       0.013        14340053003820  338.8138920   19.5577090        3621      0   56206.157517200        1303    15.342    21.643     28.156    2.350       2.426           0      131072            0            1    14340053 
   56206.183057200        15.291        0.103        36212000005043  338.8138980   19.5576960   22h35m15.34s   19d33m27.71s      2               0    4.871006e-07         134         132         120        15.280            0.007     15.285         15.284   15.284       15.282    0.016       0.013        14340077004117  338.8138910   19.5577070        3621      0   56206.187837200        1303    15.307    21.754     28.141    2.150       2.248           0      131072            0            1    14340077 
   56224.192577200        15.278        0.066        36212000005043  338.8138980   19.5576960   22h35m15.34s   19d33m27.71s      2               0    4.871006e-07         134         132         120        15.280            0.007     15.285         15.284   15.284       15.282    0.016       0.013        14398656002501  338.8138920   19.5577160        3621      0   56224.196497200        1311    15.244    20.642     28.078    2.750       2.782           0      131072            0            1    14398656 
   56228.218817200        15.293        0.024        36212000005043  338.8138980   19.5576960   22h35m15.34s   19d33m27.71s      2               0    4.871006e-07         134         132         120        15.280            0.007     15.285         15.284   15.284       15.282    0.016       0.013        14450772002419  338.8138870   19.5577170        3621      0   56228.222487200        1315    15.290    20.628     28.118    2.450       2.664           0      131072            0            1    14450772 
   56230.253957200        15.280        0.024        36212000005043  338.8138980   19.5576960   22h35m15.34s   19d33m27.71s      2               0    4.871006e-07         134         132         120        15.280            0.007     15.285         15.284   15.284       15.282    0.016       0.013        14487133002424  338.8138890   19.5577160        3621      0   56230.257487200        1317    15.273    20.616     28.079    2.150       2.190           0      131072            0            1    14487133 
   56234.218927200        15.288        0.046        36212000005043  338.8138980   19.5576960   22h35m15.34s   19d33m27.71s      2               0    4.871006e-07         134         132         120        15.280            0.007     15.285         15.284   15.284       15.282    0.016       0.013        14497225003249  338.8138880   19.5577090        3621      0   56234.222177200        1321    15.263    21.200     28.098    2.350       2.439           0      131072            0            1    14497225 
   56234.248747200        15.278        0.046        36212000005043  338.8138980   19.5576960   22h35m15.34s   19d33m27.71s      2               0    4.871006e-07         134         132         120        15.280            0.007     15.285         15.284   15.284       15.282    0.016       0.013        14497249003169  338.8138920   19.5577120        3621      0   56234.252007200        1321    15.251    21.169     28.082    2.250       2.274           0      131072            0            1    14497249 
   56236.150467200        15.281        0.027        36212000005043  338.8138980   19.5576960   22h35m15.34s   19d33m27.71s      2               0    4.871006e-07         134         132         120        15.280            0.007     15.285         15.284   15.284       15.282    0.016       0.013        14528692003653  338.8138910   19.5577100        3621      0   56236.153577200        1323    15.291    21.505     28.141    2.450       2.562           0      131072            0            1    14528692 
   56236.182997200        15.288        0.027        36212000005043  338.8138980   19.5576960   22h35m15.34s   19d33m27.71s      2               0    4.871006e-07         134         132         120        15.280            0.007     15.285         15.284   15.284       15.282    0.016       0.013        14528714003616  338.8138850   19.5577080        3621      0   56236.186107200        1323    15.292    21.411     28.137    2.650       2.802           0      131072            0            1    14528714 
   56238.096297200        15.292        0.025        36212000005043  338.8138980   19.5576960   22h35m15.34s   19d33m27.71s      2               0    4.871006e-07         134         132         120        15.280            0.007     15.285         15.284   15.284       15.282    0.016       0.013        14570740003839  338.8138870   19.5577060        3621      0   56238.099267200        1325    15.301    21.660     28.141    1.950       2.131           0      131072            0            1    14570740 
   56232.252567200        15.283        0.070        36212000005043  338.8138980   19.5576960   22h35m15.34s   19d33m27.71s      2               0    4.871006e-07         134         132         120        15.280            0.007     15.285         15.284   15.284       15.282    0.016       0.013        14645258002808  338.8138880   19.5577110        3621      0   56232.255957200        1319    15.263    20.853     28.069    2.350       2.376           0      131072            0            1    14645258 
   56232.298947200        15.285        0.070        36212000005043  338.8138980   19.5576960   22h35m15.34s   19d33m27.71s      2               0    4.871006e-07         134         132         120        15.280            0.007     15.285         15.284   15.284       15.282    0.016       0.013        14645286002356  338.8138920   19.5577110        3621      0   56232.302337200        1319    15.362    20.754     28.049    1.950       2.071           0      131072            0            1    14645286 
   56251.089337200        15.285        0.024        36212000005043  338.8138980   19.5576960   22h35m15.34s   19d33m27.71s      2               0    4.871006e-07         134         132         120        15.280            0.007     15.285         15.284   15.284       15.282    0.016       0.013        14655498003487  338.8138930   19.5577110        3621      0   56251.091257200        1338    15.295    21.457     28.148    1.950       2.060           0      131072            0            1    14655498 
   56251.119187200        15.290        0.024        36212000005043  338.8138980   19.5576960   22h35m15.34s   19d33m27.71s      2               0    4.871006e-07         134         132         120        15.280            0.007     15.285         15.284   15.284       15.282    0.016       0.013        14655512003307  338.8138920   19.5577100        3621      0   56251.121107200        1338    15.304    21.342     28.147    2.150       2.302           0      131072            0            1    14655512 
   56255.090207200        15.287        0.026        36212000005043  338.8138980   19.5576960   22h35m15.34s   19d33m27.71s      2               0    4.871006e-07         134         132         120        15.280            0.007     15.285         15.284   15.284       15.282    0.016       0.013        14695418002755  338.8138850   19.5577130        3621      0   56255.091787200        1342    15.272    20.777     28.124    2.750       2.831           0      131072            0            1    14695418 
   56255.119607200        15.296        0.026        36212000005043  338.8138980   19.5576960   22h35m15.34s   19d33m27.71s      2               0    4.871006e-07         134         132         120        15.280            0.007     15.285         15.284   15.284       15.282    0.016       0.013        14695448002743  338.8138910   19.5577090        3621      0   56255.121177200        1342    15.288    20.796     28.127    2.750       2.941           0      131072            0            1    14695448 
   56256.084107200        15.290        0.025        36212000005043  338.8138980   19.5576960   22h35m15.34s   19d33m27.71s      2               0    4.871006e-07         134         132         120        15.280            0.007     15.285         15.284   15.284       15.282    0.016       0.013        14706433002812  338.8138960   19.5577140        3621      0   56256.085597200        1343    15.285    20.949     28.114    2.150       2.278           0      131072            0            1    14706433 
   56256.114667200        15.289        0.025        36212000005043  338.8138980   19.5576960   22h35m15.34s   19d33m27.71s      2               0    4.871006e-07         134         132         120        15.280            0.007     15.285         15.284   15.284       15.282    0.016       0.013        14706452002775  338.8138890   19.5577080        3621      0   56256.116147200        1343    15.288    20.858     28.116    2.350       2.315           0      131072            0            1    14706452 
   56258.118807200        15.281        0.127        36212000005043  338.8138980   19.5576960   22h35m15.34s   19d33m27.71s      2               0    4.871006e-07         134         132         120        15.280            0.007     15.285         15.284   15.284       15.282    0.016       0.013        14723744002754  338.8138930   19.5577130        3621      0   56258.120117200        1345    15.163    20.760     28.001    2.250       2.336           0      131072            0            1    14723744 
   56258.089417200        15.294        0.127        36212000005043  338.8138980   19.5576960   22h35m15.34s   19d33m27.71s      2               0    4.871006e-07         134         132         120        15.280            0.007     15.285         15.284   15.284       15.282    0.016       0.013        14723756001622  338.8138960   19.5577120        3621      0   56258.090727200        1345    15.608    20.114     27.975    2.250       2.497           0      131072            0            1    14723756 
   56266.143577200        15.280        0.203        36212000005043  338.8138980   19.5576960   22h35m15.34s   19d33m27.71s      2               0    4.871006e-07         134         132         120        15.280            0.007     15.285         15.284   15.284       15.282    0.016       0.013        14745503002466  338.8138860   19.5577080        3621      0   56266.144157200        1353    15.597    21.122     27.909    1.950       2.014           0      131072            0            1    14745503 
   56266.172857200        15.287        0.203        36212000005043  338.8138980   19.5576960   22h35m15.34s   19d33m27.71s      2               0    4.871006e-07         134         132         120        15.280            0.007     15.285         15.284   15.284       15.282    0.016       0.013        14745517002500  338.8138880   19.5577070        3621      0   56266.173437200        1353    15.583    20.995     27.916    2.250       2.301           0      131072            0            1    14745517 
   56271.183287200        15.285        0.040        36212000005043  338.8138980   19.5576960   22h35m15.34s   19d33m27.71s      2               0    4.871006e-07         134         132         120        15.280            0.007     15.285         15.284   15.284       15.282    0.016       0.013        14804853002927  338.8138850   19.5577120        3621      0   56271.183397200        1358    15.273    21.066     28.054    2.950       2.976           0      131072            0            1    14804853 
   56271.213277200        15.284        0.040        36212000005043  338.8138980   19.5576960   22h35m15.34s   19d33m27.71s      2               0    4.871006e-07         134         132         120        15.280            0.007     15.285         15.284   15.284       15.282    0.016       0.013        14804880002658  338.8138760   19.5577050        3621      0   56271.213387200        1358    15.256    20.852     28.020    3.250       3.313           0      131072            0            1    14804880 
   56257.093607200        15.293        0.026        36212000005043  338.8138980   19.5576960   22h35m15.34s   19d33m27.71s      2               0    4.871006e-07         134         132         120        15.280            0.007     15.285         15.284   15.284       15.282    0.016       0.013        15701485002755  338.8138940   19.5577110        3621      0   56257.095007200        1344    15.290    20.838     28.119    2.450       2.557           0      131072            0            1    15701485 
   56257.124397200        15.286        0.026        36212000005043  338.8138980   19.5576960   22h35m15.34s   19d33m27.71s      2               0    4.871006e-07         134         132         120        15.280            0.007     15.285         15.284   15.284       15.282    0.016       0.013        15701504002691  338.8138970   19.5577150        3621      0   56257.125797200        1344    15.285    20.841     28.119    2.450       2.615           0      131072            0            1    15701504 
