   55058.477927200        19.081        0.053        39172040007332    2.8762010   29.1486980   00h11m30.29s   29d08m55.31s      2               0    6.039281e-07         123         116          99        19.041            0.019     19.093         19.089   19.104       19.094    0.107       0.076        12037481000569    2.8761830   29.1487050        3917      4   55058.481217200         172    19.037    21.682     27.807    1.950       2.014           0      131072            0            1    12037481 
   55058.477927200        19.081        0.053        39172040007332    2.8762010   29.1486980   00h11m30.29s   29d08m55.31s      2               0    6.039281e-07         123         116          99        19.041            0.019     19.093         19.089   19.104       19.094    0.107       0.076        12037481000569    2.8761830   29.1487050        3917      4   55058.481217200         172    19.037    21.682     27.807    1.950       2.014           0      131072            0            1    12037481 
   55058.485797200        19.064        0.053        39172040007332    2.8762010   29.1486980   00h11m30.29s   29d08m55.31s      2               0    6.039281e-07         123         116          99        19.041            0.019     19.093         19.089   19.104       19.094    0.107       0.076        12037464000558    2.8761920   29.1486920        3917      4   55058.489097200         172    19.017    21.676     27.805    1.950       2.133           0      131072            0            1    12037464 
   55058.485797200        19.064        0.053        39172040007332    2.8762010   29.1486980   00h11m30.29s   29d08m55.31s      2               0    6.039281e-07         123         116          99        19.041            0.019     19.093         19.089   19.104       19.094    0.107       0.076        12037464000558    2.8761920   29.1486920        3917      4   55058.489097200         172    19.017    21.676     27.805    1.950       2.133           0      131072            0            1    12037464 
   55067.439387200        19.350        0.189        39172040007332    2.8762010   29.1486980   00h11m30.29s   29d08m55.31s      2               0    6.039281e-07         123         116          99        19.041            0.019     19.093         19.089   19.104       19.094    0.107       0.076        11882062000288    2.8761050   29.1486030        3917      4   55067.443257200         181    19.533    20.775     27.708    3.650       4.931           0      131072            0            1    11882062 
   55067.439387200        19.350        0.189        39172040007332    2.8762010   29.1486980   00h11m30.29s   29d08m55.31s      2               0    6.039281e-07         123         116          99        19.041            0.019     19.093         19.089   19.104       19.094    0.107       0.076        11882062000288    2.8761050   29.1486030        3917      4   55067.443257200         181    19.533    20.775     27.708    3.650       4.931           0      131072            0            1    11882062 
   55067.504457200        19.148        0.180        39172040007332    2.8762010   29.1486980   00h11m30.29s   29d08m55.31s      2               0    6.039281e-07         123         116          99        19.041            0.019     19.093         19.089   19.104       19.094    0.107       0.076        11882181000524    2.8761550   29.1487300        3917      4   55067.508327200         181    19.095    21.515     27.801    1.850       1.915           0      131072            0            1    11882181 
   55067.504457200        19.148        0.180        39172040007332    2.8762010   29.1486980   00h11m30.29s   29d08m55.31s      2               0    6.039281e-07         123         116          99        19.041            0.019     19.093         19.089   19.104       19.094    0.107       0.076        11882181000524    2.8761550   29.1487300        3917      4   55067.508327200         181    19.095    21.515     27.801    1.850       1.915           0      131072            0            1    11882181 
   55088.439507200        19.050        0.049        39172040007332    2.8762010   29.1486980   00h11m30.29s   29d08m55.31s      2               0    6.039281e-07         123         116          99        19.041            0.019     19.093         19.089   19.104       19.094    0.107       0.076        11841248000464    2.8761810   29.1487190        3917      4   55088.444357200         200    19.034    21.848     27.815    1.850       1.866           0      131072            0            1    11841248 
   55088.439507200        19.050        0.049        39172040007332    2.8762010   29.1486980   00h11m30.29s   29d08m55.31s      2               0    6.039281e-07         123         116          99        19.041            0.019     19.093         19.089   19.104       19.094    0.107       0.076        11841248000464    2.8761810   29.1487190        3917      4   55088.444357200         200    19.034    21.848     27.815    1.850       1.866           0      131072            0            1    11841248 
   55088.483307200        19.044        0.050        39172040007332    2.8762010   29.1486980   00h11m30.29s   29d08m55.31s      2               0    6.039281e-07         123         116          99        19.041            0.019     19.093         19.089   19.104       19.094    0.107       0.076        11841455000418    2.8761260   29.1486770        3917      4   55088.488167200         200    19.022    21.630     27.792    2.050       2.024           0      131072            0            1    11841455 
   55088.483307200        19.044        0.050        39172040007332    2.8762010   29.1486980   00h11m30.29s   29d08m55.31s      2               0    6.039281e-07         123         116          99        19.041            0.019     19.093         19.089   19.104       19.094    0.107       0.076        11841455000418    2.8761260   29.1486770        3917      4   55088.488167200         200    19.022    21.630     27.792    2.050       2.024           0      131072            0            1    11841455 
   55403.272277200        18.999        0.135        39172040007332    2.8762010   29.1486980   00h11m30.29s   29d08m55.31s      2               0    6.039281e-07         123         116          99        19.041            0.019     19.093         19.089   19.104       19.094    0.107       0.076        11303744000243    2.8760720   29.1486950        3917      4   55403.274017200         502    18.947    19.611     27.864    2.950       3.092           0      131072            0            1    11303744 
   55403.272277200        18.999        0.135        39172040007332    2.8762010   29.1486980   00h11m30.29s   29d08m55.31s      2               0    6.039281e-07         123         116          99        19.041            0.019     19.093         19.089   19.104       19.094    0.107       0.076        11303744000243    2.8760720   29.1486950        3917      4   55403.274017200         502    18.947    19.611     27.864    2.950       3.092           0      131072            0            1    11303744 
   55403.315547200        18.990        0.116        39172040007332    2.8762010   29.1486980   00h11m30.29s   29d08m55.31s      2               0    6.039281e-07         123         116          99        19.041            0.019     19.093         19.089   19.104       19.094    0.107       0.076        11304220000342    2.8761040   29.1486600        3917      4   55403.317287200         502    18.941    20.186     27.973    2.250       2.497           0      131072            0            1    11304220 
   55403.315547200        18.990        0.116        39172040007332    2.8762010   29.1486980   00h11m30.29s   29d08m55.31s      2               0    6.039281e-07         123         116          99        19.041            0.019     19.093         19.089   19.104       19.094    0.107       0.076        11304220000342    2.8761040   29.1486600        3917      4   55403.317287200         502    18.941    20.186     27.973    2.250       2.497           0      131072            0            1    11304220 
   55417.289387200        18.976        0.295        39172040007332    2.8762010   29.1486980   00h11m30.29s   29d08m55.31s      2               0    6.039281e-07         123         116          99        19.041            0.019     19.093         19.089   19.104       19.094    0.107       0.076        11124050000447    2.8761620   29.1487070        3917      4   55417.292217200         516    19.020    20.431     27.105    3.950       3.317           0      131072            0            1    11124050 
   55417.289387200        18.976        0.295        39172040007332    2.8762010   29.1486980   00h11m30.29s   29d08m55.31s      2               0    6.039281e-07         123         116          99        19.041            0.019     19.093         19.089   19.104       19.094    0.107       0.076        11124050000447    2.8761620   29.1487070        3917      4   55417.292217200         516    19.020    20.431     27.105    3.950       3.317           0      131072            0            1    11124050 
   55417.333867200        19.076        0.294        39172040007332    2.8762010   29.1486980   00h11m30.29s   29d08m55.31s      2               0    6.039281e-07         123         116          99        19.041            0.019     19.093         19.089   19.104       19.094    0.107       0.076        11124097000502    2.8761310   29.1487430        3917      4   55417.336707200         516    19.137    20.850     27.146    3.050       2.701           0      131072            0            1    11124097 
   55417.333867200        19.076        0.294        39172040007332    2.8762010   29.1486980   00h11m30.29s   29d08m55.31s      2               0    6.039281e-07         123         116          99        19.041            0.019     19.093         19.089   19.104       19.094    0.107       0.076        11124097000502    2.8761310   29.1487430        3917      4   55417.336707200         516    19.137    20.850     27.146    3.050       2.701           0      131072            0            1    11124097 
   55420.291207200        19.101        0.164        39172040007332    2.8762010   29.1486980   00h11m30.29s   29d08m55.31s      2               0    6.039281e-07         123         116          99        19.041            0.019     19.093         19.089   19.104       19.094    0.107       0.076        11153566000448    2.8761330   29.1487570        3917      4   55420.294257200         519    19.010    20.305     27.246    4.450       4.182           0      131072            0            1    11153566 
   55420.291207200        19.101        0.164        39172040007332    2.8762010   29.1486980   00h11m30.29s   29d08m55.31s      2               0    6.039281e-07         123         116          99        19.041            0.019     19.093         19.089   19.104       19.094    0.107       0.076        11153566000448    2.8761330   29.1487570        3917      4   55420.294257200         519    19.010    20.305     27.246    4.450       4.182           0      131072            0            1    11153566 
   55420.334547200        18.960        0.163        39172040007332    2.8762010   29.1486980   00h11m30.29s   29d08m55.31s      2               0    6.039281e-07         123         116          99        19.041            0.019     19.093         19.089   19.104       19.094    0.107       0.076        11153680000479    2.8760650   29.1487420        3917      4   55420.337607200         519    18.989    20.561     27.294    4.150       3.527           0      131072            0            1    11153680 
   55420.334547200        18.960        0.163        39172040007332    2.8762010   29.1486980   00h11m30.29s   29d08m55.31s      2               0    6.039281e-07         123         116          99        19.041            0.019     19.093         19.089   19.104       19.094    0.107       0.076        11153680000479    2.8760650   29.1487420        3917      4   55420.337607200         519    18.989    20.561     27.294    4.150       3.527           0      131072            0            1    11153680 
   55423.363367200        19.077        0.066        39172040007332    2.8762010   29.1486980   00h11m30.29s   29d08m55.31s      2               0    6.039281e-07         123         116          99        19.041            0.019     19.093         19.089   19.104       19.094    0.107       0.076        11145584000732    2.8761320   29.1487300        3917      4   55423.366637200         522    19.059    21.933     28.154    1.850       1.835           0    12713984            0            1    11145584 
   55423.363367200        19.077        0.066        39172040007332    2.8762010   29.1486980   00h11m30.29s   29d08m55.31s      2               0    6.039281e-07         123         116          99        19.041            0.019     19.093         19.089   19.104       19.094    0.107       0.076        11145584000732    2.8761320   29.1487300        3917      4   55423.366637200         522    19.059    21.933     28.154    1.850       1.835           0    12713984            0            1    11145584 
   55423.425467200        19.115        0.067        39172040007332    2.8762010   29.1486980   00h11m30.29s   29d08m55.31s      2               0    6.039281e-07         123         116          99        19.041            0.019     19.093         19.089   19.104       19.094    0.107       0.076        11145685000762    2.8760950   29.1487350        3917      4   55423.428737200         522    19.095    21.789     28.149    2.250       2.431           0      131072            0            1    11145685 
   55423.425467200        19.115        0.067        39172040007332    2.8762010   29.1486980   00h11m30.29s   29d08m55.31s      2               0    6.039281e-07         123         116          99        19.041            0.019     19.093         19.089   19.104       19.094    0.107       0.076        11145685000762    2.8760950   29.1487350        3917      4   55423.428737200         522    19.095    21.789     28.149    2.250       2.431           0      131072            0            1    11145685 
   55426.424687200        19.143        0.269        39172040007332    2.8762010   29.1486980   00h11m30.29s   29d08m55.31s      2               0    6.039281e-07         123         116          99        19.041            0.019     19.093         19.089   19.104       19.094    0.107       0.076        11199776000775    2.8761080   29.1487130        3917      4   55426.428157200         525    18.728    21.608     27.809    1.750       2.019           0    12713984            0            1    11199776 
   55426.424687200        19.143        0.269        39172040007332    2.8762010   29.1486980   00h11m30.29s   29d08m55.31s      2               0    6.039281e-07         123         116          99        19.041            0.019     19.093         19.089   19.104       19.094    0.107       0.076        11199776000775    2.8761080   29.1487130        3917      4   55426.428157200         525    18.728    21.608     27.809    1.750       2.019           0    12713984            0            1    11199776 
   55426.467687200        19.223        0.270        39172040007332    2.8762010   29.1486980   00h11m30.29s   29d08m55.31s      2               0    6.039281e-07         123         116          99        19.041            0.019     19.093         19.089   19.104       19.094    0.107       0.076        11199660000609    2.8761480   29.1487150        3917      4   55426.471157200         525    19.130    21.616     27.873    1.450       1.754           0      131072            0            1    11199660 
   55426.467687200        19.223        0.270        39172040007332    2.8762010   29.1486980   00h11m30.29s   29d08m55.31s      2               0    6.039281e-07         123         116          99        19.041            0.019     19.093         19.089   19.104       19.094    0.107       0.076        11199660000609    2.8761480   29.1487150        3917      4   55426.471157200         525    19.130    21.616     27.873    1.450       1.754           0      131072            0            1    11199660 
   55429.453037200        19.049        0.104        39172040007332    2.8762010   29.1486980   00h11m30.29s   29d08m55.31s      2               0    6.039281e-07         123         116          99        19.041            0.019     19.093         19.089   19.104       19.094    0.107       0.076        11195630000796    2.8761460   29.1487760        3917      4   55429.456697200         528    18.930    22.083     28.078    1.450       1.806           0      131072            0            1    11195630 
   55429.453037200        19.049        0.104        39172040007332    2.8762010   29.1486980   00h11m30.29s   29d08m55.31s      2               0    6.039281e-07         123         116          99        19.041            0.019     19.093         19.089   19.104       19.094    0.107       0.076        11195630000796    2.8761460   29.1487760        3917      4   55429.456697200         528    18.930    22.083     28.078    1.450       1.806           0      131072            0            1    11195630 
   55429.495787200        19.046        0.105        39172040007332    2.8762010   29.1486980   00h11m30.29s   29d08m55.31s      2               0    6.039281e-07         123         116          99        19.041            0.019     19.093         19.089   19.104       19.094    0.107       0.076        11195676000769    2.8761540   29.1487240        3917      4   55429.499457200         528    18.929    21.959     28.075    1.550       1.868           0      131072            0            1    11195676 
   55429.495787200        19.046        0.105        39172040007332    2.8762010   29.1486980   00h11m30.29s   29d08m55.31s      2               0    6.039281e-07         123         116          99        19.041            0.019     19.093         19.089   19.104       19.094    0.107       0.076        11195676000769    2.8761540   29.1487240        3917      4   55429.499457200         528    18.929    21.959     28.075    1.550       1.868           0      131072            0            1    11195676 
   55438.308847200        19.125        0.072        39172040007332    2.8762010   29.1486980   00h11m30.29s   29d08m55.31s      2               0    6.039281e-07         123         116          99        19.041            0.019     19.093         19.089   19.104       19.094    0.107       0.076        11218935000418    2.8760980   29.1487250        3917      4   55438.313027200         606    19.106    20.738     28.112    2.450       2.854           0      131072            0            1    11218935 
   55438.308847200        19.125        0.072        39172040007332    2.8762010   29.1486980   00h11m30.29s   29d08m55.31s      2               0    6.039281e-07         123         116          99        19.041            0.019     19.093         19.089   19.104       19.094    0.107       0.076        11218935000418    2.8760980   29.1487250        3917      4   55438.313027200         606    19.106    20.738     28.112    2.450       2.854           0      131072            0            1    11218935 
   55438.410817200        19.142        0.063        39172040007332    2.8762010   29.1486980   00h11m30.29s   29d08m55.31s      2               0    6.039281e-07         123         116          99        19.041            0.019     19.093         19.089   19.104       19.094    0.107       0.076        11218987000472    2.8761460   29.1486640        3917      4   55438.415007200         606    19.121    21.077     28.127    2.050       2.239           0      131072            0            1    11218987 
   55438.410817200        19.142        0.063        39172040007332    2.8762010   29.1486980   00h11m30.29s   29d08m55.31s      2               0    6.039281e-07         123         116          99        19.041            0.019     19.093         19.089   19.104       19.094    0.107       0.076        11218987000472    2.8761460   29.1486640        3917      4   55438.415007200         606    19.121    21.077     28.127    2.050       2.239           0      131072            0            1    11218987 
   55441.486807200        19.045        0.055        39172040007332    2.8762010   29.1486980   00h11m30.29s   29d08m55.31s      2               0    6.039281e-07         123         116          99        19.041            0.019     19.093         19.089   19.104       19.094    0.107       0.076        10902841000634    2.8761340   29.1486690        3917      4   55441.491157200         536    19.047    21.688     28.157    1.950       2.041           0      131072            0            1    10902841 
   55441.486807200        19.045        0.055        39172040007332    2.8762010   29.1486980   00h11m30.29s   29d08m55.31s      2               0    6.039281e-07         123         116          99        19.041            0.019     19.093         19.089   19.104       19.094    0.107       0.076        10902841000634    2.8761340   29.1486690        3917      4   55441.491157200         536    19.047    21.688     28.157    1.950       2.041           0      131072            0            1    10902841 
   55442.225177200        19.149        0.200        39172040007332    2.8762010   29.1486980   00h11m30.29s   29d08m55.31s      2               0    6.039281e-07         123         116          99        19.041            0.019     19.093         19.089   19.104       19.094    0.107       0.076        10899890000661    2.8761290   29.1487050        3917      4   55442.229557200         537    18.835    21.312     27.896    1.950       1.741           0    12713984            0            1    10899890 
   55442.225177200        19.149        0.200        39172040007332    2.8762010   29.1486980   00h11m30.29s   29d08m55.31s      2               0    6.039281e-07         123         116          99        19.041            0.019     19.093         19.089   19.104       19.094    0.107       0.076        10899890000661    2.8761290   29.1487050        3917      4   55442.229557200         537    18.835    21.312     27.896    1.950       1.741           0    12713984            0            1    10899890 
   55442.268217200        19.188        0.200        39172040007332    2.8762010   29.1486980   00h11m30.29s   29d08m55.31s      2               0    6.039281e-07         123         116          99        19.041            0.019     19.093         19.089   19.104       19.094    0.107       0.076        10899863000730    2.8761340   29.1487140        3917      4   55442.272607200         537    18.942    21.576     27.988    1.850       1.641           0    12713984            0            1    10899863 
   55442.268217200        19.188        0.200        39172040007332    2.8762010   29.1486980   00h11m30.29s   29d08m55.31s      2               0    6.039281e-07         123         116          99        19.041            0.019     19.093         19.089   19.104       19.094    0.107       0.076        10899863000730    2.8761340   29.1487140        3917      4   55442.272607200         537    18.942    21.576     27.988    1.850       1.641           0    12713984            0            1    10899863 
   55445.234157200        19.127        0.047        39172040007332    2.8762010   29.1486980   00h11m30.29s   29d08m55.31s      2               0    6.039281e-07         123         116          99        19.041            0.019     19.093         19.089   19.104       19.094    0.107       0.076        10916588000653    2.8761270   29.1486790        3917      4   55445.238677200         540    19.133    21.555     28.134    2.350       2.479           0      131072            0            1    10916588 
   55445.234157200        19.127        0.047        39172040007332    2.8762010   29.1486980   00h11m30.29s   29d08m55.31s      2               0    6.039281e-07         123         116          99        19.041            0.019     19.093         19.089   19.104       19.094    0.107       0.076        10916588000653    2.8761270   29.1486790        3917      4   55445.238677200         540    19.133    21.555     28.134    2.350       2.479           0      131072            0            1    10916588 
   55445.280567200        19.118        0.043        39172040007332    2.8762010   29.1486980   00h11m30.29s   29d08m55.31s      2               0    6.039281e-07         123         116          99        19.041            0.019     19.093         19.089   19.104       19.094    0.107       0.076        10916546000723    2.8761130   29.1486990        3917      4   55445.285097200         540    19.115    21.866     28.152    1.950       1.916           0      131072            0            1    10916546 
   55445.280567200        19.118        0.043        39172040007332    2.8762010   29.1486980   00h11m30.29s   29d08m55.31s      2               0    6.039281e-07         123         116          99        19.041            0.019     19.093         19.089   19.104       19.094    0.107       0.076        10916546000723    2.8761130   29.1486990        3917      4   55445.285097200         540    19.115    21.866     28.152    1.950       1.916           0      131072            0            1    10916546 
   55457.321617200        19.113        0.085        39172040007332    2.8762010   29.1486980   00h11m30.29s   29d08m55.31s      2               0    6.039281e-07         123         116          99        19.041            0.019     19.093         19.089   19.104       19.094    0.107       0.076        10957572000535    2.8761370   29.1486850        3917      4   55457.326587200         552    19.104    21.310     28.173    2.250       2.295           0      131072            0            1    10957572 
   55457.321617200        19.113        0.085        39172040007332    2.8762010   29.1486980   00h11m30.29s   29d08m55.31s      2               0    6.039281e-07         123         116          99        19.041            0.019     19.093         19.089   19.104       19.094    0.107       0.076        10957572000535    2.8761370   29.1486850        3917      4   55457.326587200         552    19.104    21.310     28.173    2.250       2.295           0      131072            0            1    10957572 
   55457.365817200        19.128        0.081        39172040007332    2.8762010   29.1486980   00h11m30.29s   29d08m55.31s      2               0    6.039281e-07         123         116          99        19.041            0.019     19.093         19.089   19.104       19.094    0.107       0.076        10957519000592    2.8761410   29.1487020        3917      4   55457.370787200         552    19.126    21.601     28.179    1.850       1.751           0      131072            0            1    10957519 
   55457.365817200        19.128        0.081        39172040007332    2.8762010   29.1486980   00h11m30.29s   29d08m55.31s      2               0    6.039281e-07         123         116          99        19.041            0.019     19.093         19.089   19.104       19.094    0.107       0.076        10957519000592    2.8761410   29.1487020        3917      4   55457.370787200         552    19.126    21.601     28.179    1.850       1.751           0      131072            0            1    10957519 
   55460.337967200        18.877        0.069        39172040007332    2.8762010   29.1486980   00h11m30.29s   29d08m55.31s      2               0    6.039281e-07         123         116          99        19.041            0.019     19.093         19.089   19.104       19.094    0.107       0.076        12790045000330    2.8762600   29.1486730        3917      4   55460.343007200         557    18.878    19.781     28.187    5.650       7.024           0      131072            0            1    12790045 
   55460.337967200        18.877        0.069        39172040007332    2.8762010   29.1486980   00h11m30.29s   29d08m55.31s      2               0    6.039281e-07         123         116          99        19.041            0.019     19.093         19.089   19.104       19.094    0.107       0.076        12790045000330    2.8762600   29.1486730        3917      4   55460.343007200         557    18.878    19.781     28.187    5.650       7.024           0      131072            0            1    12790045 
   55460.382487200        19.108        0.072        39172040007332    2.8762010   29.1486980   00h11m30.29s   29d08m55.31s      2               0    6.039281e-07         123         116          99        19.041            0.019     19.093         19.089   19.104       19.094    0.107       0.076        12790163000402    2.8761850   29.1487190        3917      4   55460.387537200         557    19.118    20.904     28.183    1.950       1.873           0      131072            0            1    12790163 
   55460.382487200        19.108        0.072        39172040007332    2.8762010   29.1486980   00h11m30.29s   29d08m55.31s      2               0    6.039281e-07         123         116          99        19.041            0.019     19.093         19.089   19.104       19.094    0.107       0.076        12790163000402    2.8761850   29.1487190        3917      4   55460.387537200         557    19.118    20.904     28.183    1.950       1.873           0      131072            0            1    12790163 
   55469.159337200        19.249        0.321        39172040007332    2.8762010   29.1486980   00h11m30.29s   29d08m55.31s      2               0    6.039281e-07         123         116          99        19.041            0.019     19.093         19.089   19.104       19.094    0.107       0.076        11066804000247    2.8761600   29.1487100        3917      4   55469.164537200         583    19.724    20.354     27.314    2.050       2.278           0      131072            0            1    11066804 
   55469.159337200        19.249        0.321        39172040007332    2.8762010   29.1486980   00h11m30.29s   29d08m55.31s      2               0    6.039281e-07         123         116          99        19.041            0.019     19.093         19.089   19.104       19.094    0.107       0.076        11066804000247    2.8761600   29.1487100        3917      4   55469.164537200         583    19.724    20.354     27.314    2.050       2.278           0      131072            0            1    11066804 
   55480.409267200        19.094        0.046        39172040007332    2.8762010   29.1486980   00h11m30.29s   29d08m55.31s      2               0    6.039281e-07         123         116          99        19.041            0.019     19.093         19.089   19.104       19.094    0.107       0.076        12806267000639    2.8762020   29.1486990        3917      4   55480.414497200         574    19.111    21.581     28.137    2.250       2.399           0      131072            0            1    12806267 
   55480.409267200        19.094        0.046        39172040007332    2.8762010   29.1486980   00h11m30.29s   29d08m55.31s      2               0    6.039281e-07         123         116          99        19.041            0.019     19.093         19.089   19.104       19.094    0.107       0.076        12806267000639    2.8762020   29.1486990        3917      4   55480.414497200         574    19.111    21.581     28.137    2.250       2.399           0      131072            0            1    12806267 
   55480.459147200        19.171        0.054        39172040007332    2.8762010   29.1486980   00h11m30.29s   29d08m55.31s      2               0    6.039281e-07         123         116          99        19.041            0.019     19.093         19.089   19.104       19.094    0.107       0.076        12806493000533    2.8761680   29.1487140        3917      4   55480.464367200         574    19.178    21.271     28.081    2.350       2.509           0      131072            0            1    12806493 
   55480.459147200        19.171        0.054        39172040007332    2.8762010   29.1486980   00h11m30.29s   29d08m55.31s      2               0    6.039281e-07         123         116          99        19.041            0.019     19.093         19.089   19.104       19.094    0.107       0.076        12806493000533    2.8761680   29.1487140        3917      4   55480.464367200         574    19.178    21.271     28.081    2.350       2.509           0      131072            0            1    12806493 
   55483.411547200        19.188        0.053        39172040007332    2.8762010   29.1486980   00h11m30.29s   29d08m55.31s      2               0    6.039281e-07         123         116          99        19.041            0.019     19.093         19.089   19.104       19.094    0.107       0.076        10854033000608    2.8761230   29.1486910        3917      4   55483.416747200         577    19.179    21.315     28.071    2.650       2.779           0      131072            0            1    10854033 
   55483.411547200        19.188        0.053        39172040007332    2.8762010   29.1486980   00h11m30.29s   29d08m55.31s      2               0    6.039281e-07         123         116          99        19.041            0.019     19.093         19.089   19.104       19.094    0.107       0.076        10854033000608    2.8761230   29.1486910        3917      4   55483.416747200         577    19.179    21.315     28.071    2.650       2.779           0      131072            0            1    10854033 
   55483.456477200        19.005        0.055        39172040007332    2.8762010   29.1486980   00h11m30.29s   29d08m55.31s      2               0    6.039281e-07         123         116          99        19.041            0.019     19.093         19.089   19.104       19.094    0.107       0.076        10853964000554    2.8761450   29.1486690        3917      4   55483.461677200         577    18.977    21.259     27.992    2.250       2.234           0      131072            0            1    10853964 
   55483.456477200        19.005        0.055        39172040007332    2.8762010   29.1486980   00h11m30.29s   29d08m55.31s      2               0    6.039281e-07         123         116          99        19.041            0.019     19.093         19.089   19.104       19.094    0.107       0.076        10853964000554    2.8761450   29.1486690        3917      4   55483.461677200         577    18.977    21.259     27.992    2.250       2.234           0      131072            0            1    10853964 
   55497.368037200        19.122        0.067        39172040007332    2.8762010   29.1486980   00h11m30.29s   29d08m55.31s      2               0    6.039281e-07         123         116          99        19.041            0.019     19.093         19.089   19.104       19.094    0.107       0.076        12678460000436    2.8761170   29.1487150        3917      4   55497.372927200         592    19.110    20.801     28.105    2.850       2.801           0      131072            0            1    12678460 
   55497.368037200        19.122        0.067        39172040007332    2.8762010   29.1486980   00h11m30.29s   29d08m55.31s      2               0    6.039281e-07         123         116          99        19.041            0.019     19.093         19.089   19.104       19.094    0.107       0.076        12678460000436    2.8761170   29.1487150        3917      4   55497.372927200         592    19.110    20.801     28.105    2.850       2.801           0      131072            0            1    12678460 
   55497.413657200        19.176        0.086        39172040007332    2.8762010   29.1486980   00h11m30.29s   29d08m55.31s      2               0    6.039281e-07         123         116          99        19.041            0.019     19.093         19.089   19.104       19.094    0.107       0.076        12678599000359    2.8760980   29.1487240        3917      4   55497.418547200         592    19.153    20.356     28.059    3.450       3.794           0      131072            0            1    12678599 
   55497.413657200        19.176        0.086        39172040007332    2.8762010   29.1486980   00h11m30.29s   29d08m55.31s      2               0    6.039281e-07         123         116          99        19.041            0.019     19.093         19.089   19.104       19.094    0.107       0.076        12678599000359    2.8760980   29.1487240        3917      4   55497.418547200         592    19.153    20.356     28.059    3.450       3.794           0      131072            0            1    12678599 
   56202.242037200        19.097        0.077        39172040007332    2.8762010   29.1486980   00h11m30.29s   29d08m55.31s      2               0    6.039281e-07         123         116          99        19.041            0.019     19.093         19.089   19.104       19.094    0.107       0.076        14271778000331    2.8761850   29.1486800        3917      4   56202.247257200        1299    19.122    20.756     28.193    1.750       2.177           0      131072            0            1    14271778 
   56202.242037200        19.097        0.077        39172040007332    2.8762010   29.1486980   00h11m30.29s   29d08m55.31s      2               0    6.039281e-07         123         116          99        19.041            0.019     19.093         19.089   19.104       19.094    0.107       0.076        14271778000331    2.8761850   29.1486800        3917      4   56202.247257200        1299    19.122    20.756     28.193    1.750       2.177           0      131072            0            1    14271778 
   56202.272197200        19.126        0.077        39172040007332    2.8762010   29.1486980   00h11m30.29s   29d08m55.31s      2               0    6.039281e-07         123         116          99        19.041            0.019     19.093         19.089   19.104       19.094    0.107       0.076        14271796000313    2.8762700   29.1487070        3917      4   56202.277427200        1299    19.154    20.853     28.200    1.650       1.864           0      131072            0            1    14271796 
   56202.272197200        19.126        0.077        39172040007332    2.8762010   29.1486980   00h11m30.29s   29d08m55.31s      2               0    6.039281e-07         123         116          99        19.041            0.019     19.093         19.089   19.104       19.094    0.107       0.076        14271796000313    2.8762700   29.1487070        3917      4   56202.277427200        1299    19.154    20.853     28.200    1.650       1.864           0      131072            0            1    14271796 
   56202.301727200        19.005        0.072        39172040007332    2.8762010   29.1486980   00h11m30.29s   29d08m55.31s      2               0    6.039281e-07         123         116          99        19.041            0.019     19.093         19.089   19.104       19.094    0.107       0.076        14271817000315    2.8761670   29.1487030        3917      4   56202.306947200        1299    19.032    20.736     28.203    1.950       2.518           0      131072            0            1    14271817 
   56202.301727200        19.005        0.072        39172040007332    2.8762010   29.1486980   00h11m30.29s   29d08m55.31s      2               0    6.039281e-07         123         116          99        19.041            0.019     19.093         19.089   19.104       19.094    0.107       0.076        14271817000315    2.8761670   29.1487030        3917      4   56202.306947200        1299    19.032    20.736     28.203    1.950       2.518           0      131072            0            1    14271817 
   56203.124967200        19.174        0.064        39172040007332    2.8762010   29.1486980   00h11m30.29s   29d08m55.31s      2               0    6.039281e-07         123         116          99        19.041            0.019     19.093         19.089   19.104       19.094    0.107       0.076        14293335000428    2.8761600   29.1486970        3917      4   56203.130197200        1300    19.188    21.074     28.103    2.050       1.888           0      131072            0            1    14293335 
   56203.124967200        19.174        0.064        39172040007332    2.8762010   29.1486980   00h11m30.29s   29d08m55.31s      2               0    6.039281e-07         123         116          99        19.041            0.019     19.093         19.089   19.104       19.094    0.107       0.076        14293335000428    2.8761600   29.1486970        3917      4   56203.130197200        1300    19.188    21.074     28.103    2.050       1.888           0      131072            0            1    14293335 
   56203.154177200        19.029        0.064        39172040007332    2.8762010   29.1486980   00h11m30.29s   29d08m55.31s      2               0    6.039281e-07         123         116          99        19.041            0.019     19.093         19.089   19.104       19.094    0.107       0.076        14293350000398    2.8761720   29.1487080        3917      4   56203.159407200        1300    19.033    21.071     28.136    1.550       1.824           0      131072            0            1    14293350 
   56203.154177200        19.029        0.064        39172040007332    2.8762010   29.1486980   00h11m30.29s   29d08m55.31s      2               0    6.039281e-07         123         116          99        19.041            0.019     19.093         19.089   19.104       19.094    0.107       0.076        14293350000398    2.8761720   29.1487080        3917      4   56203.159407200        1300    19.033    21.071     28.136    1.550       1.824           0      131072            0            1    14293350 
   56203.161037200        19.146        0.071        39172040007332    2.8762010   29.1486980   00h11m30.29s   29d08m55.31s      2               0    6.039281e-07         123         116          99        19.041            0.019     19.093         19.089   19.104       19.094    0.107       0.076        14293360000377    2.8761960   29.1486950        3917      4   56203.166267200        1300    19.148    20.819     28.142    1.950       2.191           0      131072            0            1    14293360 
   56203.161037200        19.146        0.071        39172040007332    2.8762010   29.1486980   00h11m30.29s   29d08m55.31s      2               0    6.039281e-07         123         116          99        19.041            0.019     19.093         19.089   19.104       19.094    0.107       0.076        14293360000377    2.8761960   29.1486950        3917      4   56203.166267200        1300    19.148    20.819     28.142    1.950       2.191           0      131072            0            1    14293360 
   56206.265187200        18.987        0.133        39172040007332    2.8762010   29.1486980   00h11m30.29s   29d08m55.31s      2               0    6.039281e-07         123         116          99        19.041            0.019     19.093         19.089   19.104       19.094    0.107       0.076        14339547000540    2.8761640   29.1487000        3917      4   56206.270427200        1303    18.904    21.161     28.099    2.550       2.922           0      131072            0            1    14339547 
   56206.265187200        18.987        0.133        39172040007332    2.8762010   29.1486980   00h11m30.29s   29d08m55.31s      2               0    6.039281e-07         123         116          99        19.041            0.019     19.093         19.089   19.104       19.094    0.107       0.076        14339547000540    2.8761640   29.1487000        3917      4   56206.270427200        1303    18.904    21.161     28.099    2.550       2.922           0      131072            0            1    14339547 
   56206.302137200        19.017        0.133        39172040007332    2.8762010   29.1486980   00h11m30.29s   29d08m55.31s      2               0    6.039281e-07         123         116          99        19.041            0.019     19.093         19.089   19.104       19.094    0.107       0.076        14339565000529    2.8761990   29.1486910        3917      4   56206.307377200        1303    18.890    21.341     28.033    1.950       2.261           0      131072            0            1    14339565 
   56206.302137200        19.017        0.133        39172040007332    2.8762010   29.1486980   00h11m30.29s   29d08m55.31s      2               0    6.039281e-07         123         116          99        19.041            0.019     19.093         19.089   19.104       19.094    0.107       0.076        14339565000529    2.8761990   29.1486910        3917      4   56206.307377200        1303    18.890    21.341     28.033    1.950       2.261           0      131072            0            1    14339565 
   56206.331307200        19.379        0.168        39172040007332    2.8762010   29.1486980   00h11m30.29s   29d08m55.31s      2               0    6.039281e-07         123         116          99        19.041            0.019     19.093         19.089   19.104       19.094    0.107       0.076        14339595000261    2.8762120   29.1486970        3917      4   56206.336547200        1303    19.799    20.435     27.968    2.450       3.220           0      131072            0            1    14339595 
   56206.331307200        19.379        0.168        39172040007332    2.8762010   29.1486980   00h11m30.29s   29d08m55.31s      2               0    6.039281e-07         123         116          99        19.041            0.019     19.093         19.089   19.104       19.094    0.107       0.076        14339595000261    2.8762120   29.1486970        3917      4   56206.336547200        1303    19.799    20.435     27.968    2.450       3.220           0      131072            0            1    14339595 
   56225.252187200        19.144        0.066        39172040007332    2.8762010   29.1486980   00h11m30.29s   29d08m55.31s      2               0    6.039281e-07         123         116          99        19.041            0.019     19.093         19.089   19.104       19.094    0.107       0.076        14413361000393    2.8761680   29.1487160        3917      4   56225.257157200        1312    19.142    21.009     28.191    2.150       3.219           0      131072            0            1    14413361 
   56225.252187200        19.144        0.066        39172040007332    2.8762010   29.1486980   00h11m30.29s   29d08m55.31s      2               0    6.039281e-07         123         116          99        19.041            0.019     19.093         19.089   19.104       19.094    0.107       0.076        14413361000393    2.8761680   29.1487160        3917      4   56225.257157200        1312    19.142    21.009     28.191    2.150       3.219           0      131072            0            1    14413361 
   56225.282167200        19.163        0.062        39172040007332    2.8762010   29.1486980   00h11m30.29s   29d08m55.31s      2               0    6.039281e-07         123         116          99        19.041            0.019     19.093         19.089   19.104       19.094    0.107       0.076        14413155000415    2.8761620   29.1487240        3917      4   56225.287137200        1312    19.159    21.078     28.194    2.050       2.352           0      131072            0            1    14413155 
   56225.282167200        19.163        0.062        39172040007332    2.8762010   29.1486980   00h11m30.29s   29d08m55.31s      2               0    6.039281e-07         123         116          99        19.041            0.019     19.093         19.089   19.104       19.094    0.107       0.076        14413155000415    2.8761620   29.1487240        3917      4   56225.287137200        1312    19.159    21.078     28.194    2.050       2.352           0      131072            0            1    14413155 
   56232.389717200        18.944        0.091        39172040007332    2.8762010   29.1486980   00h11m30.29s   29d08m55.31s      2               0    6.039281e-07         123         116          99        19.041            0.019     19.093         19.089   19.104       19.094    0.107       0.076        14645050000349    2.8761880   29.1486990        3917      4   56232.394447200        1319    18.896    20.777     28.096    1.950       1.888           0      131072            0            1    14645050 
   56232.389717200        18.944        0.091        39172040007332    2.8762010   29.1486980   00h11m30.29s   29d08m55.31s      2               0    6.039281e-07         123         116          99        19.041            0.019     19.093         19.089   19.104       19.094    0.107       0.076        14645050000349    2.8761880   29.1486990        3917      4   56232.394447200        1319    18.896    20.777     28.096    1.950       1.888           0      131072            0            1    14645050 
   56234.388377200        18.993        0.077        39172040007332    2.8762010   29.1486980   00h11m30.29s   29d08m55.31s      2               0    6.039281e-07         123         116          99        19.041            0.019     19.093         19.089   19.104       19.094    0.107       0.076        14501778000364    2.8761950   29.1486810        3917      4   56234.393027200        1321    19.054    20.832     28.104    2.150       2.548           0      131072            0            1    14501778 
   56234.388377200        18.993        0.077        39172040007332    2.8762010   29.1486980   00h11m30.29s   29d08m55.31s      2               0    6.039281e-07         123         116          99        19.041            0.019     19.093         19.089   19.104       19.094    0.107       0.076        14501778000364    2.8761950   29.1486810        3917      4   56234.393027200        1321    19.054    20.832     28.104    2.150       2.548           0      131072            0            1    14501778 
   56236.387877200        19.010        0.065        39172040007332    2.8762010   29.1486980   00h11m30.29s   29d08m55.31s      2               0    6.039281e-07         123         116          99        19.041            0.019     19.093         19.089   19.104       19.094    0.107       0.076        14529199000366    2.8761820   29.1486990        3917      4   56236.392437200        1323    18.992    20.904     28.114    2.450       3.386           0      131072            0            1    14529199 
   56236.387877200        19.010        0.065        39172040007332    2.8762010   29.1486980   00h11m30.29s   29d08m55.31s      2               0    6.039281e-07         123         116          99        19.041            0.019     19.093         19.089   19.104       19.094    0.107       0.076        14529199000366    2.8761820   29.1486990        3917      4   56236.392437200        1323    18.992    20.904     28.114    2.450       3.386           0      131072            0            1    14529199 
   56236.396457200        19.047        0.073        39172040007332    2.8762010   29.1486980   00h11m30.29s   29d08m55.31s      2               0    6.039281e-07         123         116          99        19.041            0.019     19.093         19.089   19.104       19.094    0.107       0.076        14529202000329    2.8762210   29.1487320        3917      4   56236.401017200        1323    19.038    20.697     28.101    2.850       3.885           0      131072            0            1    14529202 
   56236.396457200        19.047        0.073        39172040007332    2.8762010   29.1486980   00h11m30.29s   29d08m55.31s      2               0    6.039281e-07         123         116          99        19.041            0.019     19.093         19.089   19.104       19.094    0.107       0.076        14529202000329    2.8762210   29.1487320        3917      4   56236.401017200        1323    19.038    20.697     28.101    2.850       3.885           0      131072            0            1    14529202 
   56238.346537200        19.015        0.046        39172040007332    2.8762010   29.1486980   00h11m30.29s   29d08m55.31s      2               0    6.039281e-07         123         116          99        19.041            0.019     19.093         19.089   19.104       19.094    0.107       0.076        14570577000514    2.8761760   29.1487090        3917      4   56238.351007200        1325    19.029    21.611     28.176    1.750       2.044           0      131072            0            1    14570577 
   56238.346537200        19.015        0.046        39172040007332    2.8762010   29.1486980   00h11m30.29s   29d08m55.31s      2               0    6.039281e-07         123         116          99        19.041            0.019     19.093         19.089   19.104       19.094    0.107       0.076        14570577000514    2.8761760   29.1487090        3917      4   56238.351007200        1325    19.029    21.611     28.176    1.750       2.044           0      131072            0            1    14570577 
   56238.380917200        19.042        0.051        39172040007332    2.8762010   29.1486980   00h11m30.29s   29d08m55.31s      2               0    6.039281e-07         123         116          99        19.041            0.019     19.093         19.089   19.104       19.094    0.107       0.076        14570601000475    2.8761810   29.1486620        3917      4   56238.385377200        1325    19.057    21.383     28.145    1.850       1.750           0      131072            0            1    14570601 
   56238.380917200        19.042        0.051        39172040007332    2.8762010   29.1486980   00h11m30.29s   29d08m55.31s      2               0    6.039281e-07         123         116          99        19.041            0.019     19.093         19.089   19.104       19.094    0.107       0.076        14570601000475    2.8761810   29.1486620        3917      4   56238.385377200        1325    19.057    21.383     28.145    1.850       1.750           0      131072            0            1    14570601 
   56251.170027200        19.105        0.047        39172040007332    2.8762010   29.1486980   00h11m30.29s   29d08m55.31s      2               0    6.039281e-07         123         116          99        19.041            0.019     19.093         19.089   19.104       19.094    0.107       0.076        14655860000537    2.8761830   29.1487010        3917      4   56251.173767200        1338    19.113    21.771     28.203    1.650       1.734           0      131072            0            1    14655860 
   56251.170027200        19.105        0.047        39172040007332    2.8762010   29.1486980   00h11m30.29s   29d08m55.31s      2               0    6.039281e-07         123         116          99        19.041            0.019     19.093         19.089   19.104       19.094    0.107       0.076        14655860000537    2.8761830   29.1487010        3917      4   56251.173767200        1338    19.113    21.771     28.203    1.650       1.734           0      131072            0            1    14655860 
   56251.202787200        19.192        0.048        39172040007332    2.8762010   29.1486980   00h11m30.29s   29d08m55.31s      2               0    6.039281e-07         123         116          99        19.041            0.019     19.093         19.089   19.104       19.094    0.107       0.076        14655878000530    2.8761700   29.1486920        3917      4   56251.206537200        1338    19.201    21.590     28.201    1.950       2.108           0      131072            0            1    14655878 
   56251.202787200        19.192        0.048        39172040007332    2.8762010   29.1486980   00h11m30.29s   29d08m55.31s      2               0    6.039281e-07         123         116          99        19.041            0.019     19.093         19.089   19.104       19.094    0.107       0.076        14655878000530    2.8761700   29.1486920        3917      4   56251.206537200        1338    19.201    21.590     28.201    1.950       2.108           0      131072            0            1    14655878 
   56258.202457200        19.069        0.143        39172040007332    2.8762010   29.1486980   00h11m30.29s   29d08m55.31s      2               0    6.039281e-07         123         116          99        19.041            0.019     19.093         19.089   19.104       19.094    0.107       0.076        14725222000326    2.8761950   29.1487560        3917      4   56258.205717200        1345    19.028    20.421     28.144    2.550       3.203           0      131072            0            1    14725222 
   56258.202457200        19.069        0.143        39172040007332    2.8762010   29.1486980   00h11m30.29s   29d08m55.31s      2               0    6.039281e-07         123         116          99        19.041            0.019     19.093         19.089   19.104       19.094    0.107       0.076        14725222000326    2.8761950   29.1487560        3917      4   56258.205717200        1345    19.028    20.421     28.144    2.550       3.203           0      131072            0            1    14725222 
   56258.232617200        19.285        0.147        39172040007332    2.8762010   29.1486980   00h11m30.29s   29d08m55.31s      2               0    6.039281e-07         123         116          99        19.041            0.019     19.093         19.089   19.104       19.094    0.107       0.076        14725245000281    2.8761210   29.1488480        3917      4   56258.235877200        1345    19.291    20.610     28.151    1.950       2.127           0      131072            0            1    14725245 
   56258.232617200        19.285        0.147        39172040007332    2.8762010   29.1486980   00h11m30.29s   29d08m55.31s      2               0    6.039281e-07         123         116          99        19.041            0.019     19.093         19.089   19.104       19.094    0.107       0.076        14725245000281    2.8761210   29.1488480        3917      4   56258.235877200        1345    19.291    20.610     28.151    1.950       2.127           0      131072            0            1    14725245 
   56258.324367200        19.089        0.162        39172040007332    2.8762010   29.1486980   00h11m30.29s   29d08m55.31s      2               0    6.039281e-07         123         116          99        19.041            0.019     19.093         19.089   19.104       19.094    0.107       0.076        14725307000269    2.8762160   29.1487310        3917      4   56258.327617200        1345    19.096    20.374     28.129    2.150       2.592           0      131072            0            1    14725307 
   56258.324367200        19.089        0.162        39172040007332    2.8762010   29.1486980   00h11m30.29s   29d08m55.31s      2               0    6.039281e-07         123         116          99        19.041            0.019     19.093         19.089   19.104       19.094    0.107       0.076        14725307000269    2.8762160   29.1487310        3917      4   56258.327617200        1345    19.096    20.374     28.129    2.150       2.592           0      131072            0            1    14725307 
   56258.354377200        19.056        0.178        39172040007332    2.8762010   29.1486980   00h11m30.29s   29d08m55.31s      2               0    6.039281e-07         123         116          99        19.041            0.019     19.093         19.089   19.104       19.094    0.107       0.076        14725329000224    2.8761610   29.1487350        3917      4   56258.357627200        1345    19.134    20.066     28.098    2.350       2.280           0      131072            0            1    14725329 
   56258.354377200        19.056        0.178        39172040007332    2.8762010   29.1486980   00h11m30.29s   29d08m55.31s      2               0    6.039281e-07         123         116          99        19.041            0.019     19.093         19.089   19.104       19.094    0.107       0.076        14725329000224    2.8761610   29.1487350        3917      4   56258.357627200        1345    19.134    20.066     28.098    2.350       2.280           0      131072            0            1    14725329 
   56266.087657200        19.123        0.172        39172040007332    2.8762010   29.1486980   00h11m30.29s   29d08m55.31s      2               0    6.039281e-07         123         116          99        19.041            0.019     19.093         19.089   19.104       19.094    0.107       0.076        14748016000514    2.8761700   29.1487010        3917      4   56266.090327200        1353    18.942    21.590     27.944    1.550       1.957           0      131072            0            1    14748016 
   56266.087657200        19.123        0.172        39172040007332    2.8762010   29.1486980   00h11m30.29s   29d08m55.31s      2               0    6.039281e-07         123         116          99        19.041            0.019     19.093         19.089   19.104       19.094    0.107       0.076        14748016000514    2.8761700   29.1487010        3917      4   56266.090327200        1353    18.942    21.590     27.944    1.550       1.957           0      131072            0            1    14748016 
   56266.117047200        19.170        0.188        39172040007332    2.8762010   29.1486980   00h11m30.29s   29d08m55.31s      2               0    6.039281e-07         123         116          99        19.041            0.019     19.093         19.089   19.104       19.094    0.107       0.076        14748038000325    2.8761630   29.1487840        3917      4   56266.119707200        1353    19.527    21.277     27.944    1.550       3.612           0      131072            0            1    14748038 
   56266.117047200        19.170        0.188        39172040007332    2.8762010   29.1486980   00h11m30.29s   29d08m55.31s      2               0    6.039281e-07         123         116          99        19.041            0.019     19.093         19.089   19.104       19.094    0.107       0.076        14748038000325    2.8761630   29.1487840        3917      4   56266.119707200        1353    19.527    21.277     27.944    1.550       3.612           0      131072            0            1    14748038 
   56271.102937200        19.068        0.059        39172040007332    2.8762010   29.1486980   00h11m30.29s   29d08m55.31s      2               0    6.039281e-07         123         116          99        19.041            0.019     19.093         19.089   19.104       19.094    0.107       0.076        14806662000424    2.8761510   29.1487590        3917      4   56271.105187200        1358    19.078    21.349     28.163    2.650       3.274           0      131072            0            1    14806662 
   56271.102937200        19.068        0.059        39172040007332    2.8762010   29.1486980   00h11m30.29s   29d08m55.31s      2               0    6.039281e-07         123         116          99        19.041            0.019     19.093         19.089   19.104       19.094    0.107       0.076        14806662000424    2.8761510   29.1487590        3917      4   56271.105187200        1358    19.078    21.349     28.163    2.650       3.274           0      131072            0            1    14806662 
   56271.132967200        19.022        0.060        39172040007332    2.8762010   29.1486980   00h11m30.29s   29d08m55.31s      2               0    6.039281e-07         123         116          99        19.041            0.019     19.093         19.089   19.104       19.094    0.107       0.076        14806695000387    2.8761580   29.1487300        3917      4   56271.135207200        1358    19.007    21.204     28.162    3.150       4.250           0      131072            0            1    14806695 
   56271.132967200        19.022        0.060        39172040007332    2.8762010   29.1486980   00h11m30.29s   29d08m55.31s      2               0    6.039281e-07         123         116          99        19.041            0.019     19.093         19.089   19.104       19.094    0.107       0.076        14806695000387    2.8761580   29.1487300        3917      4   56271.135207200        1358    19.007    21.204     28.162    3.150       4.250           0      131072            0            1    14806695 
   56273.145617200        19.167        0.062        39172040007332    2.8762010   29.1486980   00h11m30.29s   29d08m55.31s      2               0    6.039281e-07         123         116          99        19.041            0.019     19.093         19.089   19.104       19.094    0.107       0.076        14827979000501    2.8761810   29.1486850        3917      4   56273.147687200        1360    19.173    21.391     28.197    2.450       2.799           0      131072            0            1    14827979 
   56273.145617200        19.167        0.062        39172040007332    2.8762010   29.1486980   00h11m30.29s   29d08m55.31s      2               0    6.039281e-07         123         116          99        19.041            0.019     19.093         19.089   19.104       19.094    0.107       0.076        14827979000501    2.8761810   29.1486850        3917      4   56273.147687200        1360    19.173    21.391     28.197    2.450       2.799           0      131072            0            1    14827979 
   56925.216107200        19.134        0.047        39172040007332    2.8762010   29.1486980   00h11m30.29s   29d08m55.31s      2               0    6.039281e-07         123         116          99        19.041            0.019     19.093         19.089   19.104       19.094    0.107       0.076        21525453000554    2.8762190   29.1487190        3917      4   56925.221237200        1988    19.142    21.919     28.144    1.550       1.792           0      131072            0            1    21525453 
   56925.216107200        19.134        0.047        39172040007332    2.8762010   29.1486980   00h11m30.29s   29d08m55.31s      2               0    6.039281e-07         123         116          99        19.041            0.019     19.093         19.089   19.104       19.094    0.107       0.076        21525453000554    2.8762190   29.1487190        3917      4   56925.221237200        1988    19.142    21.919     28.144    1.550       1.792           0      131072            0            1    21525453 
   56925.251577200        19.039        0.044        39172040007332    2.8762010   29.1486980   00h11m30.29s   29d08m55.31s      2               0    6.039281e-07         123         116          99        19.041            0.019     19.093         19.089   19.104       19.094    0.107       0.076        21525482000587    2.8762020   29.1487060        3917      4   56925.256707200        1988    19.048    21.906     28.155    1.650       2.159           0      131072            0            1    21525482 
   56925.251577200        19.039        0.044        39172040007332    2.8762010   29.1486980   00h11m30.29s   29d08m55.31s      2               0    6.039281e-07         123         116          99        19.041            0.019     19.093         19.089   19.104       19.094    0.107       0.076        21525482000587    2.8762020   29.1487060        3917      4   56925.256707200        1988    19.048    21.906     28.155    1.650       2.159           0      131072            0            1    21525482 
   56926.152687200        18.997        0.041        39172040007332    2.8762010   29.1486980   00h11m30.29s   29d08m55.31s      2               0    6.039281e-07         123         116          99        19.041            0.019     19.093         19.089   19.104       19.094    0.107       0.076        21534863000551    2.8762150   29.1486940        3917      4   56926.157827200        1989    19.017    21.675     28.120    1.750       1.565           0    12713984            0            1    21534863 
   56926.152687200        18.997        0.041        39172040007332    2.8762010   29.1486980   00h11m30.29s   29d08m55.31s      2               0    6.039281e-07         123         116          99        19.041            0.019     19.093         19.089   19.104       19.094    0.107       0.076        21534863000551    2.8762150   29.1486940        3917      4   56926.157827200        1989    19.017    21.675     28.120    1.750       1.565           0    12713984            0            1    21534863 
   56926.197187200        19.084        0.043        39172040007332    2.8762010   29.1486980   00h11m30.29s   29d08m55.31s      2               0    6.039281e-07         123         116          99        19.041            0.019     19.093         19.089   19.104       19.094    0.107       0.076        21534880000600    2.8762080   29.1486980        3917      4   56926.202337200        1989    19.102    21.862     28.147    1.650       1.747           0      131072            0            1    21534880 
   56926.197187200        19.084        0.043        39172040007332    2.8762010   29.1486980   00h11m30.29s   29d08m55.31s      2               0    6.039281e-07         123         116          99        19.041            0.019     19.093         19.089   19.104       19.094    0.107       0.076        21534880000600    2.8762080   29.1486980        3917      4   56926.202337200        1989    19.102    21.862     28.147    1.650       1.747           0      131072            0            1    21534880 
   56928.157177200        19.010        0.059        39172040007332    2.8762010   29.1486980   00h11m30.29s   29d08m55.31s      2               0    6.039281e-07         123         116          99        19.041            0.019     19.093         19.089   19.104       19.094    0.107       0.076        21559465000412    2.8762320   29.1486830        3917      4   56928.162347200        1991    18.975    21.008     28.076    2.950       3.306           0      131072            0            1    21559465 
   56928.157177200        19.010        0.059        39172040007332    2.8762010   29.1486980   00h11m30.29s   29d08m55.31s      2               0    6.039281e-07         123         116          99        19.041            0.019     19.093         19.089   19.104       19.094    0.107       0.076        21559465000412    2.8762320   29.1486830        3917      4   56928.162347200        1991    18.975    21.008     28.076    2.950       3.306           0      131072            0            1    21559465 
   56928.202387200        19.160        0.066        39172040007332    2.8762010   29.1486980   00h11m30.29s   29d08m55.31s      2               0    6.039281e-07         123         116          99        19.041            0.019     19.093         19.089   19.104       19.094    0.107       0.076        21559505000427    2.8762180   29.1486990        3917      4   56928.207557200        1991    19.146    21.160     28.115    2.850       3.151           0      131072            0            1    21559505 
   56928.202387200        19.160        0.066        39172040007332    2.8762010   29.1486980   00h11m30.29s   29d08m55.31s      2               0    6.039281e-07         123         116          99        19.041            0.019     19.093         19.089   19.104       19.094    0.107       0.076        21559505000427    2.8762180   29.1486990        3917      4   56928.207557200        1991    19.146    21.160     28.115    2.850       3.151           0      131072            0            1    21559505 
   56931.143587200        18.963        0.049        39172040007332    2.8762010   29.1486980   00h11m30.29s   29d08m55.31s      2               0    6.039281e-07         123         116          99        19.041            0.019     19.093         19.089   19.104       19.094    0.107       0.076        22272796000473    2.8762080   29.1487040        3917      4   56931.148797200        1994    18.976    21.403     28.123    1.850       1.769           0      131072            0            1    22272796 
   56931.143587200        18.963        0.049        39172040007332    2.8762010   29.1486980   00h11m30.29s   29d08m55.31s      2               0    6.039281e-07         123         116          99        19.041            0.019     19.093         19.089   19.104       19.094    0.107       0.076        22272796000473    2.8762080   29.1487040        3917      4   56931.148797200        1994    18.976    21.403     28.123    1.850       1.769           0      131072            0            1    22272796 
   56931.233757200        19.107        0.045        39172040007332    2.8762010   29.1486980   00h11m30.29s   29d08m55.31s      2               0    6.039281e-07         123         116          99        19.041            0.019     19.093         19.089   19.104       19.094    0.107       0.076        22272838000531    2.8762090   29.1486930        3917      4   56931.238977200        1994    19.116    21.736     28.172    1.650       1.890           0    12713984            0            1    22272838 
   56931.233757200        19.107        0.045        39172040007332    2.8762010   29.1486980   00h11m30.29s   29d08m55.31s      2               0    6.039281e-07         123         116          99        19.041            0.019     19.093         19.089   19.104       19.094    0.107       0.076        22272838000531    2.8762090   29.1486930        3917      4   56931.238977200        1994    19.116    21.736     28.172    1.650       1.890           0    12713984            0            1    22272838 
   56932.141237200        19.146        0.057        39172040007332    2.8762010   29.1486980   00h11m30.29s   29d08m55.31s      2               0    6.039281e-07         123         116          99        19.041            0.019     19.093         19.089   19.104       19.094    0.107       0.076        21608255000438    2.8761970   29.1486990        3917      4   56932.146457200        1995    19.138    21.156     28.087    2.150       2.379           0      131072            0            1    21608255 
   56932.141237200        19.146        0.057        39172040007332    2.8762010   29.1486980   00h11m30.29s   29d08m55.31s      2               0    6.039281e-07         123         116          99        19.041            0.019     19.093         19.089   19.104       19.094    0.107       0.076        21608255000438    2.8761970   29.1486990        3917      4   56932.146457200        1995    19.138    21.156     28.087    2.150       2.379           0      131072            0            1    21608255 
   56932.181107200        19.046        0.053        39172040007332    2.8762010   29.1486980   00h11m30.29s   29d08m55.31s      2               0    6.039281e-07         123         116          99        19.041            0.019     19.093         19.089   19.104       19.094    0.107       0.076        21608288000462    2.8762140   29.1486830        3917      4   56932.186327200        1995    19.041    21.364     28.116    1.950       2.362           0      131072            0            1    21608288 
   56932.181107200        19.046        0.053        39172040007332    2.8762010   29.1486980   00h11m30.29s   29d08m55.31s      2               0    6.039281e-07         123         116          99        19.041            0.019     19.093         19.089   19.104       19.094    0.107       0.076        21608288000462    2.8762140   29.1486830        3917      4   56932.186327200        1995    19.041    21.364     28.116    1.950       2.362           0      131072            0            1    21608288 
   56933.138577200        19.084        0.059        39172040007332    2.8762010   29.1486980   00h11m30.29s   29d08m55.31s      2               0    6.039281e-07         123         116          99        19.041            0.019     19.093         19.089   19.104       19.094    0.107       0.076        21623339000429    2.8762150   29.1487120        3917      4   56933.143807200        1996    19.082    21.132     28.121    2.050       2.189           0      131072            0            1    21623339 
   56933.138577200        19.084        0.059        39172040007332    2.8762010   29.1486980   00h11m30.29s   29d08m55.31s      2               0    6.039281e-07         123         116          99        19.041            0.019     19.093         19.089   19.104       19.094    0.107       0.076        21623339000429    2.8762150   29.1487120        3917      4   56933.143807200        1996    19.082    21.132     28.121    2.050       2.189           0      131072            0            1    21623339 
   56933.175427200        19.094        0.057        39172040007332    2.8762010   29.1486980   00h11m30.29s   29d08m55.31s      2               0    6.039281e-07         123         116          99        19.041            0.019     19.093         19.089   19.104       19.094    0.107       0.076        21623370000420    2.8761850   29.1486910        3917      4   56933.180657200        1996    19.085    21.075     28.125    2.350       2.922           0      131072            0            1    21623370 
   56933.175427200        19.094        0.057        39172040007332    2.8762010   29.1486980   00h11m30.29s   29d08m55.31s      2               0    6.039281e-07         123         116          99        19.041            0.019     19.093         19.089   19.104       19.094    0.107       0.076        21623370000420    2.8761850   29.1486910        3917      4   56933.180657200        1996    19.085    21.075     28.125    2.350       2.922           0      131072            0            1    21623370 
   56934.141877200        19.041        0.086        39172040007332    2.8762010   29.1486980   00h11m30.29s   29d08m55.31s      2               0    6.039281e-07         123         116          99        19.041            0.019     19.093         19.089   19.104       19.094    0.107       0.076        21645355000340    2.8762100   29.1487060        3917      4   56934.147107200        1997    18.998    20.669     28.061    2.650       3.092           0      131072            0            1    21645355 
   56934.141877200        19.041        0.086        39172040007332    2.8762010   29.1486980   00h11m30.29s   29d08m55.31s      2               0    6.039281e-07         123         116          99        19.041            0.019     19.093         19.089   19.104       19.094    0.107       0.076        21645355000340    2.8762100   29.1487060        3917      4   56934.147107200        1997    18.998    20.669     28.061    2.650       3.092           0      131072            0            1    21645355 
   56972.211887200        19.048        0.045        39172040007332    2.8762010   29.1486980   00h11m30.29s   29d08m55.31s      2               0    6.039281e-07         123         116          99        19.041            0.019     19.093         19.089   19.104       19.094    0.107       0.076        22213480000480    2.8761940   29.1487110        3917      4   56972.216187200        2028    19.075    21.574     28.204    1.950       2.052           0      131072            0            1    22213480 
   56972.211887200        19.048        0.045        39172040007332    2.8762010   29.1486980   00h11m30.29s   29d08m55.31s      2               0    6.039281e-07         123         116          99        19.041            0.019     19.093         19.089   19.104       19.094    0.107       0.076        22213480000480    2.8761940   29.1487110        3917      4   56972.216187200        2028    19.075    21.574     28.204    1.950       2.052           0      131072            0            1    22213480 
   56979.217317200        19.022        0.091        39172040007332    2.8762010   29.1486980   00h11m30.29s   29d08m55.31s      2               0    6.039281e-07         123         116          99        19.041            0.019     19.093         19.089   19.104       19.094    0.107       0.076        22307588000369    2.8762230   29.1486470        3917      4   56979.221217200        2035    18.958    20.822     27.966    3.050       3.767           0      131072            0            1    22307588 
   56979.217317200        19.022        0.091        39172040007332    2.8762010   29.1486980   00h11m30.29s   29d08m55.31s      2               0    6.039281e-07         123         116          99        19.041            0.019     19.093         19.089   19.104       19.094    0.107       0.076        22307588000369    2.8762230   29.1486470        3917      4   56979.221217200        2035    18.958    20.822     27.966    3.050       3.767           0      131072            0            1    22307588 
   56980.214937200        19.100        0.110        39172040007332    2.8762010   29.1486980   00h11m30.29s   29d08m55.31s      2               0    6.039281e-07         123         116          99        19.041            0.019     19.093         19.089   19.104       19.094    0.107       0.076        23024298000471    2.8762110   29.1487020        3917      4   56980.218777200        2036    19.065    21.588     28.112    1.950       2.272           0      131072            0            1    23024298 
   56980.214937200        19.100        0.110        39172040007332    2.8762010   29.1486980   00h11m30.29s   29d08m55.31s      2               0    6.039281e-07         123         116          99        19.041            0.019     19.093         19.089   19.104       19.094    0.107       0.076        23024298000471    2.8762110   29.1487020        3917      4   56980.218777200        2036    19.065    21.588     28.112    1.950       2.272           0      131072            0            1    23024298 
   56980.331397200        19.084        0.113        39172040007332    2.8762010   29.1486980   00h11m30.29s   29d08m55.31s      2               0    6.039281e-07         123         116          99        19.041            0.019     19.093         19.089   19.104       19.094    0.107       0.076        23024278000435    2.8762160   29.1487110        3917      4   56980.335227200        2036    19.051    21.294     28.066    2.050       2.086           0      131072            0            1    23024278 
   56980.331397200        19.084        0.113        39172040007332    2.8762010   29.1486980   00h11m30.29s   29d08m55.31s      2               0    6.039281e-07         123         116          99        19.041            0.019     19.093         19.089   19.104       19.094    0.107       0.076        23024278000435    2.8762160   29.1487110        3917      4   56980.335227200        2036    19.051    21.294     28.066    2.050       2.086           0      131072            0            1    23024278 
   56981.198317200        19.113        0.058        39172040007332    2.8762010   29.1486980   00h11m30.29s   29d08m55.31s      2               0    6.039281e-07         123         116          99        19.041            0.019     19.093         19.089   19.104       19.094    0.107       0.076        23050611000471    2.8762090   29.1487110        3917      4   56981.202097200        2037    19.116    21.599     28.142    2.050       2.256           0      131072            0            1    23050611 
   56981.198317200        19.113        0.058        39172040007332    2.8762010   29.1486980   00h11m30.29s   29d08m55.31s      2               0    6.039281e-07         123         116          99        19.041            0.019     19.093         19.089   19.104       19.094    0.107       0.076        23050611000471    2.8762090   29.1487110        3917      4   56981.202097200        2037    19.116    21.599     28.142    2.050       2.256           0      131072            0            1    23050611 
   56981.268217200        19.168        0.060        39172040007332    2.8762010   29.1486980   00h11m30.29s   29d08m55.31s      2               0    6.039281e-07         123         116          99        19.041            0.019     19.093         19.089   19.104       19.094    0.107       0.076        23050625000489    2.8762230   29.1487160        3917      4   56981.271987200        2037    19.192    21.746     28.147    1.750       1.890           0      131072            0            1    23050625 
   56981.268217200        19.168        0.060        39172040007332    2.8762010   29.1486980   00h11m30.29s   29d08m55.31s      2               0    6.039281e-07         123         116          99        19.041            0.019     19.093         19.089   19.104       19.094    0.107       0.076        23050625000489    2.8762230   29.1487160        3917      4   56981.271987200        2037    19.192    21.746     28.147    1.750       1.890           0      131072            0            1    23050625 
   56984.198847200        19.184        0.229        39172040007332    2.8762010   29.1486980   00h11m30.29s   29d08m55.31s      2               0    6.039281e-07         123         116          99        19.041            0.019     19.093         19.089   19.104       19.094    0.107       0.076        23059392000379    2.8762060   29.1487400        3917      4   56984.202417200        2040    18.968    20.928     27.897    3.050       4.066           0      131072            0            1    23059392 
   56984.198847200        19.184        0.229        39172040007332    2.8762010   29.1486980   00h11m30.29s   29d08m55.31s      2               0    6.039281e-07         123         116          99        19.041            0.019     19.093         19.089   19.104       19.094    0.107       0.076        23059392000379    2.8762060   29.1487400        3917      4   56984.202417200        2040    18.968    20.928     27.897    3.050       4.066           0      131072            0            1    23059392 
   56984.269907200        19.271        0.234        39172040007332    2.8762010   29.1486980   00h11m30.29s   29d08m55.31s      2               0    6.039281e-07         123         116          99        19.041            0.019     19.093         19.089   19.104       19.094    0.107       0.076        23059407000314    2.8761910   29.1487210        3917      4   56984.273477200        2040    19.397    21.011     28.087    2.750       3.688           0      131072            0            1    23059407 
   56984.269907200        19.271        0.234        39172040007332    2.8762010   29.1486980   00h11m30.29s   29d08m55.31s      2               0    6.039281e-07         123         116          99        19.041            0.019     19.093         19.089   19.104       19.094    0.107       0.076        23059407000314    2.8761910   29.1487210        3917      4   56984.273477200        2040    19.397    21.011     28.087    2.750       3.688           0      131072            0            1    23059407 
   56985.193937200        19.069        0.195        39172040007332    2.8762010   29.1486980   00h11m30.29s   29d08m55.31s      2               0    6.039281e-07         123         116          99        19.041            0.019     19.093         19.089   19.104       19.094    0.107       0.076        23068303000260    2.8761890   29.1487490        3917      4   56985.197447200        2041    18.695    20.248     27.318    2.450       3.527           0      131072            0            1    23068303 
   56985.193937200        19.069        0.195        39172040007332    2.8762010   29.1486980   00h11m30.29s   29d08m55.31s      2               0    6.039281e-07         123         116          99        19.041            0.019     19.093         19.089   19.104       19.094    0.107       0.076        23068303000260    2.8761890   29.1487490        3917      4   56985.197447200        2041    18.695    20.248     27.318    2.450       3.527           0      131072            0            1    23068303 
   56986.211177200        19.169        0.072        39172040007332    2.8762010   29.1486980   00h11m30.29s   29d08m55.31s      2               0    6.039281e-07         123         116          99        19.041            0.019     19.093         19.089   19.104       19.094    0.107       0.076        22911692000376    2.8762500   29.1486610        3917      4   56986.214617200        2042    19.140    21.155     28.100    2.850       3.511           0      131072            0            1    22911692 
   56986.211177200        19.169        0.072        39172040007332    2.8762010   29.1486980   00h11m30.29s   29d08m55.31s      2               0    6.039281e-07         123         116          99        19.041            0.019     19.093         19.089   19.104       19.094    0.107       0.076        22911692000376    2.8762500   29.1486610        3917      4   56986.214617200        2042    19.140    21.155     28.100    2.850       3.511           0      131072            0            1    22911692 
   56987.193377200        19.139        0.060        39172040007332    2.8762010   29.1486980   00h11m30.29s   29d08m55.31s      2               0    6.039281e-07         123         116          99        19.041            0.019     19.093         19.089   19.104       19.094    0.107       0.076        22934024000384    2.8762690   29.1486980        3917      4   56987.196747200        2043    19.135    21.199     28.140    2.650       3.398           0      131072            0            1    22934024 
   56987.193377200        19.139        0.060        39172040007332    2.8762010   29.1486980   00h11m30.29s   29d08m55.31s      2               0    6.039281e-07         123         116          99        19.041            0.019     19.093         19.089   19.104       19.094    0.107       0.076        22934024000384    2.8762690   29.1486980        3917      4   56987.196747200        2043    19.135    21.199     28.140    2.650       3.398           0      131072            0            1    22934024 
