   55058.477927200        16.895        0.043        39172040007445    2.9244490   29.1554150   00h11m41.87s   29d09m19.49s      2               0    3.895027e-07         124         114          96        16.874            0.017     16.906         16.904   16.909       16.905    0.026       0.013        12037481000501    2.9244380   29.1554240        3917      4   55058.481217200         172    16.851    21.682     27.807    1.950       2.024           0      131072            0            1    12037481 
   55058.477927200        16.895        0.043        39172040007445    2.9244490   29.1554150   00h11m41.87s   29d09m19.49s      2               0    3.895027e-07         124         114          96        16.874            0.017     16.906         16.904   16.909       16.905    0.026       0.013        12037481000501    2.9244380   29.1554240        3917      4   55058.481217200         172    16.851    21.682     27.807    1.950       2.024           0      131072            0            1    12037481 
   55058.485797200        16.915        0.043        39172040007445    2.9244490   29.1554150   00h11m41.87s   29d09m19.49s      2               0    3.895027e-07         124         114          96        16.874            0.017     16.906         16.904   16.909       16.905    0.026       0.013        12037464000435    2.9244360   29.1554230        3917      4   55058.489097200         172    16.868    21.676     27.805    1.950       1.981           0      131072            0            1    12037464 
   55058.485797200        16.915        0.043        39172040007445    2.9244490   29.1554150   00h11m41.87s   29d09m19.49s      2               0    3.895027e-07         124         114          96        16.874            0.017     16.906         16.904   16.909       16.905    0.026       0.013        12037464000435    2.9244360   29.1554230        3917      4   55058.489097200         172    16.868    21.676     27.805    1.950       1.981           0      131072            0            1    12037464 
   55067.439387200        16.975        0.177        39172040007445    2.9244490   29.1554150   00h11m41.87s   29d09m19.49s      2               0    3.895027e-07         124         114          96        16.874            0.017     16.906         16.904   16.909       16.905    0.026       0.013        11882062000253    2.9243890   29.1554150        3917      4   55067.443257200         181    17.158    20.775     27.715    3.650       4.808           0      131072            0            1    11882062 
   55067.439387200        16.975        0.177        39172040007445    2.9244490   29.1554150   00h11m41.87s   29d09m19.49s      2               0    3.895027e-07         124         114          96        16.874            0.017     16.906         16.904   16.909       16.905    0.026       0.013        11882062000253    2.9243890   29.1554150        3917      4   55067.443257200         181    17.158    20.775     27.715    3.650       4.808           0      131072            0            1    11882062 
   55067.504457200        16.958        0.177        39172040007445    2.9244490   29.1554150   00h11m41.87s   29d09m19.49s      2               0    3.895027e-07         124         114          96        16.874            0.017     16.906         16.904   16.909       16.905    0.026       0.013        11882181000446    2.9243920   29.1554370        3917      4   55067.508327200         181    16.905    21.515     27.808    1.850       1.843           0      131072            0            1    11882181 
   55067.504457200        16.958        0.177        39172040007445    2.9244490   29.1554150   00h11m41.87s   29d09m19.49s      2               0    3.895027e-07         124         114          96        16.874            0.017     16.906         16.904   16.909       16.905    0.026       0.013        11882181000446    2.9243920   29.1554370        3917      4   55067.508327200         181    16.905    21.515     27.808    1.850       1.843           0      131072            0            1    11882181 
   55088.439507200        16.903        0.041        39172040007445    2.9244490   29.1554150   00h11m41.87s   29d09m19.49s      2               0    3.895027e-07         124         114          96        16.874            0.017     16.906         16.904   16.909       16.905    0.026       0.013        11841248000384    2.9244290   29.1554460        3917      4   55088.444357200         200    16.886    21.848     27.813    1.850       1.826           0      131072            0            1    11841248 
   55088.439507200        16.903        0.041        39172040007445    2.9244490   29.1554150   00h11m41.87s   29d09m19.49s      2               0    3.895027e-07         124         114          96        16.874            0.017     16.906         16.904   16.909       16.905    0.026       0.013        11841248000384    2.9244290   29.1554460        3917      4   55088.444357200         200    16.886    21.848     27.813    1.850       1.826           0      131072            0            1    11841248 
   55088.483307200        16.909        0.041        39172040007445    2.9244490   29.1554150   00h11m41.87s   29d09m19.49s      2               0    3.895027e-07         124         114          96        16.874            0.017     16.906         16.904   16.909       16.905    0.026       0.013        11841455000284    2.9243800   29.1554050        3917      4   55088.488167200         200    16.887    21.630     27.790    2.050       1.961           0      131072            0            1    11841455 
   55088.483307200        16.909        0.041        39172040007445    2.9244490   29.1554150   00h11m41.87s   29d09m19.49s      2               0    3.895027e-07         124         114          96        16.874            0.017     16.906         16.904   16.909       16.905    0.026       0.013        11841455000284    2.9243800   29.1554050        3917      4   55088.488167200         200    16.887    21.630     27.790    2.050       1.961           0      131072            0            1    11841455 
   55403.272277200        16.923        0.045        39172040007445    2.9244490   29.1554150   00h11m41.87s   29d09m19.49s      2               0    3.895027e-07         124         114          96        16.874            0.017     16.906         16.904   16.909       16.905    0.026       0.013        11303744000222    2.9243730   29.1554470        3917      4   55403.274017200         502    16.870    19.611     27.866    2.950       2.895           0      131072            0            1    11303744 
   55403.272277200        16.923        0.045        39172040007445    2.9244490   29.1554150   00h11m41.87s   29d09m19.49s      2               0    3.895027e-07         124         114          96        16.874            0.017     16.906         16.904   16.909       16.905    0.026       0.013        11303744000222    2.9243730   29.1554470        3917      4   55403.274017200         502    16.870    19.611     27.866    2.950       2.895           0      131072            0            1    11303744 
   55403.315547200        16.937        0.042        39172040007445    2.9244490   29.1554150   00h11m41.87s   29d09m19.49s      2               0    3.895027e-07         124         114          96        16.874            0.017     16.906         16.904   16.909       16.905    0.026       0.013        11304220000319    2.9243960   29.1554070        3917      4   55403.317287200         502    16.888    20.186     27.975    2.250       2.227           0      131072            0            1    11304220 
   55403.315547200        16.937        0.042        39172040007445    2.9244490   29.1554150   00h11m41.87s   29d09m19.49s      2               0    3.895027e-07         124         114          96        16.874            0.017     16.906         16.904   16.909       16.905    0.026       0.013        11304220000319    2.9243960   29.1554070        3917      4   55403.317287200         502    16.888    20.186     27.975    2.250       2.227           0      131072            0            1    11304220 
   55417.289387200        16.828        0.289        39172040007445    2.9244490   29.1554150   00h11m41.87s   29d09m19.49s      2               0    3.895027e-07         124         114          96        16.874            0.017     16.906         16.904   16.909       16.905    0.026       0.013        11124050000405    2.9243680   29.1554320        3917      4   55417.292217200         516    16.872    20.431     27.105    3.950       2.971           0      131072            0            1    11124050 
   55417.289387200        16.828        0.289        39172040007445    2.9244490   29.1554150   00h11m41.87s   29d09m19.49s      2               0    3.895027e-07         124         114          96        16.874            0.017     16.906         16.904   16.909       16.905    0.026       0.013        11124050000405    2.9243680   29.1554320        3917      4   55417.292217200         516    16.872    20.431     27.105    3.950       2.971           0      131072            0            1    11124050 
   55417.333867200        16.838        0.289        39172040007445    2.9244490   29.1554150   00h11m41.87s   29d09m19.49s      2               0    3.895027e-07         124         114          96        16.874            0.017     16.906         16.904   16.909       16.905    0.026       0.013        11124097000460    2.9243960   29.1554400        3917      4   55417.336707200         516    16.899    20.850     27.145    3.050       2.594           0      131072            0            1    11124097 
   55417.333867200        16.838        0.289        39172040007445    2.9244490   29.1554150   00h11m41.87s   29d09m19.49s      2               0    3.895027e-07         124         114          96        16.874            0.017     16.906         16.904   16.909       16.905    0.026       0.013        11124097000460    2.9243960   29.1554400        3917      4   55417.336707200         516    16.899    20.850     27.145    3.050       2.594           0      131072            0            1    11124097 
   55420.291207200        16.866        0.152        39172040007445    2.9244490   29.1554150   00h11m41.87s   29d09m19.49s      2               0    3.895027e-07         124         114          96        16.874            0.017     16.906         16.904   16.909       16.905    0.026       0.013        11153566000409    2.9243530   29.1554460        3917      4   55420.294257200         519    16.774    20.305     27.247    4.450       3.663           0      131072            0            1    11153566 
   55420.291207200        16.866        0.152        39172040007445    2.9244490   29.1554150   00h11m41.87s   29d09m19.49s      2               0    3.895027e-07         124         114          96        16.874            0.017     16.906         16.904   16.909       16.905    0.026       0.013        11153566000409    2.9243530   29.1554460        3917      4   55420.294257200         519    16.774    20.305     27.247    4.450       3.663           0      131072            0            1    11153566 
   55420.334547200        16.885        0.152        39172040007445    2.9244490   29.1554150   00h11m41.87s   29d09m19.49s      2               0    3.895027e-07         124         114          96        16.874            0.017     16.906         16.904   16.909       16.905    0.026       0.013        11153680000434    2.9243950   29.1554370        3917      4   55420.337607200         519    16.913    20.561     27.295    4.150       3.413           0      131072            0            1    11153680 
   55420.334547200        16.885        0.152        39172040007445    2.9244490   29.1554150   00h11m41.87s   29d09m19.49s      2               0    3.895027e-07         124         114          96        16.874            0.017     16.906         16.904   16.909       16.905    0.026       0.013        11153680000434    2.9243950   29.1554370        3917      4   55420.337607200         519    16.913    20.561     27.295    4.150       3.413           0      131072            0            1    11153680 
   55423.363367200        16.915        0.058        39172040007445    2.9244490   29.1554150   00h11m41.87s   29d09m19.49s      2               0    3.895027e-07         124         114          96        16.874            0.017     16.906         16.904   16.909       16.905    0.026       0.013        11145584000659    2.9243940   29.1554350        3917      4   55423.366637200         522    16.896    21.933     28.151    1.850       1.889           0      131072            0            1    11145584 
   55423.363367200        16.915        0.058        39172040007445    2.9244490   29.1554150   00h11m41.87s   29d09m19.49s      2               0    3.895027e-07         124         114          96        16.874            0.017     16.906         16.904   16.909       16.905    0.026       0.013        11145584000659    2.9243940   29.1554350        3917      4   55423.366637200         522    16.896    21.933     28.151    1.850       1.889           0      131072            0            1    11145584 
   55423.425467200        16.910        0.058        39172040007445    2.9244490   29.1554150   00h11m41.87s   29d09m19.49s      2               0    3.895027e-07         124         114          96        16.874            0.017     16.906         16.904   16.909       16.905    0.026       0.013        11145685000700    2.9243460   29.1554510        3917      4   55423.428737200         522    16.890    21.789     28.147    2.250       2.402           0      131072            0            1    11145685 
   55423.425467200        16.910        0.058        39172040007445    2.9244490   29.1554150   00h11m41.87s   29d09m19.49s      2               0    3.895027e-07         124         114          96        16.874            0.017     16.906         16.904   16.909       16.905    0.026       0.013        11145685000700    2.9243460   29.1554510        3917      4   55423.428737200         522    16.890    21.789     28.147    2.250       2.402           0      131072            0            1    11145685 
   55426.424687200        16.997        0.267        39172040007445    2.9244490   29.1554150   00h11m41.87s   29d09m19.49s      2               0    3.895027e-07         124         114          96        16.874            0.017     16.906         16.904   16.909       16.905    0.026       0.013        11199776000661    2.9243730   29.1554270        3917      4   55426.428157200         525    16.582    21.608     27.814    1.750       1.985           0      131072            0            1    11199776 
   55426.424687200        16.997        0.267        39172040007445    2.9244490   29.1554150   00h11m41.87s   29d09m19.49s      2               0    3.895027e-07         124         114          96        16.874            0.017     16.906         16.904   16.909       16.905    0.026       0.013        11199776000661    2.9243730   29.1554270        3917      4   55426.428157200         525    16.582    21.608     27.814    1.750       1.985           0      131072            0            1    11199776 
   55426.467687200        16.972        0.267        39172040007445    2.9244490   29.1554150   00h11m41.87s   29d09m19.49s      2               0    3.895027e-07         124         114          96        16.874            0.017     16.906         16.904   16.909       16.905    0.026       0.013        11199660000556    2.9243830   29.1554260        3917      4   55426.471157200         525    16.879    21.616     27.877    1.450       1.670           0      131072            0            1    11199660 
   55426.467687200        16.972        0.267        39172040007445    2.9244490   29.1554150   00h11m41.87s   29d09m19.49s      2               0    3.895027e-07         124         114          96        16.874            0.017     16.906         16.904   16.909       16.905    0.026       0.013        11199660000556    2.9243830   29.1554260        3917      4   55426.471157200         525    16.879    21.616     27.877    1.450       1.670           0      131072            0            1    11199660 
   55429.453037200        16.920        0.100        39172040007445    2.9244490   29.1554150   00h11m41.87s   29d09m19.49s      2               0    3.895027e-07         124         114          96        16.874            0.017     16.906         16.904   16.909       16.905    0.026       0.013        11195630000721    2.9243930   29.1554840        3917      4   55429.456697200         528    16.801    22.083     28.075    1.450       1.698           0      131072            0            1    11195630 
   55429.453037200        16.920        0.100        39172040007445    2.9244490   29.1554150   00h11m41.87s   29d09m19.49s      2               0    3.895027e-07         124         114          96        16.874            0.017     16.906         16.904   16.909       16.905    0.026       0.013        11195630000721    2.9243930   29.1554840        3917      4   55429.456697200         528    16.801    22.083     28.075    1.450       1.698           0      131072            0            1    11195630 
   55429.495787200        16.901        0.100        39172040007445    2.9244490   29.1554150   00h11m41.87s   29d09m19.49s      2               0    3.895027e-07         124         114          96        16.874            0.017     16.906         16.904   16.909       16.905    0.026       0.013        11195676000706    2.9243970   29.1554390        3917      4   55429.499457200         528    16.783    21.959     28.073    1.550       1.814           0      131072            0            1    11195676 
   55429.495787200        16.901        0.100        39172040007445    2.9244490   29.1554150   00h11m41.87s   29d09m19.49s      2               0    3.895027e-07         124         114          96        16.874            0.017     16.906         16.904   16.909       16.905    0.026       0.013        11195676000706    2.9243970   29.1554390        3917      4   55429.499457200         528    16.783    21.959     28.073    1.550       1.814           0      131072            0            1    11195676 
   55438.308847200        16.917        0.036        39172040007445    2.9244490   29.1554150   00h11m41.87s   29d09m19.49s      2               0    3.895027e-07         124         114          96        16.874            0.017     16.906         16.904   16.909       16.905    0.026       0.013        11218935000384    2.9243710   29.1554390        3917      4   55438.313027200         606    16.898    20.738     28.112    2.450       2.413           0      131072            0            1    11218935 
   55438.308847200        16.917        0.036        39172040007445    2.9244490   29.1554150   00h11m41.87s   29d09m19.49s      2               0    3.895027e-07         124         114          96        16.874            0.017     16.906         16.904   16.909       16.905    0.026       0.013        11218935000384    2.9243710   29.1554390        3917      4   55438.313027200         606    16.898    20.738     28.112    2.450       2.413           0      131072            0            1    11218935 
   55438.410817200        16.931        0.035        39172040007445    2.9244490   29.1554150   00h11m41.87s   29d09m19.49s      2               0    3.895027e-07         124         114          96        16.874            0.017     16.906         16.904   16.909       16.905    0.026       0.013        11218987000424    2.9243900   29.1553780        3917      4   55438.415007200         606    16.910    21.077     28.127    2.050       2.110           0      131072            0            1    11218987 
   55438.410817200        16.931        0.035        39172040007445    2.9244490   29.1554150   00h11m41.87s   29d09m19.49s      2               0    3.895027e-07         124         114          96        16.874            0.017     16.906         16.904   16.909       16.905    0.026       0.013        11218987000424    2.9243900   29.1553780        3917      4   55438.415007200         606    16.910    21.077     28.127    2.050       2.110           0      131072            0            1    11218987 
   55441.486807200        16.901        0.042        39172040007445    2.9244490   29.1554150   00h11m41.87s   29d09m19.49s      2               0    3.895027e-07         124         114          96        16.874            0.017     16.906         16.904   16.909       16.905    0.026       0.013        10902841000574    2.9244020   29.1553950        3917      4   55441.491157200         536    16.902    21.688     28.155    1.950       2.005           0      131072            0            1    10902841 
   55441.486807200        16.901        0.042        39172040007445    2.9244490   29.1554150   00h11m41.87s   29d09m19.49s      2               0    3.895027e-07         124         114          96        16.874            0.017     16.906         16.904   16.909       16.905    0.026       0.013        10902841000574    2.9244020   29.1553950        3917      4   55441.491157200         536    16.902    21.688     28.155    1.950       2.005           0      131072            0            1    10902841 
   55442.225177200        16.970        0.197        39172040007445    2.9244490   29.1554150   00h11m41.87s   29d09m19.49s      2               0    3.895027e-07         124         114          96        16.874            0.017     16.906         16.904   16.909       16.905    0.026       0.013        10899890000607    2.9243740   29.1554200        3917      4   55442.229557200         537    16.655    21.312     27.887    1.950       1.791           0    12713984            0            1    10899890 
   55442.225177200        16.970        0.197        39172040007445    2.9244490   29.1554150   00h11m41.87s   29d09m19.49s      2               0    3.895027e-07         124         114          96        16.874            0.017     16.906         16.904   16.909       16.905    0.026       0.013        10899890000607    2.9243740   29.1554200        3917      4   55442.229557200         537    16.655    21.312     27.887    1.950       1.791           0    12713984            0            1    10899890 
   55442.268217200        16.963        0.197        39172040007445    2.9244490   29.1554150   00h11m41.87s   29d09m19.49s      2               0    3.895027e-07         124         114          96        16.874            0.017     16.906         16.904   16.909       16.905    0.026       0.013        10899863000658    2.9243980   29.1554270        3917      4   55442.272607200         537    16.716    21.576     27.979    1.850       1.751           0      131072            0            1    10899863 
   55442.268217200        16.963        0.197        39172040007445    2.9244490   29.1554150   00h11m41.87s   29d09m19.49s      2               0    3.895027e-07         124         114          96        16.874            0.017     16.906         16.904   16.909       16.905    0.026       0.013        10899863000658    2.9243980   29.1554270        3917      4   55442.272607200         537    16.716    21.576     27.979    1.850       1.751           0      131072            0            1    10899863 
   55445.234157200        16.897        0.029        39172040007445    2.9244490   29.1554150   00h11m41.87s   29d09m19.49s      2               0    3.895027e-07         124         114          96        16.874            0.017     16.906         16.904   16.909       16.905    0.026       0.013        10916588000596    2.9243980   29.1553920        3917      4   55445.238677200         540    16.903    21.555     28.131    2.350       2.276           0      131072            0            1    10916588 
   55445.234157200        16.897        0.029        39172040007445    2.9244490   29.1554150   00h11m41.87s   29d09m19.49s      2               0    3.895027e-07         124         114          96        16.874            0.017     16.906         16.904   16.909       16.905    0.026       0.013        10916588000596    2.9243980   29.1553920        3917      4   55445.238677200         540    16.903    21.555     28.131    2.350       2.276           0      131072            0            1    10916588 
   55445.280567200        16.904        0.029        39172040007445    2.9244490   29.1554150   00h11m41.87s   29d09m19.49s      2               0    3.895027e-07         124         114          96        16.874            0.017     16.906         16.904   16.909       16.905    0.026       0.013        10916546000661    2.9243620   29.1554170        3917      4   55445.285097200         540    16.902    21.866     28.149    1.950       2.027           0      131072            0            1    10916546 
   55445.280567200        16.904        0.029        39172040007445    2.9244490   29.1554150   00h11m41.87s   29d09m19.49s      2               0    3.895027e-07         124         114          96        16.874            0.017     16.906         16.904   16.909       16.905    0.026       0.013        10916546000661    2.9243620   29.1554170        3917      4   55445.285097200         540    16.902    21.866     28.149    1.950       2.027           0      131072            0            1    10916546 
   55457.321617200        16.944        0.072        39172040007445    2.9244490   29.1554150   00h11m41.87s   29d09m19.49s      2               0    3.895027e-07         124         114          96        16.874            0.017     16.906         16.904   16.909       16.905    0.026       0.013        10957572000497    2.9243690   29.1554190        3917      4   55457.326587200         552    16.936    21.310     28.172    2.250       2.313           0      131072            0            1    10957572 
   55457.321617200        16.944        0.072        39172040007445    2.9244490   29.1554150   00h11m41.87s   29d09m19.49s      2               0    3.895027e-07         124         114          96        16.874            0.017     16.906         16.904   16.909       16.905    0.026       0.013        10957572000497    2.9243690   29.1554190        3917      4   55457.326587200         552    16.936    21.310     28.172    2.250       2.313           0      131072            0            1    10957572 
   55457.365817200        16.900        0.072        39172040007445    2.9244490   29.1554150   00h11m41.87s   29d09m19.49s      2               0    3.895027e-07         124         114          96        16.874            0.017     16.906         16.904   16.909       16.905    0.026       0.013        10957519000539    2.9243880   29.1554330        3917      4   55457.370787200         552    16.899    21.601     28.178    1.850       1.843           0      131072            0            1    10957519 
   55457.365817200        16.900        0.072        39172040007445    2.9244490   29.1554150   00h11m41.87s   29d09m19.49s      2               0    3.895027e-07         124         114          96        16.874            0.017     16.906         16.904   16.909       16.905    0.026       0.013        10957519000539    2.9243880   29.1554330        3917      4   55457.370787200         552    16.899    21.601     28.178    1.850       1.843           0      131072            0            1    10957519 
   55460.337967200        16.913        0.025        39172040007445    2.9244490   29.1554150   00h11m41.87s   29d09m19.49s      2               0    3.895027e-07         124         114          96        16.874            0.017     16.906         16.904   16.909       16.905    0.026       0.013        12790045000305    2.9244360   29.1554270        3917      4   55460.343007200         557    16.915    19.781     28.189    5.650       8.770           0      131072            0            1    12790045 
   55460.337967200        16.913        0.025        39172040007445    2.9244490   29.1554150   00h11m41.87s   29d09m19.49s      2               0    3.895027e-07         124         114          96        16.874            0.017     16.906         16.904   16.909       16.905    0.026       0.013        12790045000305    2.9244360   29.1554270        3917      4   55460.343007200         557    16.915    19.781     28.189    5.650       8.770           0      131072            0            1    12790045 
   55460.382487200        16.893        0.024        39172040007445    2.9244490   29.1554150   00h11m41.87s   29d09m19.49s      2               0    3.895027e-07         124         114          96        16.874            0.017     16.906         16.904   16.909       16.905    0.026       0.013        12790163000368    2.9244240   29.1554230        3917      4   55460.387537200         557    16.902    20.904     28.185    1.950       2.013           0      131072            0            1    12790163 
   55460.382487200        16.893        0.024        39172040007445    2.9244490   29.1554150   00h11m41.87s   29d09m19.49s      2               0    3.895027e-07         124         114          96        16.874            0.017     16.906         16.904   16.909       16.905    0.026       0.013        12790163000368    2.9244240   29.1554230        3917      4   55460.387537200         557    16.902    20.904     28.185    1.950       2.013           0      131072            0            1    12790163 
   55465.381167200        16.921        0.033        39172040007445    2.9244490   29.1554150   00h11m41.87s   29d09m19.49s      2               0    3.895027e-07         124         114          96        16.874            0.017     16.906         16.904   16.909       16.905    0.026       0.013        11073457000324    2.9243860   29.1554440        3917      4   55465.386317200         563    16.936    20.553     28.131    2.150       2.268           0      131072            0            1    11073457 
   55465.381167200        16.921        0.033        39172040007445    2.9244490   29.1554150   00h11m41.87s   29d09m19.49s      2               0    3.895027e-07         124         114          96        16.874            0.017     16.906         16.904   16.909       16.905    0.026       0.013        11073457000324    2.9243860   29.1554440        3917      4   55465.386317200         563    16.936    20.553     28.131    2.150       2.268           0      131072            0            1    11073457 
   55465.425047200        16.890        0.034        39172040007445    2.9244490   29.1554150   00h11m41.87s   29d09m19.49s      2               0    3.895027e-07         124         114          96        16.874            0.017     16.906         16.904   16.909       16.905    0.026       0.013        11073532000310    2.9243950   29.1554510        3917      4   55465.430197200         563    16.907    20.554     28.116    2.050       2.119           0      131072            0            1    11073532 
   55465.425047200        16.890        0.034        39172040007445    2.9244490   29.1554150   00h11m41.87s   29d09m19.49s      2               0    3.895027e-07         124         114          96        16.874            0.017     16.906         16.904   16.909       16.905    0.026       0.013        11073532000310    2.9243950   29.1554510        3917      4   55465.430197200         563    16.907    20.554     28.116    2.050       2.119           0      131072            0            1    11073532 
   55469.112767200        16.995        0.298        39172040007445    2.9244490   29.1554150   00h11m41.87s   29d09m19.49s      2               0    3.895027e-07         124         114          96        16.874            0.017     16.906         16.904   16.909       16.905    0.026       0.013        11066823000282    2.9243890   29.1554280        3917      4   55469.117967200         583    16.554    19.727     26.891    2.350       2.310           0      131072            0            1    11066823 
   55469.112767200        16.995        0.298        39172040007445    2.9244490   29.1554150   00h11m41.87s   29d09m19.49s      2               0    3.895027e-07         124         114          96        16.874            0.017     16.906         16.904   16.909       16.905    0.026       0.013        11066823000282    2.9243890   29.1554280        3917      4   55469.117967200         583    16.554    19.727     26.891    2.350       2.310           0      131072            0            1    11066823 
   55469.159337200        16.942        0.298        39172040007445    2.9244490   29.1554150   00h11m41.87s   29d09m19.49s      2               0    3.895027e-07         124         114          96        16.874            0.017     16.906         16.904   16.909       16.905    0.026       0.013        11066804000226    2.9243770   29.1554170        3917      4   55469.164537200         583    17.417    20.354     27.305    2.050       2.036           0      131072            0            1    11066804 
   55469.159337200        16.942        0.298        39172040007445    2.9244490   29.1554150   00h11m41.87s   29d09m19.49s      2               0    3.895027e-07         124         114          96        16.874            0.017     16.906         16.904   16.909       16.905    0.026       0.013        11066804000226    2.9243770   29.1554170        3917      4   55469.164537200         583    17.417    20.354     27.305    2.050       2.036           0      131072            0            1    11066804 
   55480.409267200        16.916        0.024        39172040007445    2.9244490   29.1554150   00h11m41.87s   29d09m19.49s      2               0    3.895027e-07         124         114          96        16.874            0.017     16.906         16.904   16.909       16.905    0.026       0.013        12806267000582    2.9244290   29.1554230        3917      4   55480.414497200         574    16.933    21.581     28.134    2.250       2.345           0      131072            0            1    12806267 
   55480.409267200        16.916        0.024        39172040007445    2.9244490   29.1554150   00h11m41.87s   29d09m19.49s      2               0    3.895027e-07         124         114          96        16.874            0.017     16.906         16.904   16.909       16.905    0.026       0.013        12806267000582    2.9244290   29.1554230        3917      4   55480.414497200         574    16.933    21.581     28.134    2.250       2.345           0      131072            0            1    12806267 
   55480.459147200        16.911        0.024        39172040007445    2.9244490   29.1554150   00h11m41.87s   29d09m19.49s      2               0    3.895027e-07         124         114          96        16.874            0.017     16.906         16.904   16.909       16.905    0.026       0.013        12806493000488    2.9244220   29.1554310        3917      4   55480.464367200         574    16.918    21.271     28.079    2.350       2.339           0      131072            0            1    12806493 
   55480.459147200        16.911        0.024        39172040007445    2.9244490   29.1554150   00h11m41.87s   29d09m19.49s      2               0    3.895027e-07         124         114          96        16.874            0.017     16.906         16.904   16.909       16.905    0.026       0.013        12806493000488    2.9244220   29.1554310        3917      4   55480.464367200         574    16.918    21.271     28.079    2.350       2.339           0      131072            0            1    12806493 
   55483.411547200        16.897        0.035        39172040007445    2.9244490   29.1554150   00h11m41.87s   29d09m19.49s      2               0    3.895027e-07         124         114          96        16.874            0.017     16.906         16.904   16.909       16.905    0.026       0.013        10854033000544    2.9243920   29.1554130        3917      4   55483.416747200         577    16.887    21.315     28.067    2.650       2.804           0      131072            0            1    10854033 
   55483.411547200        16.897        0.035        39172040007445    2.9244490   29.1554150   00h11m41.87s   29d09m19.49s      2               0    3.895027e-07         124         114          96        16.874            0.017     16.906         16.904   16.909       16.905    0.026       0.013        10854033000544    2.9243920   29.1554130        3917      4   55483.416747200         577    16.887    21.315     28.067    2.650       2.804           0      131072            0            1    10854033 
   55483.456477200        16.891        0.035        39172040007445    2.9244490   29.1554150   00h11m41.87s   29d09m19.49s      2               0    3.895027e-07         124         114          96        16.874            0.017     16.906         16.904   16.909       16.905    0.026       0.013        10853964000505    2.9243810   29.1554210        3917      4   55483.461677200         577    16.863    21.259     27.988    2.250       2.075           0      131072            0            1    10853964 
   55483.456477200        16.891        0.035        39172040007445    2.9244490   29.1554150   00h11m41.87s   29d09m19.49s      2               0    3.895027e-07         124         114          96        16.874            0.017     16.906         16.904   16.909       16.905    0.026       0.013        10853964000505    2.9243810   29.1554210        3917      4   55483.461677200         577    16.863    21.259     27.988    2.250       2.075           0      131072            0            1    10853964 
   55497.368037200        16.900        0.031        39172040007445    2.9244490   29.1554150   00h11m41.87s   29d09m19.49s      2               0    3.895027e-07         124         114          96        16.874            0.017     16.906         16.904   16.909       16.905    0.026       0.013        12678460000405    2.9244290   29.1554270        3917      4   55497.372927200         592    16.888    20.801     28.103    2.850       2.622           0      131072            0            1    12678460 
   55497.368037200        16.900        0.031        39172040007445    2.9244490   29.1554150   00h11m41.87s   29d09m19.49s      2               0    3.895027e-07         124         114          96        16.874            0.017     16.906         16.904   16.909       16.905    0.026       0.013        12678460000405    2.9244290   29.1554270        3917      4   55497.372927200         592    16.888    20.801     28.103    2.850       2.622           0      131072            0            1    12678460 
   55497.413657200        16.930        0.032        39172040007445    2.9244490   29.1554150   00h11m41.87s   29d09m19.49s      2               0    3.895027e-07         124         114          96        16.874            0.017     16.906         16.904   16.909       16.905    0.026       0.013        12678599000330    2.9243940   29.1554500        3917      4   55497.418547200         592    16.907    20.356     28.057    3.450       3.115           0      131072            0            1    12678599 
   55497.413657200        16.930        0.032        39172040007445    2.9244490   29.1554150   00h11m41.87s   29d09m19.49s      2               0    3.895027e-07         124         114          96        16.874            0.017     16.906         16.904   16.909       16.905    0.026       0.013        12678599000330    2.9243940   29.1554500        3917      4   55497.418547200         592    16.907    20.356     28.057    3.450       3.115           0      131072            0            1    12678599 
   56202.242037200        16.931        0.031        39172040007445    2.9244490   29.1554150   00h11m41.87s   29d09m19.49s      2               0    3.895027e-07         124         114          96        16.874            0.017     16.906         16.904   16.909       16.905    0.026       0.013        14271778000295    2.9244210   29.1554120        3917      4   56202.247257200        1299    16.955    20.756     28.194    1.750       1.977           0    12713984            0            1    14271778 
   56202.242037200        16.931        0.031        39172040007445    2.9244490   29.1554150   00h11m41.87s   29d09m19.49s      2               0    3.895027e-07         124         114          96        16.874            0.017     16.906         16.904   16.909       16.905    0.026       0.013        14271778000295    2.9244210   29.1554120        3917      4   56202.247257200        1299    16.955    20.756     28.194    1.750       1.977           0    12713984            0            1    14271778 
   56202.272197200        16.889        0.031        39172040007445    2.9244490   29.1554150   00h11m41.87s   29d09m19.49s      2               0    3.895027e-07         124         114          96        16.874            0.017     16.906         16.904   16.909       16.905    0.026       0.013        14271796000282    2.9244980   29.1554110        3917      4   56202.277427200        1299    16.917    20.853     28.201    1.650       1.830           0      131072            0            1    14271796 
   56202.272197200        16.889        0.031        39172040007445    2.9244490   29.1554150   00h11m41.87s   29d09m19.49s      2               0    3.895027e-07         124         114          96        16.874            0.017     16.906         16.904   16.909       16.905    0.026       0.013        14271796000282    2.9244980   29.1554110        3917      4   56202.277427200        1299    16.917    20.853     28.201    1.650       1.830           0      131072            0            1    14271796 
   56202.301727200        16.925        0.031        39172040007445    2.9244490   29.1554150   00h11m41.87s   29d09m19.49s      2               0    3.895027e-07         124         114          96        16.874            0.017     16.906         16.904   16.909       16.905    0.026       0.013        14271817000286    2.9244350   29.1554220        3917      4   56202.306947200        1299    16.952    20.736     28.204    1.950       1.925           0      131072            0            1    14271817 
   56202.301727200        16.925        0.031        39172040007445    2.9244490   29.1554150   00h11m41.87s   29d09m19.49s      2               0    3.895027e-07         124         114          96        16.874            0.017     16.906         16.904   16.909       16.905    0.026       0.013        14271817000286    2.9244350   29.1554220        3917      4   56202.306947200        1299    16.952    20.736     28.204    1.950       1.925           0      131072            0            1    14271817 
   56203.124967200        16.916        0.023        39172040007445    2.9244490   29.1554150   00h11m41.87s   29d09m19.49s      2               0    3.895027e-07         124         114          96        16.874            0.017     16.906         16.904   16.909       16.905    0.026       0.013        14293335000392    2.9244160   29.1554040        3917      4   56203.130197200        1300    16.930    21.074     28.103    2.050       2.032           0      131072            0            1    14293335 
   56203.124967200        16.916        0.023        39172040007445    2.9244490   29.1554150   00h11m41.87s   29d09m19.49s      2               0    3.895027e-07         124         114          96        16.874            0.017     16.906         16.904   16.909       16.905    0.026       0.013        14293335000392    2.9244160   29.1554040        3917      4   56203.130197200        1300    16.930    21.074     28.103    2.050       2.032           0      131072            0            1    14293335 
   56203.154177200        16.905        0.024        39172040007445    2.9244490   29.1554150   00h11m41.87s   29d09m19.49s      2               0    3.895027e-07         124         114          96        16.874            0.017     16.906         16.904   16.909       16.905    0.026       0.013        14293350000361    2.9244210   29.1554170        3917      4   56203.159407200        1300    16.910    21.071     28.136    1.550       1.564           0    12713984            0            1    14293350 
   56203.154177200        16.905        0.024        39172040007445    2.9244490   29.1554150   00h11m41.87s   29d09m19.49s      2               0    3.895027e-07         124         114          96        16.874            0.017     16.906         16.904   16.909       16.905    0.026       0.013        14293350000361    2.9244210   29.1554170        3917      4   56203.159407200        1300    16.910    21.071     28.136    1.550       1.564           0    12713984            0            1    14293350 
   56203.161037200        16.910        0.024        39172040007445    2.9244490   29.1554150   00h11m41.87s   29d09m19.49s      2               0    3.895027e-07         124         114          96        16.874            0.017     16.906         16.904   16.909       16.905    0.026       0.013        14293360000344    2.9244290   29.1554190        3917      4   56203.166267200        1300    16.913    20.819     28.142    1.950       1.916           0      131072            0            1    14293360 
   56203.161037200        16.910        0.024        39172040007445    2.9244490   29.1554150   00h11m41.87s   29d09m19.49s      2               0    3.895027e-07         124         114          96        16.874            0.017     16.906         16.904   16.909       16.905    0.026       0.013        14293360000344    2.9244290   29.1554190        3917      4   56203.166267200        1300    16.913    20.819     28.142    1.950       1.916           0      131072            0            1    14293360 
   56206.265187200        16.878        0.127        39172040007445    2.9244490   29.1554150   00h11m41.87s   29d09m19.49s      2               0    3.895027e-07         124         114          96        16.874            0.017     16.906         16.904   16.909       16.905    0.026       0.013        14339547000490    2.9244260   29.1554110        3917      4   56206.270427200        1303    16.795    21.161     28.103    2.550       2.755           0      131072            0            1    14339547 
   56206.265187200        16.878        0.127        39172040007445    2.9244490   29.1554150   00h11m41.87s   29d09m19.49s      2               0    3.895027e-07         124         114          96        16.874            0.017     16.906         16.904   16.909       16.905    0.026       0.013        14339547000490    2.9244260   29.1554110        3917      4   56206.270427200        1303    16.795    21.161     28.103    2.550       2.755           0      131072            0            1    14339547 
   56206.302137200        16.893        0.127        39172040007445    2.9244490   29.1554150   00h11m41.87s   29d09m19.49s      2               0    3.895027e-07         124         114          96        16.874            0.017     16.906         16.904   16.909       16.905    0.026       0.013        14339565000483    2.9244200   29.1554230        3917      4   56206.307377200        1303    16.767    21.341     28.036    1.950       2.270           0      131072            0            1    14339565 
   56206.302137200        16.893        0.127        39172040007445    2.9244490   29.1554150   00h11m41.87s   29d09m19.49s      2               0    3.895027e-07         124         114          96        16.874            0.017     16.906         16.904   16.909       16.905    0.026       0.013        14339565000483    2.9244200   29.1554230        3917      4   56206.307377200        1303    16.767    21.341     28.036    1.950       2.270           0      131072            0            1    14339565 
   56206.331307200        16.904        0.128        39172040007445    2.9244490   29.1554150   00h11m41.87s   29d09m19.49s      2               0    3.895027e-07         124         114          96        16.874            0.017     16.906         16.904   16.909       16.905    0.026       0.013        14339595000234    2.9244180   29.1554270        3917      4   56206.336547200        1303    17.324    20.435     27.972    2.450       2.509           0      131072            0            1    14339595 
   56206.331307200        16.904        0.128        39172040007445    2.9244490   29.1554150   00h11m41.87s   29d09m19.49s      2               0    3.895027e-07         124         114          96        16.874            0.017     16.906         16.904   16.909       16.905    0.026       0.013        14339595000234    2.9244180   29.1554270        3917      4   56206.336547200        1303    17.324    20.435     27.972    2.450       2.509           0      131072            0            1    14339595 
   56225.252187200        16.918        0.027        39172040007445    2.9244490   29.1554150   00h11m41.87s   29d09m19.49s      2               0    3.895027e-07         124         114          96        16.874            0.017     16.906         16.904   16.909       16.905    0.026       0.013        14413361000355    2.9244240   29.1554150        3917      4   56225.257157200        1312    16.916    21.009     28.189    2.150       2.367           0      131072            0            1    14413361 
   56225.252187200        16.918        0.027        39172040007445    2.9244490   29.1554150   00h11m41.87s   29d09m19.49s      2               0    3.895027e-07         124         114          96        16.874            0.017     16.906         16.904   16.909       16.905    0.026       0.013        14413361000355    2.9244240   29.1554150        3917      4   56225.257157200        1312    16.916    21.009     28.189    2.150       2.367           0      131072            0            1    14413361 
   56225.282167200        16.917        0.026        39172040007445    2.9244490   29.1554150   00h11m41.87s   29d09m19.49s      2               0    3.895027e-07         124         114          96        16.874            0.017     16.906         16.904   16.909       16.905    0.026       0.013        14413155000376    2.9244180   29.1554190        3917      4   56225.287137200        1312    16.913    21.078     28.193    2.050       2.223           0      131072            0            1    14413155 
   56225.282167200        16.917        0.026        39172040007445    2.9244490   29.1554150   00h11m41.87s   29d09m19.49s      2               0    3.895027e-07         124         114          96        16.874            0.017     16.906         16.904   16.909       16.905    0.026       0.013        14413155000376    2.9244180   29.1554190        3917      4   56225.287137200        1312    16.913    21.078     28.193    2.050       2.223           0      131072            0            1    14413155 
   56232.389717200        16.896        0.071        39172040007445    2.9244490   29.1554150   00h11m41.87s   29d09m19.49s      2               0    3.895027e-07         124         114          96        16.874            0.017     16.906         16.904   16.909       16.905    0.026       0.013        14645050000310    2.9244350   29.1554150        3917      4   56232.394447200        1319    16.849    20.777     28.094    1.950       1.845           0    12713984            0            1    14645050 
   56232.389717200        16.896        0.071        39172040007445    2.9244490   29.1554150   00h11m41.87s   29d09m19.49s      2               0    3.895027e-07         124         114          96        16.874            0.017     16.906         16.904   16.909       16.905    0.026       0.013        14645050000310    2.9244350   29.1554150        3917      4   56232.394447200        1319    16.849    20.777     28.094    1.950       1.845           0    12713984            0            1    14645050 
   56234.358967200        16.900        0.044        39172040007445    2.9244490   29.1554150   00h11m41.87s   29d09m19.49s      2               0    3.895027e-07         124         114          96        16.874            0.017     16.906         16.904   16.909       16.905    0.026       0.013        14501756000399    2.9244270   29.1554190        3917      4   56234.363617200        1321    16.874    21.000     28.126    2.250       2.232           0      131072            0            1    14501756 
   56234.358967200        16.900        0.044        39172040007445    2.9244490   29.1554150   00h11m41.87s   29d09m19.49s      2               0    3.895027e-07         124         114          96        16.874            0.017     16.906         16.904   16.909       16.905    0.026       0.013        14501756000399    2.9244270   29.1554190        3917      4   56234.363617200        1321    16.874    21.000     28.126    2.250       2.232           0      131072            0            1    14501756 
   56234.388377200        16.883        0.045        39172040007445    2.9244490   29.1554150   00h11m41.87s   29d09m19.49s      2               0    3.895027e-07         124         114          96        16.874            0.017     16.906         16.904   16.909       16.905    0.026       0.013        14501778000330    2.9244280   29.1554200        3917      4   56234.393027200        1321    16.944    20.832     28.100    2.150       1.967           0      131072            0            1    14501778 
   56234.388377200        16.883        0.045        39172040007445    2.9244490   29.1554150   00h11m41.87s   29d09m19.49s      2               0    3.895027e-07         124         114          96        16.874            0.017     16.906         16.904   16.909       16.905    0.026       0.013        14501778000330    2.9244280   29.1554200        3917      4   56234.393027200        1321    16.944    20.832     28.100    2.150       1.967           0      131072            0            1    14501778 
   56236.387877200        16.885        0.027        39172040007445    2.9244490   29.1554150   00h11m41.87s   29d09m19.49s      2               0    3.895027e-07         124         114          96        16.874            0.017     16.906         16.904   16.909       16.905    0.026       0.013        14529199000338    2.9244400   29.1554270        3917      4   56236.392437200        1323    16.867    20.904     28.112    2.450       2.348           0      131072            0            1    14529199 
   56236.387877200        16.885        0.027        39172040007445    2.9244490   29.1554150   00h11m41.87s   29d09m19.49s      2               0    3.895027e-07         124         114          96        16.874            0.017     16.906         16.904   16.909       16.905    0.026       0.013        14529199000338    2.9244400   29.1554270        3917      4   56236.392437200        1323    16.867    20.904     28.112    2.450       2.348           0      131072            0            1    14529199 
   56236.396457200        16.908        0.027        39172040007445    2.9244490   29.1554150   00h11m41.87s   29d09m19.49s      2               0    3.895027e-07         124         114          96        16.874            0.017     16.906         16.904   16.909       16.905    0.026       0.013        14529202000297    2.9244020   29.1554480        3917      4   56236.401017200        1323    16.899    20.697     28.098    2.850       2.889           0      131072            0            1    14529202 
   56236.396457200        16.908        0.027        39172040007445    2.9244490   29.1554150   00h11m41.87s   29d09m19.49s      2               0    3.895027e-07         124         114          96        16.874            0.017     16.906         16.904   16.909       16.905    0.026       0.013        14529202000297    2.9244020   29.1554480        3917      4   56236.401017200        1323    16.899    20.697     28.098    2.850       2.889           0      131072            0            1    14529202 
   56238.346537200        16.896        0.024        39172040007445    2.9244490   29.1554150   00h11m41.87s   29d09m19.49s      2               0    3.895027e-07         124         114          96        16.874            0.017     16.906         16.904   16.909       16.905    0.026       0.013        14570577000462    2.9244240   29.1554240        3917      4   56238.351007200        1325    16.910    21.611     28.175    1.750       1.781           0      131072            0            1    14570577 
   56238.346537200        16.896        0.024        39172040007445    2.9244490   29.1554150   00h11m41.87s   29d09m19.49s      2               0    3.895027e-07         124         114          96        16.874            0.017     16.906         16.904   16.909       16.905    0.026       0.013        14570577000462    2.9244240   29.1554240        3917      4   56238.351007200        1325    16.910    21.611     28.175    1.750       1.781           0      131072            0            1    14570577 
   56238.380917200        16.902        0.025        39172040007445    2.9244490   29.1554150   00h11m41.87s   29d09m19.49s      2               0    3.895027e-07         124         114          96        16.874            0.017     16.906         16.904   16.909       16.905    0.026       0.013        14570601000422    2.9244160   29.1553710        3917      4   56238.385377200        1325    16.918    21.383     28.145    1.850       1.797           0    12713984            0            1    14570601 
   56238.380917200        16.902        0.025        39172040007445    2.9244490   29.1554150   00h11m41.87s   29d09m19.49s      2               0    3.895027e-07         124         114          96        16.874            0.017     16.906         16.904   16.909       16.905    0.026       0.013        14570601000422    2.9244160   29.1553710        3917      4   56238.385377200        1325    16.918    21.383     28.145    1.850       1.797           0    12713984            0            1    14570601 
   56251.170027200        16.902        0.023        39172040007445    2.9244490   29.1554150   00h11m41.87s   29d09m19.49s      2               0    3.895027e-07         124         114          96        16.874            0.017     16.906         16.904   16.909       16.905    0.026       0.013        14655860000479    2.9244270   29.1554170        3917      4   56251.173767200        1338    16.910    21.771     28.201    1.650       1.784           0      131072            0            1    14655860 
   56251.170027200        16.902        0.023        39172040007445    2.9244490   29.1554150   00h11m41.87s   29d09m19.49s      2               0    3.895027e-07         124         114          96        16.874            0.017     16.906         16.904   16.909       16.905    0.026       0.013        14655860000479    2.9244270   29.1554170        3917      4   56251.173767200        1338    16.910    21.771     28.201    1.650       1.784           0      131072            0            1    14655860 
   56251.202787200        16.910        0.023        39172040007445    2.9244490   29.1554150   00h11m41.87s   29d09m19.49s      2               0    3.895027e-07         124         114          96        16.874            0.017     16.906         16.904   16.909       16.905    0.026       0.013        14655878000483    2.9244240   29.1554200        3917      4   56251.206537200        1338    16.919    21.590     28.199    1.950       2.142           0      131072            0            1    14655878 
   56251.202787200        16.910        0.023        39172040007445    2.9244490   29.1554150   00h11m41.87s   29d09m19.49s      2               0    3.895027e-07         124         114          96        16.874            0.017     16.906         16.904   16.909       16.905    0.026       0.013        14655878000483    2.9244240   29.1554200        3917      4   56251.206537200        1338    16.919    21.590     28.199    1.950       2.142           0      131072            0            1    14655878 
   56253.124367200        16.916        0.024        39172040007445    2.9244490   29.1554150   00h11m41.87s   29d09m19.49s      2               0    3.895027e-07         124         114          96        16.874            0.017     16.906         16.904   16.909       16.905    0.026       0.013        14674996000381    2.9244300   29.1554150        3917      4   56253.127977200        1340    16.917    21.083     28.196    2.350       2.410           0      131072            0            1    14674996 
   56253.124367200        16.916        0.024        39172040007445    2.9244490   29.1554150   00h11m41.87s   29d09m19.49s      2               0    3.895027e-07         124         114          96        16.874            0.017     16.906         16.904   16.909       16.905    0.026       0.013        14674996000381    2.9244300   29.1554150        3917      4   56253.127977200        1340    16.917    21.083     28.196    2.350       2.410           0      131072            0            1    14674996 
   56258.232617200        16.923        0.123        39172040007445    2.9244490   29.1554150   00h11m41.87s   29d09m19.49s      2               0    3.895027e-07         124         114          96        16.874            0.017     16.906         16.904   16.909       16.905    0.026       0.013        14725245000253    2.9243290   29.1556240        3917      4   56258.235877200        1345    16.929    20.610     28.151    1.950       1.975           0    12713984            0            1    14725245 
   56258.232617200        16.923        0.123        39172040007445    2.9244490   29.1554150   00h11m41.87s   29d09m19.49s      2               0    3.895027e-07         124         114          96        16.874            0.017     16.906         16.904   16.909       16.905    0.026       0.013        14725245000253    2.9243290   29.1556240        3917      4   56258.235877200        1345    16.929    20.610     28.151    1.950       1.975           0    12713984            0            1    14725245 
   56258.324367200        16.919        0.123        39172040007445    2.9244490   29.1554150   00h11m41.87s   29d09m19.49s      2               0    3.895027e-07         124         114          96        16.874            0.017     16.906         16.904   16.909       16.905    0.026       0.013        14725307000243    2.9244320   29.1554230        3917      4   56258.327617200        1345    16.926    20.374     28.129    2.150       2.111           0      131072            0            1    14725307 
   56258.324367200        16.919        0.123        39172040007445    2.9244490   29.1554150   00h11m41.87s   29d09m19.49s      2               0    3.895027e-07         124         114          96        16.874            0.017     16.906         16.904   16.909       16.905    0.026       0.013        14725307000243    2.9244320   29.1554230        3917      4   56258.327617200        1345    16.926    20.374     28.129    2.150       2.111           0      131072            0            1    14725307 
   56258.354377200        16.934        0.123        39172040007445    2.9244490   29.1554150   00h11m41.87s   29d09m19.49s      2               0    3.895027e-07         124         114          96        16.874            0.017     16.906         16.904   16.909       16.905    0.026       0.013        14725329000200    2.9244030   29.1554080        3917      4   56258.357627200        1345    17.012    20.066     28.098    2.350       2.114           0      131072            0            1    14725329 
   56258.354377200        16.934        0.123        39172040007445    2.9244490   29.1554150   00h11m41.87s   29d09m19.49s      2               0    3.895027e-07         124         114          96        16.874            0.017     16.906         16.904   16.909       16.905    0.026       0.013        14725329000200    2.9244030   29.1554080        3917      4   56258.357627200        1345    17.012    20.066     28.098    2.350       2.114           0      131072            0            1    14725329 
   56266.087657200        16.929        0.168        39172040007445    2.9244490   29.1554150   00h11m41.87s   29d09m19.49s      2               0    3.895027e-07         124         114          96        16.874            0.017     16.906         16.904   16.909       16.905    0.026       0.013        14748016000465    2.9244170   29.1554200        3917      4   56266.090327200        1353    16.747    21.590     27.943    1.550       1.722           0      131072            0            1    14748016 
   56266.087657200        16.929        0.168        39172040007445    2.9244490   29.1554150   00h11m41.87s   29d09m19.49s      2               0    3.895027e-07         124         114          96        16.874            0.017     16.906         16.904   16.909       16.905    0.026       0.013        14748016000465    2.9244170   29.1554200        3917      4   56266.090327200        1353    16.747    21.590     27.943    1.550       1.722           0      131072            0            1    14748016 
   56266.117047200        16.920        0.168        39172040007445    2.9244490   29.1554150   00h11m41.87s   29d09m19.49s      2               0    3.895027e-07         124         114          96        16.874            0.017     16.906         16.904   16.909       16.905    0.026       0.013        14748038000293    2.9244210   29.1554470        3917      4   56266.119707200        1353    17.276    21.277     27.943    1.550       1.820           0      131072            0            1    14748038 
   56266.117047200        16.920        0.168        39172040007445    2.9244490   29.1554150   00h11m41.87s   29d09m19.49s      2               0    3.895027e-07         124         114          96        16.874            0.017     16.906         16.904   16.909       16.905    0.026       0.013        14748038000293    2.9244210   29.1554470        3917      4   56266.119707200        1353    17.276    21.277     27.943    1.550       1.820           0      131072            0            1    14748038 
   56271.102937200        16.887        0.038        39172040007445    2.9244490   29.1554150   00h11m41.87s   29d09m19.49s      2               0    3.895027e-07         124         114          96        16.874            0.017     16.906         16.904   16.909       16.905    0.026       0.013        14806662000381    2.9244110   29.1554290        3917      4   56271.105187200        1358    16.898    21.349     28.162    2.650       2.915           0      131072            0            1    14806662 
   56271.102937200        16.887        0.038        39172040007445    2.9244490   29.1554150   00h11m41.87s   29d09m19.49s      2               0    3.895027e-07         124         114          96        16.874            0.017     16.906         16.904   16.909       16.905    0.026       0.013        14806662000381    2.9244110   29.1554290        3917      4   56271.105187200        1358    16.898    21.349     28.162    2.650       2.915           0      131072            0            1    14806662 
   56273.145617200        16.908        0.046        39172040007445    2.9244490   29.1554150   00h11m41.87s   29d09m19.49s      2               0    3.895027e-07         124         114          96        16.874            0.017     16.906         16.904   16.909       16.905    0.026       0.013        14827979000456    2.9244280   29.1554200        3917      4   56273.147687200        1360    16.914    21.391     28.196    2.450       2.605           0      131072            0            1    14827979 
   56273.145617200        16.908        0.046        39172040007445    2.9244490   29.1554150   00h11m41.87s   29d09m19.49s      2               0    3.895027e-07         124         114          96        16.874            0.017     16.906         16.904   16.909       16.905    0.026       0.013        14827979000456    2.9244280   29.1554200        3917      4   56273.147687200        1360    16.914    21.391     28.196    2.450       2.605           0      131072            0            1    14827979 
   56925.216107200        16.912        0.024        39172040007445    2.9244490   29.1554150   00h11m41.87s   29d09m19.49s      2               0    3.895027e-07         124         114          96        16.874            0.017     16.906         16.904   16.909       16.905    0.026       0.013        21525453000501    2.9244390   29.1554170        3917      4   56925.221237200        1988    16.920    21.919     28.142    1.550       1.815           0      131072            0            1    21525453 
   56925.216107200        16.912        0.024        39172040007445    2.9244490   29.1554150   00h11m41.87s   29d09m19.49s      2               0    3.895027e-07         124         114          96        16.874            0.017     16.906         16.904   16.909       16.905    0.026       0.013        21525453000501    2.9244390   29.1554170        3917      4   56925.221237200        1988    16.920    21.919     28.142    1.550       1.815           0      131072            0            1    21525453 
   56925.251577200        16.903        0.024        39172040007445    2.9244490   29.1554150   00h11m41.87s   29d09m19.49s      2               0    3.895027e-07         124         114          96        16.874            0.017     16.906         16.904   16.909       16.905    0.026       0.013        21525482000530    2.9244340   29.1554220        3917      4   56925.256707200        1988    16.912    21.906     28.153    1.650       2.099           0      131072            0            1    21525482 
   56925.251577200        16.903        0.024        39172040007445    2.9244490   29.1554150   00h11m41.87s   29d09m19.49s      2               0    3.895027e-07         124         114          96        16.874            0.017     16.906         16.904   16.909       16.905    0.026       0.013        21525482000530    2.9244340   29.1554220        3917      4   56925.256707200        1988    16.912    21.906     28.153    1.650       2.099           0      131072            0            1    21525482 
   56926.152687200        16.867        0.022        39172040007445    2.9244490   29.1554150   00h11m41.87s   29d09m19.49s      2               0    3.895027e-07         124         114          96        16.874            0.017     16.906         16.904   16.909       16.905    0.026       0.013        21534863000501    2.9244340   29.1554180        3917      4   56926.157827200        1989    16.887    21.675     28.121    1.750       1.543           0    12713984            0            1    21534863 
   56926.152687200        16.867        0.022        39172040007445    2.9244490   29.1554150   00h11m41.87s   29d09m19.49s      2               0    3.895027e-07         124         114          96        16.874            0.017     16.906         16.904   16.909       16.905    0.026       0.013        21534863000501    2.9244340   29.1554180        3917      4   56926.157827200        1989    16.887    21.675     28.121    1.750       1.543           0    12713984            0            1    21534863 
   56926.197187200        16.894        0.022        39172040007445    2.9244490   29.1554150   00h11m41.87s   29d09m19.49s      2               0    3.895027e-07         124         114          96        16.874            0.017     16.906         16.904   16.909       16.905    0.026       0.013        21534880000534    2.9244450   29.1554200        3917      4   56926.202337200        1989    16.912    21.862     28.147    1.650       1.770           0      131072            0            1    21534880 
   56926.197187200        16.894        0.022        39172040007445    2.9244490   29.1554150   00h11m41.87s   29d09m19.49s      2               0    3.895027e-07         124         114          96        16.874            0.017     16.906         16.904   16.909       16.905    0.026       0.013        21534880000534    2.9244450   29.1554200        3917      4   56926.202337200        1989    16.912    21.862     28.147    1.650       1.770           0      131072            0            1    21534880 
   56928.157177200        16.903        0.034        39172040007445    2.9244490   29.1554150   00h11m41.87s   29d09m19.49s      2               0    3.895027e-07         124         114          96        16.874            0.017     16.906         16.904   16.909       16.905    0.026       0.013        21559465000368    2.9244520   29.1554180        3917      4   56928.162347200        1991    16.869    21.008     28.076    2.950       2.735           0      131072            0            1    21559465 
   56928.157177200        16.903        0.034        39172040007445    2.9244490   29.1554150   00h11m41.87s   29d09m19.49s      2               0    3.895027e-07         124         114          96        16.874            0.017     16.906         16.904   16.909       16.905    0.026       0.013        21559465000368    2.9244520   29.1554180        3917      4   56928.162347200        1991    16.869    21.008     28.076    2.950       2.735           0      131072            0            1    21559465 
   56928.202387200        16.891        0.034        39172040007445    2.9244490   29.1554150   00h11m41.87s   29d09m19.49s      2               0    3.895027e-07         124         114          96        16.874            0.017     16.906         16.904   16.909       16.905    0.026       0.013        21559505000379    2.9244480   29.1554220        3917      4   56928.207557200        1991    16.876    21.160     28.115    2.850       2.801           0      131072            0            1    21559505 
   56928.202387200        16.891        0.034        39172040007445    2.9244490   29.1554150   00h11m41.87s   29d09m19.49s      2               0    3.895027e-07         124         114          96        16.874            0.017     16.906         16.904   16.909       16.905    0.026       0.013        21559505000379    2.9244480   29.1554220        3917      4   56928.207557200        1991    16.876    21.160     28.115    2.850       2.801           0      131072            0            1    21559505 
   56931.143587200        16.895        0.024        39172040007445    2.9244490   29.1554150   00h11m41.87s   29d09m19.49s      2               0    3.895027e-07         124         114          96        16.874            0.017     16.906         16.904   16.909       16.905    0.026       0.013        22272796000430    2.9244460   29.1554110        3917      4   56931.148797200        1994    16.909    21.403     28.123    1.850       1.858           0      131072            0            1    22272796 
   56931.143587200        16.895        0.024        39172040007445    2.9244490   29.1554150   00h11m41.87s   29d09m19.49s      2               0    3.895027e-07         124         114          96        16.874            0.017     16.906         16.904   16.909       16.905    0.026       0.013        22272796000430    2.9244460   29.1554110        3917      4   56931.148797200        1994    16.909    21.403     28.123    1.850       1.858           0      131072            0            1    22272796 
   56931.233757200        16.891        0.023        39172040007445    2.9244490   29.1554150   00h11m41.87s   29d09m19.49s      2               0    3.895027e-07         124         114          96        16.874            0.017     16.906         16.904   16.909       16.905    0.026       0.013        22272838000471    2.9244450   29.1554100        3917      4   56931.238977200        1994    16.900    21.736     28.172    1.650       1.869           0      131072            0            1    22272838 
   56931.233757200        16.891        0.023        39172040007445    2.9244490   29.1554150   00h11m41.87s   29d09m19.49s      2               0    3.895027e-07         124         114          96        16.874            0.017     16.906         16.904   16.909       16.905    0.026       0.013        22272838000471    2.9244450   29.1554100        3917      4   56931.238977200        1994    16.900    21.736     28.172    1.650       1.869           0      131072            0            1    22272838 
   56932.141237200        16.906        0.027        39172040007445    2.9244490   29.1554150   00h11m41.87s   29d09m19.49s      2               0    3.895027e-07         124         114          96        16.874            0.017     16.906         16.904   16.909       16.905    0.026       0.013        21608255000393    2.9244440   29.1554150        3917      4   56932.146457200        1995    16.898    21.156     28.087    2.150       2.163           0      131072            0            1    21608255 
   56932.141237200        16.906        0.027        39172040007445    2.9244490   29.1554150   00h11m41.87s   29d09m19.49s      2               0    3.895027e-07         124         114          96        16.874            0.017     16.906         16.904   16.909       16.905    0.026       0.013        21608255000393    2.9244440   29.1554150        3917      4   56932.146457200        1995    16.898    21.156     28.087    2.150       2.163           0      131072            0            1    21608255 
   56932.181107200        16.893        0.027        39172040007445    2.9244490   29.1554150   00h11m41.87s   29d09m19.49s      2               0    3.895027e-07         124         114          96        16.874            0.017     16.906         16.904   16.909       16.905    0.026       0.013        21608288000420    2.9244460   29.1554120        3917      4   56932.186327200        1995    16.888    21.364     28.117    1.950       2.143           0      131072            0            1    21608288 
   56932.181107200        16.893        0.027        39172040007445    2.9244490   29.1554150   00h11m41.87s   29d09m19.49s      2               0    3.895027e-07         124         114          96        16.874            0.017     16.906         16.904   16.909       16.905    0.026       0.013        21608288000420    2.9244460   29.1554120        3917      4   56932.186327200        1995    16.888    21.364     28.117    1.950       2.143           0      131072            0            1    21608288 
   56933.138577200        16.906        0.026        39172040007445    2.9244490   29.1554150   00h11m41.87s   29d09m19.49s      2               0    3.895027e-07         124         114          96        16.874            0.017     16.906         16.904   16.909       16.905    0.026       0.013        21623339000385    2.9244450   29.1554200        3917      4   56933.143807200        1996    16.904    21.132     28.124    2.050       2.008           0      131072            0            1    21623339 
   56933.138577200        16.906        0.026        39172040007445    2.9244490   29.1554150   00h11m41.87s   29d09m19.49s      2               0    3.895027e-07         124         114          96        16.874            0.017     16.906         16.904   16.909       16.905    0.026       0.013        21623339000385    2.9244450   29.1554200        3917      4   56933.143807200        1996    16.904    21.132     28.124    2.050       2.008           0      131072            0            1    21623339 
   56933.175427200        16.897        0.026        39172040007445    2.9244490   29.1554150   00h11m41.87s   29d09m19.49s      2               0    3.895027e-07         124         114          96        16.874            0.017     16.906         16.904   16.909       16.905    0.026       0.013        21623370000382    2.9244550   29.1554060        3917      4   56933.180657200        1996    16.888    21.075     28.128    2.350       2.445           0      131072            0            1    21623370 
   56933.175427200        16.897        0.026        39172040007445    2.9244490   29.1554150   00h11m41.87s   29d09m19.49s      2               0    3.895027e-07         124         114          96        16.874            0.017     16.906         16.904   16.909       16.905    0.026       0.013        21623370000382    2.9244550   29.1554060        3917      4   56933.180657200        1996    16.888    21.075     28.128    2.350       2.445           0      131072            0            1    21623370 
   56934.141877200        16.906        0.063        39172040007445    2.9244490   29.1554150   00h11m41.87s   29d09m19.49s      2               0    3.895027e-07         124         114          96        16.874            0.017     16.906         16.904   16.909       16.905    0.026       0.013        21645355000306    2.9244450   29.1554330        3917      4   56934.147107200        1997    16.863    20.669     28.062    2.650       2.508           0      131072            0            1    21645355 
   56934.141877200        16.906        0.063        39172040007445    2.9244490   29.1554150   00h11m41.87s   29d09m19.49s      2               0    3.895027e-07         124         114          96        16.874            0.017     16.906         16.904   16.909       16.905    0.026       0.013        21645355000306    2.9244450   29.1554330        3917      4   56934.147107200        1997    16.863    20.669     28.062    2.650       2.508           0      131072            0            1    21645355 
   56934.182057200        16.903        0.064        39172040007445    2.9244490   29.1554150   00h11m41.87s   29d09m19.49s      2               0    3.895027e-07         124         114          96        16.874            0.017     16.906         16.904   16.909       16.905    0.026       0.013        21645391000264    2.9244380   29.1554080        3917      4   56934.187287200        1997    16.949    20.433     27.977    2.550       2.698           0      131072            0            1    21645391 
   56934.182057200        16.903        0.064        39172040007445    2.9244490   29.1554150   00h11m41.87s   29d09m19.49s      2               0    3.895027e-07         124         114          96        16.874            0.017     16.906         16.904   16.909       16.905    0.026       0.013        21645391000264    2.9244380   29.1554080        3917      4   56934.187287200        1997    16.949    20.433     27.977    2.550       2.698           0      131072            0            1    21645391 
   56972.211887200        16.884        0.025        39172040007445    2.9244490   29.1554150   00h11m41.87s   29d09m19.49s      2               0    3.895027e-07         124         114          96        16.874            0.017     16.906         16.904   16.909       16.905    0.026       0.013        22213480000430    2.9244440   29.1554120        3917      4   56972.216187200        2028    16.911    21.574     28.205    1.950       1.989           0      131072            0            1    22213480 
   56972.211887200        16.884        0.025        39172040007445    2.9244490   29.1554150   00h11m41.87s   29d09m19.49s      2               0    3.895027e-07         124         114          96        16.874            0.017     16.906         16.904   16.909       16.905    0.026       0.013        22213480000430    2.9244440   29.1554120        3917      4   56972.216187200        2028    16.911    21.574     28.205    1.950       1.989           0      131072            0            1    22213480 
   56979.217317200        16.906        0.067        39172040007445    2.9244490   29.1554150   00h11m41.87s   29d09m19.49s      2               0    3.895027e-07         124         114          96        16.874            0.017     16.906         16.904   16.909       16.905    0.026       0.013        22307588000328    2.9244400   29.1554230        3917      4   56979.221217200        2035    16.842    20.822     27.968    3.050       3.234           0      131072            0            1    22307588 
   56979.217317200        16.906        0.067        39172040007445    2.9244490   29.1554150   00h11m41.87s   29d09m19.49s      2               0    3.895027e-07         124         114          96        16.874            0.017     16.906         16.904   16.909       16.905    0.026       0.013        22307588000328    2.9244400   29.1554230        3917      4   56979.221217200        2035    16.842    20.822     27.968    3.050       3.234           0      131072            0            1    22307588 
   56979.384597200        17.019        0.080        39172040007445    2.9244490   29.1554150   00h11m41.87s   29d09m19.49s      2               0    3.895027e-07         124         114          96        16.874            0.017     16.906         16.904   16.909       16.905    0.026       0.013        22307607000131    2.9244850   29.1554440        3917      4   56979.388487200        2035    16.970    19.002     27.261    4.250       5.429           0      131072            0            1    22307607 
   56979.384597200        17.019        0.080        39172040007445    2.9244490   29.1554150   00h11m41.87s   29d09m19.49s      2               0    3.895027e-07         124         114          96        16.874            0.017     16.906         16.904   16.909       16.905    0.026       0.013        22307607000131    2.9244850   29.1554440        3917      4   56979.388487200        2035    16.970    19.002     27.261    4.250       5.429           0      131072            0            1    22307607 
   56980.214937200        16.909        0.102        39172040007445    2.9244490   29.1554150   00h11m41.87s   29d09m19.49s      2               0    3.895027e-07         124         114          96        16.874            0.017     16.906         16.904   16.909       16.905    0.026       0.013        23024298000415    2.9244360   29.1554220        3917      4   56980.218777200        2036    16.873    21.588     28.113    1.950       2.061           0      131072            0            1    23024298 
   56980.214937200        16.909        0.102        39172040007445    2.9244490   29.1554150   00h11m41.87s   29d09m19.49s      2               0    3.895027e-07         124         114          96        16.874            0.017     16.906         16.904   16.909       16.905    0.026       0.013        23024298000415    2.9244360   29.1554220        3917      4   56980.218777200        2036    16.873    21.588     28.113    1.950       2.061           0      131072            0            1    23024298 
   56980.331397200        16.912        0.102        39172040007445    2.9244490   29.1554150   00h11m41.87s   29d09m19.49s      2               0    3.895027e-07         124         114          96        16.874            0.017     16.906         16.904   16.909       16.905    0.026       0.013        23024278000389    2.9244410   29.1554140        3917      4   56980.335227200        2036    16.879    21.294     28.067    2.050       2.105           0      131072            0            1    23024278 
   56980.331397200        16.912        0.102        39172040007445    2.9244490   29.1554150   00h11m41.87s   29d09m19.49s      2               0    3.895027e-07         124         114          96        16.874            0.017     16.906         16.904   16.909       16.905    0.026       0.013        23024278000389    2.9244410   29.1554140        3917      4   56980.335227200        2036    16.879    21.294     28.067    2.050       2.105           0      131072            0            1    23024278 
   56981.198317200        16.917        0.040        39172040007445    2.9244490   29.1554150   00h11m41.87s   29d09m19.49s      2               0    3.895027e-07         124         114          96        16.874            0.017     16.906         16.904   16.909       16.905    0.026       0.013        23050611000423    2.9244430   29.1554100        3917      4   56981.202097200        2037    16.920    21.599     28.142    2.050       2.227           0      131072            0            1    23050611 
   56981.198317200        16.917        0.040        39172040007445    2.9244490   29.1554150   00h11m41.87s   29d09m19.49s      2               0    3.895027e-07         124         114          96        16.874            0.017     16.906         16.904   16.909       16.905    0.026       0.013        23050611000423    2.9244430   29.1554100        3917      4   56981.202097200        2037    16.920    21.599     28.142    2.050       2.227           0      131072            0            1    23050611 
   56981.268217200        16.908        0.040        39172040007445    2.9244490   29.1554150   00h11m41.87s   29d09m19.49s      2               0    3.895027e-07         124         114          96        16.874            0.017     16.906         16.904   16.909       16.905    0.026       0.013        23050625000447    2.9244470   29.1554190        3917      4   56981.271987200        2037    16.932    21.746     28.147    1.750       1.906           0      131072            0            1    23050625 
   56981.268217200        16.908        0.040        39172040007445    2.9244490   29.1554150   00h11m41.87s   29d09m19.49s      2               0    3.895027e-07         124         114          96        16.874            0.017     16.906         16.904   16.909       16.905    0.026       0.013        23050625000447    2.9244470   29.1554190        3917      4   56981.271987200        2037    16.932    21.746     28.147    1.750       1.906           0      131072            0            1    23050625 
   56984.198847200        16.899        0.223        39172040007445    2.9244490   29.1554150   00h11m41.87s   29d09m19.49s      2               0    3.895027e-07         124         114          96        16.874            0.017     16.906         16.904   16.909       16.905    0.026       0.013        23059392000337    2.9244360   29.1554170        3917      4   56984.202417200        2040    16.683    20.928     27.894    3.050       3.369           0      131072            0            1    23059392 
   56984.198847200        16.899        0.223        39172040007445    2.9244490   29.1554150   00h11m41.87s   29d09m19.49s      2               0    3.895027e-07         124         114          96        16.874            0.017     16.906         16.904   16.909       16.905    0.026       0.013        23059392000337    2.9244360   29.1554170        3917      4   56984.202417200        2040    16.683    20.928     27.894    3.050       3.369           0      131072            0            1    23059392 
   56984.269907200        16.917        0.223        39172040007445    2.9244490   29.1554150   00h11m41.87s   29d09m19.49s      2               0    3.895027e-07         124         114          96        16.874            0.017     16.906         16.904   16.909       16.905    0.026       0.013        23059407000285    2.9244260   29.1554060        3917      4   56984.273477200        2040    17.042    21.011     28.085    2.750       3.005           0      131072            0            1    23059407 
   56984.269907200        16.917        0.223        39172040007445    2.9244490   29.1554150   00h11m41.87s   29d09m19.49s      2               0    3.895027e-07         124         114          96        16.874            0.017     16.906         16.904   16.909       16.905    0.026       0.013        23059407000285    2.9244260   29.1554060        3917      4   56984.273477200        2040    17.042    21.011     28.085    2.750       3.005           0      131072            0            1    23059407 
   56985.193937200        16.906        0.178        39172040007445    2.9244490   29.1554150   00h11m41.87s   29d09m19.49s      2               0    3.895027e-07         124         114          96        16.874            0.017     16.906         16.904   16.909       16.905    0.026       0.013        23068303000253    2.9244420   29.1554120        3917      4   56985.197447200        2041    16.532    20.248     27.316    2.450       2.810           0      131072            0            1    23068303 
   56985.193937200        16.906        0.178        39172040007445    2.9244490   29.1554150   00h11m41.87s   29d09m19.49s      2               0    3.895027e-07         124         114          96        16.874            0.017     16.906         16.904   16.909       16.905    0.026       0.013        23068303000253    2.9244420   29.1554120        3917      4   56985.197447200        2041    16.532    20.248     27.316    2.450       2.810           0      131072            0            1    23068303 
   56986.211177200        16.920        0.047        39172040007445    2.9244490   29.1554150   00h11m41.87s   29d09m19.49s      2               0    3.895027e-07         124         114          96        16.874            0.017     16.906         16.904   16.909       16.905    0.026       0.013        22911692000336    2.9244350   29.1554240        3917      4   56986.214617200        2042    16.892    21.155     28.099    2.850       3.286           0      131072            0            1    22911692 
   56986.211177200        16.920        0.047        39172040007445    2.9244490   29.1554150   00h11m41.87s   29d09m19.49s      2               0    3.895027e-07         124         114          96        16.874            0.017     16.906         16.904   16.909       16.905    0.026       0.013        22911692000336    2.9244350   29.1554240        3917      4   56986.214617200        2042    16.892    21.155     28.099    2.850       3.286           0      131072            0            1    22911692 
   56987.193377200        16.904        0.030        39172040007445    2.9244490   29.1554150   00h11m41.87s   29d09m19.49s      2               0    3.895027e-07         124         114          96        16.874            0.017     16.906         16.904   16.909       16.905    0.026       0.013        22934024000336    2.9244500   29.1554170        3917      4   56987.196747200        2043    16.901    21.199     28.141    2.650       3.031           0      131072            0            1    22934024 
   56987.193377200        16.904        0.030        39172040007445    2.9244490   29.1554150   00h11m41.87s   29d09m19.49s      2               0    3.895027e-07         124         114          96        16.874            0.017     16.906         16.904   16.909       16.905    0.026       0.013        22934024000336    2.9244500   29.1554170        3917      4   56987.196747200        2043    16.901    21.199     28.141    2.650       3.031           0      131072            0            1    22934024 
