   55058.477927200        18.857        0.053        39172040008031    2.8748940   29.0857890   00h11m29.97s   29d05m08.84s      2               0    5.928350e-07         123         123         103        18.760            0.012     18.818         18.816   18.839       18.837    0.098       0.103        12037481000958    2.8748800   29.0857730        3917      4   55058.481217200         172    18.813    21.682     27.807    1.950       2.978           0      131072            0            1    12037481 
   55058.477927200        18.857        0.053        39172040008031    2.8748940   29.0857890   00h11m29.97s   29d05m08.84s      2               0    5.928350e-07         123         123         103        18.760            0.012     18.818         18.816   18.839       18.837    0.098       0.103        12037481000958    2.8748800   29.0857730        3917      4   55058.481217200         172    18.813    21.682     27.807    1.950       2.978           0      131072            0            1    12037481 
   55058.485797200        18.804        0.052        39172040008031    2.8748940   29.0857890   00h11m29.97s   29d05m08.84s      2               0    5.928350e-07         123         123         103        18.760            0.012     18.818         18.816   18.839       18.837    0.098       0.103        12037464000956    2.8748700   29.0857840        3917      4   55058.489097200         172    18.757    21.676     27.806    1.950       3.082           0      131072            0            1    12037464 
   55058.485797200        18.804        0.052        39172040008031    2.8748940   29.0857890   00h11m29.97s   29d05m08.84s      2               0    5.928350e-07         123         123         103        18.760            0.012     18.818         18.816   18.839       18.837    0.098       0.103        12037464000956    2.8748700   29.0857840        3917      4   55058.489097200         172    18.757    21.676     27.806    1.950       3.082           0      131072            0            1    12037464 
   55067.439387200        18.945        0.184        39172040008031    2.8748940   29.0857890   00h11m29.97s   29d05m08.84s      2               0    5.928350e-07         123         123         103        18.760            0.012     18.818         18.816   18.839       18.837    0.098       0.103        11882062000498    2.8748570   29.0857690        3917      4   55067.443257200         181    19.128    20.775     27.701    3.650       5.399           0      131072            0            1    11882062 
   55067.439387200        18.945        0.184        39172040008031    2.8748940   29.0857890   00h11m29.97s   29d05m08.84s      2               0    5.928350e-07         123         123         103        18.760            0.012     18.818         18.816   18.839       18.837    0.098       0.103        11882062000498    2.8748570   29.0857690        3917      4   55067.443257200         181    19.128    20.775     27.701    3.650       5.399           0      131072            0            1    11882062 
   55088.439507200        18.802        0.049        39172040008031    2.8748940   29.0857890   00h11m29.97s   29d05m08.84s      2               0    5.928350e-07         123         123         103        18.760            0.012     18.818         18.816   18.839       18.837    0.098       0.103        11841248000885    2.8748370   29.0858050        3917      4   55088.444357200         200    18.786    21.848     27.814    1.850       2.826           0      131072            0            1    11841248 
   55088.439507200        18.802        0.049        39172040008031    2.8748940   29.0857890   00h11m29.97s   29d05m08.84s      2               0    5.928350e-07         123         123         103        18.760            0.012     18.818         18.816   18.839       18.837    0.098       0.103        11841248000885    2.8748370   29.0858050        3917      4   55088.444357200         200    18.786    21.848     27.814    1.850       2.826           0      131072            0            1    11841248 
   55088.483307200        18.825        0.050        39172040008031    2.8748940   29.0857890   00h11m29.97s   29d05m08.84s      2               0    5.928350e-07         123         123         103        18.760            0.012     18.818         18.816   18.839       18.837    0.098       0.103        11841455000800    2.8748260   29.0857710        3917      4   55088.488167200         200    18.803    21.630     27.791    2.050       2.919           0      131072            0            1    11841455 
   55088.483307200        18.825        0.050        39172040008031    2.8748940   29.0857890   00h11m29.97s   29d05m08.84s      2               0    5.928350e-07         123         123         103        18.760            0.012     18.818         18.816   18.839       18.837    0.098       0.103        11841455000800    2.8748260   29.0857710        3917      4   55088.488167200         200    18.803    21.630     27.791    2.050       2.919           0      131072            0            1    11841455 
   55403.272277200        19.373        0.142        39172040008031    2.8748940   29.0857890   00h11m29.97s   29d05m08.84s      2               0    5.928350e-07         123         123         103        18.760            0.012     18.818         18.816   18.839       18.837    0.098       0.103        11303744000371    2.8747990   29.0857610        3917      4   55403.274017200         502    19.320    19.611     27.855    2.950       4.679           0      131072            0            1    11303744 
   55403.272277200        19.373        0.142        39172040008031    2.8748940   29.0857890   00h11m29.97s   29d05m08.84s      2               0    5.928350e-07         123         123         103        18.760            0.012     18.818         18.816   18.839       18.837    0.098       0.103        11303744000371    2.8747990   29.0857610        3917      4   55403.274017200         502    19.320    19.611     27.855    2.950       4.679           0      131072            0            1    11303744 
   55403.315547200        18.804        0.103        39172040008031    2.8748940   29.0857890   00h11m29.97s   29d05m08.84s      2               0    5.928350e-07         123         123         103        18.760            0.012     18.818         18.816   18.839       18.837    0.098       0.103        11304220000512    2.8747840   29.0857960        3917      4   55403.317287200         502    18.755    20.186     27.964    2.250       2.718           0      131072            0            1    11304220 
   55403.315547200        18.804        0.103        39172040008031    2.8748940   29.0857890   00h11m29.97s   29d05m08.84s      2               0    5.928350e-07         123         123         103        18.760            0.012     18.818         18.816   18.839       18.837    0.098       0.103        11304220000512    2.8747840   29.0857960        3917      4   55403.317287200         502    18.755    20.186     27.964    2.250       2.718           0      131072            0            1    11304220 
   55417.289387200        18.805        0.295        39172040008031    2.8748940   29.0857890   00h11m29.97s   29d05m08.84s      2               0    5.928350e-07         123         123         103        18.760            0.012     18.818         18.816   18.839       18.837    0.098       0.103        11124050000684    2.8748050   29.0857990        3917      4   55417.292217200         516    18.849    20.431     27.098    3.950       4.100           0      131072            0            1    11124050 
   55417.289387200        18.805        0.295        39172040008031    2.8748940   29.0857890   00h11m29.97s   29d05m08.84s      2               0    5.928350e-07         123         123         103        18.760            0.012     18.818         18.816   18.839       18.837    0.098       0.103        11124050000684    2.8748050   29.0857990        3917      4   55417.292217200         516    18.849    20.431     27.098    3.950       4.100           0      131072            0            1    11124050 
   55417.333867200        18.825        0.294        39172040008031    2.8748940   29.0857890   00h11m29.97s   29d05m08.84s      2               0    5.928350e-07         123         123         103        18.760            0.012     18.818         18.816   18.839       18.837    0.098       0.103        11124097000765    2.8748200   29.0858280        3917      4   55417.336707200         516    18.886    20.850     27.138    3.050       3.354           0      131072            0            1    11124097 
   55417.333867200        18.825        0.294        39172040008031    2.8748940   29.0857890   00h11m29.97s   29d05m08.84s      2               0    5.928350e-07         123         123         103        18.760            0.012     18.818         18.816   18.839       18.837    0.098       0.103        11124097000765    2.8748200   29.0858280        3917      4   55417.336707200         516    18.886    20.850     27.138    3.050       3.354           0      131072            0            1    11124097 
   55420.291207200        18.959        0.163        39172040008031    2.8748940   29.0857890   00h11m29.97s   29d05m08.84s      2               0    5.928350e-07         123         123         103        18.760            0.012     18.818         18.816   18.839       18.837    0.098       0.103        11153566000671    2.8748280   29.0858270        3917      4   55420.294257200         519    18.868    20.305     27.232    4.450       4.968           0      131072            0            1    11153566 
   55420.291207200        18.959        0.163        39172040008031    2.8748940   29.0857890   00h11m29.97s   29d05m08.84s      2               0    5.928350e-07         123         123         103        18.760            0.012     18.818         18.816   18.839       18.837    0.098       0.103        11153566000671    2.8748280   29.0858270        3917      4   55420.294257200         519    18.868    20.305     27.232    4.450       4.968           0      131072            0            1    11153566 
   55420.334547200        18.779        0.160        39172040008031    2.8748940   29.0857890   00h11m29.97s   29d05m08.84s      2               0    5.928350e-07         123         123         103        18.760            0.012     18.818         18.816   18.839       18.837    0.098       0.103        11153680000723    2.8748430   29.0858190        3917      4   55420.337607200         519    18.807    20.561     27.280    4.150       5.064           0      131072            0            1    11153680 
   55420.334547200        18.779        0.160        39172040008031    2.8748940   29.0857890   00h11m29.97s   29d05m08.84s      2               0    5.928350e-07         123         123         103        18.760            0.012     18.818         18.816   18.839       18.837    0.098       0.103        11153680000723    2.8748430   29.0858190        3917      4   55420.337607200         519    18.807    20.561     27.280    4.150       5.064           0      131072            0            1    11153680 
   55423.363367200        18.810        0.065        39172040008031    2.8748940   29.0857890   00h11m29.97s   29d05m08.84s      2               0    5.928350e-07         123         123         103        18.760            0.012     18.818         18.816   18.839       18.837    0.098       0.103        11145584001107    2.8748520   29.0858080        3917      4   55423.366637200         522    18.792    21.933     28.142    1.850       2.746           0      131072            0            1    11145584 
   55423.363367200        18.810        0.065        39172040008031    2.8748940   29.0857890   00h11m29.97s   29d05m08.84s      2               0    5.928350e-07         123         123         103        18.760            0.012     18.818         18.816   18.839       18.837    0.098       0.103        11145584001107    2.8748520   29.0858080        3917      4   55423.366637200         522    18.792    21.933     28.142    1.850       2.746           0      131072            0            1    11145584 
   55423.425467200        18.807        0.064        39172040008031    2.8748940   29.0857890   00h11m29.97s   29d05m08.84s      2               0    5.928350e-07         123         123         103        18.760            0.012     18.818         18.816   18.839       18.837    0.098       0.103        11145685001136    2.8747990   29.0858280        3917      4   55423.428737200         522    18.787    21.789     28.137    2.250       3.440           0      131072            0            1    11145685 
   55423.425467200        18.807        0.064        39172040008031    2.8748940   29.0857890   00h11m29.97s   29d05m08.84s      2               0    5.928350e-07         123         123         103        18.760            0.012     18.818         18.816   18.839       18.837    0.098       0.103        11145685001136    2.8747990   29.0858280        3917      4   55423.428737200         522    18.787    21.789     28.137    2.250       3.440           0      131072            0            1    11145685 
   55426.467687200        18.942        0.270        39172040008031    2.8748940   29.0857890   00h11m29.97s   29d05m08.84s      2               0    5.928350e-07         123         123         103        18.760            0.012     18.818         18.816   18.839       18.837    0.098       0.103        11199660000911    2.8748310   29.0858030        3917      4   55426.471157200         525    18.849    21.616     27.838    1.450       2.591           0      131072            0            1    11199660 
   55426.467687200        18.942        0.270        39172040008031    2.8748940   29.0857890   00h11m29.97s   29d05m08.84s      2               0    5.928350e-07         123         123         103        18.760            0.012     18.818         18.816   18.839       18.837    0.098       0.103        11199660000911    2.8748310   29.0858030        3917      4   55426.471157200         525    18.849    21.616     27.838    1.450       2.591           0      131072            0            1    11199660 
   55429.453037200        18.873        0.104        39172040008031    2.8748940   29.0857890   00h11m29.97s   29d05m08.84s      2               0    5.928350e-07         123         123         103        18.760            0.012     18.818         18.816   18.839       18.837    0.098       0.103        11195630001182    2.8748300   29.0858480        3917      4   55429.456697200         528    18.755    22.083     28.068    1.450       2.633           0      131072            0            1    11195630 
   55429.453037200        18.873        0.104        39172040008031    2.8748940   29.0857890   00h11m29.97s   29d05m08.84s      2               0    5.928350e-07         123         123         103        18.760            0.012     18.818         18.816   18.839       18.837    0.098       0.103        11195630001182    2.8748300   29.0858480        3917      4   55429.456697200         528    18.755    22.083     28.068    1.450       2.633           0      131072            0            1    11195630 
   55429.495787200        18.817        0.104        39172040008031    2.8748940   29.0857890   00h11m29.97s   29d05m08.84s      2               0    5.928350e-07         123         123         103        18.760            0.012     18.818         18.816   18.839       18.837    0.098       0.103        11195676001139    2.8748250   29.0858230        3917      4   55429.499457200         528    18.699    21.959     28.065    1.550       2.731           0      131072            0            1    11195676 
   55429.495787200        18.817        0.104        39172040008031    2.8748940   29.0857890   00h11m29.97s   29d05m08.84s      2               0    5.928350e-07         123         123         103        18.760            0.012     18.818         18.816   18.839       18.837    0.098       0.103        11195676001139    2.8748250   29.0858230        3917      4   55429.499457200         528    18.699    21.959     28.065    1.550       2.731           0      131072            0            1    11195676 
   55438.308847200        19.032        0.075        39172040008031    2.8748940   29.0857890   00h11m29.97s   29d05m08.84s      2               0    5.928350e-07         123         123         103        18.760            0.012     18.818         18.816   18.839       18.837    0.098       0.103        11218935000638    2.8748190   29.0857860        3917      4   55438.313027200         606    19.013    20.738     28.106    2.450       3.779           0      131072            0            1    11218935 
   55438.308847200        19.032        0.075        39172040008031    2.8748940   29.0857890   00h11m29.97s   29d05m08.84s      2               0    5.928350e-07         123         123         103        18.760            0.012     18.818         18.816   18.839       18.837    0.098       0.103        11218935000638    2.8748190   29.0857860        3917      4   55438.313027200         606    19.013    20.738     28.106    2.450       3.779           0      131072            0            1    11218935 
   55438.410817200        18.762        0.059        39172040008031    2.8748940   29.0857890   00h11m29.97s   29d05m08.84s      2               0    5.928350e-07         123         123         103        18.760            0.012     18.818         18.816   18.839       18.837    0.098       0.103        11218987000718    2.8748630   29.0857310        3917      4   55438.415007200         606    18.741    21.077     28.121    2.050       3.898           0      131072            0            1    11218987 
   55438.410817200        18.762        0.059        39172040008031    2.8748940   29.0857890   00h11m29.97s   29d05m08.84s      2               0    5.928350e-07         123         123         103        18.760            0.012     18.818         18.816   18.839       18.837    0.098       0.103        11218987000718    2.8748630   29.0857310        3917      4   55438.415007200         606    18.741    21.077     28.121    2.050       3.898           0      131072            0            1    11218987 
   55441.486807200        18.769        0.054        39172040008031    2.8748940   29.0857890   00h11m29.97s   29d05m08.84s      2               0    5.928350e-07         123         123         103        18.760            0.012     18.818         18.816   18.839       18.837    0.098       0.103        10902841000986    2.8748400   29.0857750        3917      4   55441.491157200         536    18.770    21.688     28.158    1.950       2.837           0      131072            0            1    10902841 
   55441.486807200        18.769        0.054        39172040008031    2.8748940   29.0857890   00h11m29.97s   29d05m08.84s      2               0    5.928350e-07         123         123         103        18.760            0.012     18.818         18.816   18.839       18.837    0.098       0.103        10902841000986    2.8748400   29.0857750        3917      4   55441.491157200         536    18.770    21.688     28.158    1.950       2.837           0      131072            0            1    10902841 
   55445.234157200        18.810        0.045        39172040008031    2.8748940   29.0857890   00h11m29.97s   29d05m08.84s      2               0    5.928350e-07         123         123         103        18.760            0.012     18.818         18.816   18.839       18.837    0.098       0.103        10916588000990    2.8748240   29.0857830        3917      4   55445.238677200         540    18.815    21.555     28.135    2.350       3.181           0      131072            0            1    10916588 
   55445.234157200        18.810        0.045        39172040008031    2.8748940   29.0857890   00h11m29.97s   29d05m08.84s      2               0    5.928350e-07         123         123         103        18.760            0.012     18.818         18.816   18.839       18.837    0.098       0.103        10916588000990    2.8748240   29.0857830        3917      4   55445.238677200         540    18.815    21.555     28.135    2.350       3.181           0      131072            0            1    10916588 
   55445.280567200        18.822        0.043        39172040008031    2.8748940   29.0857890   00h11m29.97s   29d05m08.84s      2               0    5.928350e-07         123         123         103        18.760            0.012     18.818         18.816   18.839       18.837    0.098       0.103        10916546001082    2.8748040   29.0857860        3917      4   55445.285097200         540    18.820    21.866     28.153    1.950       3.079           0      131072            0            1    10916546 
   55445.280567200        18.822        0.043        39172040008031    2.8748940   29.0857890   00h11m29.97s   29d05m08.84s      2               0    5.928350e-07         123         123         103        18.760            0.012     18.818         18.816   18.839       18.837    0.098       0.103        10916546001082    2.8748040   29.0857860        3917      4   55445.285097200         540    18.820    21.866     28.153    1.950       3.079           0      131072            0            1    10916546 
   55457.321617200        18.741        0.081        39172040008031    2.8748940   29.0857890   00h11m29.97s   29d05m08.84s      2               0    5.928350e-07         123         123         103        18.760            0.012     18.818         18.816   18.839       18.837    0.098       0.103        10957572000828    2.8747820   29.0857990        3917      4   55457.326587200         552    18.732    21.310     28.165    2.250       3.437           0      131072            0            1    10957572 
   55457.321617200        18.741        0.081        39172040008031    2.8748940   29.0857890   00h11m29.97s   29d05m08.84s      2               0    5.928350e-07         123         123         103        18.760            0.012     18.818         18.816   18.839       18.837    0.098       0.103        10957572000828    2.8747820   29.0857990        3917      4   55457.326587200         552    18.732    21.310     28.165    2.250       3.437           0      131072            0            1    10957572 
   55460.337967200        18.849        0.071        39172040008031    2.8748940   29.0857890   00h11m29.97s   29d05m08.84s      2               0    5.928350e-07         123         123         103        18.760            0.012     18.818         18.816   18.839       18.837    0.098       0.103        12790045000524    2.8748630   29.0858760        3917      4   55460.343007200         557    18.851    19.781     28.184    5.650       6.423           0      131072            0            1    12790045 
   55460.337967200        18.849        0.071        39172040008031    2.8748940   29.0857890   00h11m29.97s   29d05m08.84s      2               0    5.928350e-07         123         123         103        18.760            0.012     18.818         18.816   18.839       18.837    0.098       0.103        12790045000524    2.8748630   29.0858760        3917      4   55460.343007200         557    18.851    19.781     28.184    5.650       6.423           0      131072            0            1    12790045 
   55460.382487200        18.973        0.067        39172040008031    2.8748940   29.0857890   00h11m29.97s   29d05m08.84s      2               0    5.928350e-07         123         123         103        18.760            0.012     18.818         18.816   18.839       18.837    0.098       0.103        12790163000636    2.8748510   29.0857840        3917      4   55460.387537200         557    18.982    20.904     28.180    1.950       2.971           0      131072            0            1    12790163 
   55460.382487200        18.973        0.067        39172040008031    2.8748940   29.0857890   00h11m29.97s   29d05m08.84s      2               0    5.928350e-07         123         123         103        18.760            0.012     18.818         18.816   18.839       18.837    0.098       0.103        12790163000636    2.8748510   29.0857840        3917      4   55460.387537200         557    18.982    20.904     28.180    1.950       2.971           0      131072            0            1    12790163 
   55465.381167200        18.554        0.079        39172040008031    2.8748940   29.0857890   00h11m29.97s   29d05m08.84s      2               0    5.928350e-07         123         123         103        18.760            0.012     18.818         18.816   18.839       18.837    0.098       0.103        11073457000537    2.8747150   29.0858870        3917      4   55465.386317200         563    18.569    20.553     28.129    2.150       3.757           0      131072            0            1    11073457 
   55465.381167200        18.554        0.079        39172040008031    2.8748940   29.0857890   00h11m29.97s   29d05m08.84s      2               0    5.928350e-07         123         123         103        18.760            0.012     18.818         18.816   18.839       18.837    0.098       0.103        11073457000537    2.8747150   29.0858870        3917      4   55465.386317200         563    18.569    20.553     28.129    2.150       3.757           0      131072            0            1    11073457 
   55465.425047200        18.923        0.085        39172040008031    2.8748940   29.0857890   00h11m29.97s   29d05m08.84s      2               0    5.928350e-07         123         123         103        18.760            0.012     18.818         18.816   18.839       18.837    0.098       0.103        11073532000519    2.8747730   29.0857860        3917      4   55465.430197200         563    18.940    20.554     28.115    2.050       3.925           0      131072            0            1    11073532 
   55465.425047200        18.923        0.085        39172040008031    2.8748940   29.0857890   00h11m29.97s   29d05m08.84s      2               0    5.928350e-07         123         123         103        18.760            0.012     18.818         18.816   18.839       18.837    0.098       0.103        11073532000519    2.8747730   29.0857860        3917      4   55465.430197200         563    18.940    20.554     28.115    2.050       3.925           0      131072            0            1    11073532 
   55469.112767200        18.813        0.314        39172040008031    2.8748940   29.0857890   00h11m29.97s   29d05m08.84s      2               0    5.928350e-07         123         123         103        18.760            0.012     18.818         18.816   18.839       18.837    0.098       0.103        11066823000471    2.8748120   29.0857790        3917      4   55469.117967200         583    18.372    19.727     26.887    2.350       3.549           0      131072            0            1    11066823 
   55469.112767200        18.813        0.314        39172040008031    2.8748940   29.0857890   00h11m29.97s   29d05m08.84s      2               0    5.928350e-07         123         123         103        18.760            0.012     18.818         18.816   18.839       18.837    0.098       0.103        11066823000471    2.8748120   29.0857790        3917      4   55469.117967200         583    18.372    19.727     26.887    2.350       3.549           0      131072            0            1    11066823 
   55469.159337200        18.776        0.336        39172040008031    2.8748940   29.0857890   00h11m29.97s   29d05m08.84s      2               0    5.928350e-07         123         123         103        18.760            0.012     18.818         18.816   18.839       18.837    0.098       0.103        11066804000378    2.8748030   29.0858120        3917      4   55469.164537200         583    19.252    20.354     27.302    2.050       5.002           0      131072            0            1    11066804 
   55469.159337200        18.776        0.336        39172040008031    2.8748940   29.0857890   00h11m29.97s   29d05m08.84s      2               0    5.928350e-07         123         123         103        18.760            0.012     18.818         18.816   18.839       18.837    0.098       0.103        11066804000378    2.8748030   29.0858120        3917      4   55469.164537200         583    19.252    20.354     27.302    2.050       5.002           0      131072            0            1    11066804 
   55480.409267200        18.822        0.042        39172040008031    2.8748940   29.0857890   00h11m29.97s   29d05m08.84s      2               0    5.928350e-07         123         123         103        18.760            0.012     18.818         18.816   18.839       18.837    0.098       0.103        12806267000966    2.8748380   29.0858030        3917      4   55480.414497200         574    18.839    21.581     28.136    2.250       3.178           0      131072            0            1    12806267 
   55480.409267200        18.822        0.042        39172040008031    2.8748940   29.0857890   00h11m29.97s   29d05m08.84s      2               0    5.928350e-07         123         123         103        18.760            0.012     18.818         18.816   18.839       18.837    0.098       0.103        12806267000966    2.8748380   29.0858030        3917      4   55480.414497200         574    18.839    21.581     28.136    2.250       3.178           0      131072            0            1    12806267 
   55480.459147200        18.835        0.049        39172040008031    2.8748940   29.0857890   00h11m29.97s   29d05m08.84s      2               0    5.928350e-07         123         123         103        18.760            0.012     18.818         18.816   18.839       18.837    0.098       0.103        12806493000819    2.8748610   29.0857920        3917      4   55480.464367200         574    18.842    21.271     28.080    2.350       3.252           0      131072            0            1    12806493 
   55480.459147200        18.835        0.049        39172040008031    2.8748940   29.0857890   00h11m29.97s   29d05m08.84s      2               0    5.928350e-07         123         123         103        18.760            0.012     18.818         18.816   18.839       18.837    0.098       0.103        12806493000819    2.8748610   29.0857920        3917      4   55480.464367200         574    18.842    21.271     28.080    2.350       3.252           0      131072            0            1    12806493 
   55483.411547200        18.795        0.050        39172040008031    2.8748940   29.0857890   00h11m29.97s   29d05m08.84s      2               0    5.928350e-07         123         123         103        18.760            0.012     18.818         18.816   18.839       18.837    0.098       0.103        10854033000915    2.8748390   29.0857840        3917      4   55483.416747200         577    18.785    21.315     28.070    2.650       3.504           0      131072            0            1    10854033 
   55483.411547200        18.795        0.050        39172040008031    2.8748940   29.0857890   00h11m29.97s   29d05m08.84s      2               0    5.928350e-07         123         123         103        18.760            0.012     18.818         18.816   18.839       18.837    0.098       0.103        10854033000915    2.8748390   29.0857840        3917      4   55483.416747200         577    18.785    21.315     28.070    2.650       3.504           0      131072            0            1    10854033 
   55483.456477200        18.821        0.053        39172040008031    2.8748940   29.0857890   00h11m29.97s   29d05m08.84s      2               0    5.928350e-07         123         123         103        18.760            0.012     18.818         18.816   18.839       18.837    0.098       0.103        10853964000843    2.8748370   29.0857410        3917      4   55483.461677200         577    18.792    21.259     27.990    2.250       3.225           0      131072            0            1    10853964 
   55483.456477200        18.821        0.053        39172040008031    2.8748940   29.0857890   00h11m29.97s   29d05m08.84s      2               0    5.928350e-07         123         123         103        18.760            0.012     18.818         18.816   18.839       18.837    0.098       0.103        10853964000843    2.8748370   29.0857410        3917      4   55483.461677200         577    18.792    21.259     27.990    2.250       3.225           0      131072            0            1    10853964 
   55497.368037200        18.791        0.067        39172040008031    2.8748940   29.0857890   00h11m29.97s   29d05m08.84s      2               0    5.928350e-07         123         123         103        18.760            0.012     18.818         18.816   18.839       18.837    0.098       0.103        12678460000678    2.8748380   29.0857810        3917      4   55497.372927200         592    18.779    20.801     28.104    2.850       3.744           0      131072            0            1    12678460 
   55497.368037200        18.791        0.067        39172040008031    2.8748940   29.0857890   00h11m29.97s   29d05m08.84s      2               0    5.928350e-07         123         123         103        18.760            0.012     18.818         18.816   18.839       18.837    0.098       0.103        12678460000678    2.8748380   29.0857810        3917      4   55497.372927200         592    18.779    20.801     28.104    2.850       3.744           0      131072            0            1    12678460 
   55497.413657200        18.993        0.076        39172040008031    2.8748940   29.0857890   00h11m29.97s   29d05m08.84s      2               0    5.928350e-07         123         123         103        18.760            0.012     18.818         18.816   18.839       18.837    0.098       0.103        12678599000555    2.8748330   29.0858860        3917      4   55497.418547200         592    18.970    20.356     28.058    3.450       4.035           0      131072            0            1    12678599 
   55497.413657200        18.993        0.076        39172040008031    2.8748940   29.0857890   00h11m29.97s   29d05m08.84s      2               0    5.928350e-07         123         123         103        18.760            0.012     18.818         18.816   18.839       18.837    0.098       0.103        12678599000555    2.8748330   29.0858860        3917      4   55497.418547200         592    18.970    20.356     28.058    3.450       4.035           0      131072            0            1    12678599 
   56202.272197200        18.797        0.072        39172040008031    2.8748940   29.0857890   00h11m29.97s   29d05m08.84s      2               0    5.928350e-07         123         123         103        18.760            0.012     18.818         18.816   18.839       18.837    0.098       0.103        14271796000507    2.8749200   29.0857950        3917      4   56202.277427200        1299    18.826    20.853     28.195    1.650       3.762           0      131072            0            1    14271796 
   56202.272197200        18.797        0.072        39172040008031    2.8748940   29.0857890   00h11m29.97s   29d05m08.84s      2               0    5.928350e-07         123         123         103        18.760            0.012     18.818         18.816   18.839       18.837    0.098       0.103        14271796000507    2.8749200   29.0857950        3917      4   56202.277427200        1299    18.826    20.853     28.195    1.650       3.762           0      131072            0            1    14271796 
   56202.301727200        18.863        0.074        39172040008031    2.8748940   29.0857890   00h11m29.97s   29d05m08.84s      2               0    5.928350e-07         123         123         103        18.760            0.012     18.818         18.816   18.839       18.837    0.098       0.103        14271817000505    2.8748860   29.0857750        3917      4   56202.306947200        1299    18.890    20.736     28.198    1.950       3.554           0      131072            0            1    14271817 
   56202.301727200        18.863        0.074        39172040008031    2.8748940   29.0857890   00h11m29.97s   29d05m08.84s      2               0    5.928350e-07         123         123         103        18.760            0.012     18.818         18.816   18.839       18.837    0.098       0.103        14271817000505    2.8748860   29.0857750        3917      4   56202.306947200        1299    18.890    20.736     28.198    1.950       3.554           0      131072            0            1    14271817 
   56203.124967200        18.911        0.057        39172040008031    2.8748940   29.0857890   00h11m29.97s   29d05m08.84s      2               0    5.928350e-07         123         123         103        18.760            0.012     18.818         18.816   18.839       18.837    0.098       0.103        14293335000685    2.8749180   29.0857970        3917      4   56203.130197200        1300    18.925    21.074     28.102    2.050       3.221           0      131072            0            1    14293335 
   56203.124967200        18.911        0.057        39172040008031    2.8748940   29.0857890   00h11m29.97s   29d05m08.84s      2               0    5.928350e-07         123         123         103        18.760            0.012     18.818         18.816   18.839       18.837    0.098       0.103        14293335000685    2.8749180   29.0857970        3917      4   56203.130197200        1300    18.925    21.074     28.102    2.050       3.221           0      131072            0            1    14293335 
   56203.154177200        18.724        0.060        39172040008031    2.8748940   29.0857890   00h11m29.97s   29d05m08.84s      2               0    5.928350e-07         123         123         103        18.760            0.012     18.818         18.816   18.839       18.837    0.098       0.103        14293350000622    2.8748680   29.0857450        3917      4   56203.159407200        1300    18.728    21.071     28.135    1.550       2.830           0      131072            0            1    14293350 
   56203.154177200        18.724        0.060        39172040008031    2.8748940   29.0857890   00h11m29.97s   29d05m08.84s      2               0    5.928350e-07         123         123         103        18.760            0.012     18.818         18.816   18.839       18.837    0.098       0.103        14293350000622    2.8748680   29.0857450        3917      4   56203.159407200        1300    18.728    21.071     28.135    1.550       2.830           0      131072            0            1    14293350 
   56203.161037200        18.899        0.068        39172040008031    2.8748940   29.0857890   00h11m29.97s   29d05m08.84s      2               0    5.928350e-07         123         123         103        18.760            0.012     18.818         18.816   18.839       18.837    0.098       0.103        14293360000593    2.8748650   29.0857800        3917      4   56203.166267200        1300    18.902    20.819     28.141    1.950       3.159           0      131072            0            1    14293360 
   56203.161037200        18.899        0.068        39172040008031    2.8748940   29.0857890   00h11m29.97s   29d05m08.84s      2               0    5.928350e-07         123         123         103        18.760            0.012     18.818         18.816   18.839       18.837    0.098       0.103        14293360000593    2.8748650   29.0857800        3917      4   56203.166267200        1300    18.902    20.819     28.141    1.950       3.159           0      131072            0            1    14293360 
   56206.265187200        18.725        0.132        39172040008031    2.8748940   29.0857890   00h11m29.97s   29d05m08.84s      2               0    5.928350e-07         123         123         103        18.760            0.012     18.818         18.816   18.839       18.837    0.098       0.103        14339547000845    2.8749020   29.0857890        3917      4   56206.270427200        1303    18.641    21.161     28.098    2.550       3.543           0      131072            0            1    14339547 
   56206.265187200        18.725        0.132        39172040008031    2.8748940   29.0857890   00h11m29.97s   29d05m08.84s      2               0    5.928350e-07         123         123         103        18.760            0.012     18.818         18.816   18.839       18.837    0.098       0.103        14339547000845    2.8749020   29.0857890        3917      4   56206.270427200        1303    18.641    21.161     28.098    2.550       3.543           0      131072            0            1    14339547 
   56206.331307200        18.993        0.158        39172040008031    2.8748940   29.0857890   00h11m29.97s   29d05m08.84s      2               0    5.928350e-07         123         123         103        18.760            0.012     18.818         18.816   18.839       18.837    0.098       0.103        14339595000402    2.8748770   29.0858770        3917      4   56206.336547200        1303    19.413    20.435     27.967    2.450       3.928           0      131072            0            1    14339595 
   56206.331307200        18.993        0.158        39172040008031    2.8748940   29.0857890   00h11m29.97s   29d05m08.84s      2               0    5.928350e-07         123         123         103        18.760            0.012     18.818         18.816   18.839       18.837    0.098       0.103        14339595000402    2.8748770   29.0858770        3917      4   56206.336547200        1303    19.413    20.435     27.967    2.450       3.928           0      131072            0            1    14339595 
   56225.252187200        18.791        0.059        39172040008031    2.8748940   29.0857890   00h11m29.97s   29d05m08.84s      2               0    5.928350e-07         123         123         103        18.760            0.012     18.818         18.816   18.839       18.837    0.098       0.103        14413361000618    2.8748600   29.0857490        3917      4   56225.257157200        1312    18.789    21.009     28.186    2.150       3.691           0      131072            0            1    14413361 
   56225.252187200        18.791        0.059        39172040008031    2.8748940   29.0857890   00h11m29.97s   29d05m08.84s      2               0    5.928350e-07         123         123         103        18.760            0.012     18.818         18.816   18.839       18.837    0.098       0.103        14413361000618    2.8748600   29.0857490        3917      4   56225.257157200        1312    18.789    21.009     28.186    2.150       3.691           0      131072            0            1    14413361 
   56225.282167200        18.901        0.060        39172040008031    2.8748940   29.0857890   00h11m29.97s   29d05m08.84s      2               0    5.928350e-07         123         123         103        18.760            0.012     18.818         18.816   18.839       18.837    0.098       0.103        14413155000652    2.8748820   29.0858100        3917      4   56225.287137200        1312    18.897    21.078     28.190    2.050       3.410           0      131072            0            1    14413155 
   56225.282167200        18.901        0.060        39172040008031    2.8748940   29.0857890   00h11m29.97s   29d05m08.84s      2               0    5.928350e-07         123         123         103        18.760            0.012     18.818         18.816   18.839       18.837    0.098       0.103        14413155000652    2.8748820   29.0858100        3917      4   56225.287137200        1312    18.897    21.078     28.190    2.050       3.410           0      131072            0            1    14413155 
   56232.389717200        18.889        0.091        39172040008031    2.8748940   29.0857890   00h11m29.97s   29d05m08.84s      2               0    5.928350e-07         123         123         103        18.760            0.012     18.818         18.816   18.839       18.837    0.098       0.103        14645050000567    2.8748390   29.0858130        3917      4   56232.394447200        1319    18.841    20.777     28.096    1.950       3.032           0      131072            0            1    14645050 
   56232.389717200        18.889        0.091        39172040008031    2.8748940   29.0857890   00h11m29.97s   29d05m08.84s      2               0    5.928350e-07         123         123         103        18.760            0.012     18.818         18.816   18.839       18.837    0.098       0.103        14645050000567    2.8748390   29.0858130        3917      4   56232.394447200        1319    18.841    20.777     28.096    1.950       3.032           0      131072            0            1    14645050 
   56234.358967200        18.964        0.066        39172040008031    2.8748940   29.0857890   00h11m29.97s   29d05m08.84s      2               0    5.928350e-07         123         123         103        18.760            0.012     18.818         18.816   18.839       18.837    0.098       0.103        14501756000714    2.8749030   29.0858160        3917      4   56234.363617200        1321    18.938    21.000     28.127    2.250       3.444           0      131072            0            1    14501756 
   56234.358967200        18.964        0.066        39172040008031    2.8748940   29.0857890   00h11m29.97s   29d05m08.84s      2               0    5.928350e-07         123         123         103        18.760            0.012     18.818         18.816   18.839       18.837    0.098       0.103        14501756000714    2.8749030   29.0858160        3917      4   56234.363617200        1321    18.938    21.000     28.127    2.250       3.444           0      131072            0            1    14501756 
   56234.388377200        18.768        0.082        39172040008031    2.8748940   29.0857890   00h11m29.97s   29d05m08.84s      2               0    5.928350e-07         123         123         103        18.760            0.012     18.818         18.816   18.839       18.837    0.098       0.103        14501778000584    2.8748390   29.0858170        3917      4   56234.393027200        1321    18.829    20.832     28.101    2.150       3.193           0      131072            0            1    14501778 
   56234.388377200        18.768        0.082        39172040008031    2.8748940   29.0857890   00h11m29.97s   29d05m08.84s      2               0    5.928350e-07         123         123         103        18.760            0.012     18.818         18.816   18.839       18.837    0.098       0.103        14501778000584    2.8748390   29.0858170        3917      4   56234.393027200        1321    18.829    20.832     28.101    2.150       3.193           0      131072            0            1    14501778 
   56236.387877200        18.871        0.062        39172040008031    2.8748940   29.0857890   00h11m29.97s   29d05m08.84s      2               0    5.928350e-07         123         123         103        18.760            0.012     18.818         18.816   18.839       18.837    0.098       0.103        14529199000608    2.8748810   29.0857900        3917      4   56236.392437200        1323    18.853    20.904     28.113    2.450       3.298           0      131072            0            1    14529199 
   56236.387877200        18.871        0.062        39172040008031    2.8748940   29.0857890   00h11m29.97s   29d05m08.84s      2               0    5.928350e-07         123         123         103        18.760            0.012     18.818         18.816   18.839       18.837    0.098       0.103        14529199000608    2.8748810   29.0857900        3917      4   56236.392437200        1323    18.853    20.904     28.113    2.450       3.298           0      131072            0            1    14529199 
   56236.396457200        18.926        0.069        39172040008031    2.8748940   29.0857890   00h11m29.97s   29d05m08.84s      2               0    5.928350e-07         123         123         103        18.760            0.012     18.818         18.816   18.839       18.837    0.098       0.103        14529202000536    2.8748810   29.0858080        3917      4   56236.401017200        1323    18.917    20.697     28.100    2.850       4.683           0      131072            0            1    14529202 
   56236.396457200        18.926        0.069        39172040008031    2.8748940   29.0857890   00h11m29.97s   29d05m08.84s      2               0    5.928350e-07         123         123         103        18.760            0.012     18.818         18.816   18.839       18.837    0.098       0.103        14529202000536    2.8748810   29.0858080        3917      4   56236.401017200        1323    18.917    20.697     28.100    2.850       4.683           0      131072            0            1    14529202 
   56238.346537200        18.818        0.045        39172040008031    2.8748940   29.0857890   00h11m29.97s   29d05m08.84s      2               0    5.928350e-07         123         123         103        18.760            0.012     18.818         18.816   18.839       18.837    0.098       0.103        14570577000852    2.8748590   29.0857960        3917      4   56238.351007200        1325    18.832    21.611     28.173    1.750       2.782           0      131072            0            1    14570577 
   56238.346537200        18.818        0.045        39172040008031    2.8748940   29.0857890   00h11m29.97s   29d05m08.84s      2               0    5.928350e-07         123         123         103        18.760            0.012     18.818         18.816   18.839       18.837    0.098       0.103        14570577000852    2.8748590   29.0857960        3917      4   56238.351007200        1325    18.832    21.611     28.173    1.750       2.782           0      131072            0            1    14570577 
   56238.380917200        18.817        0.050        39172040008031    2.8748940   29.0857890   00h11m29.97s   29d05m08.84s      2               0    5.928350e-07         123         123         103        18.760            0.012     18.818         18.816   18.839       18.837    0.098       0.103        14570601000775    2.8748460   29.0857820        3917      4   56238.385377200        1325    18.832    21.383     28.143    1.850       2.761           0      131072            0            1    14570601 
   56238.380917200        18.817        0.050        39172040008031    2.8748940   29.0857890   00h11m29.97s   29d05m08.84s      2               0    5.928350e-07         123         123         103        18.760            0.012     18.818         18.816   18.839       18.837    0.098       0.103        14570601000775    2.8748460   29.0857820        3917      4   56238.385377200        1325    18.832    21.383     28.143    1.850       2.761           0      131072            0            1    14570601 
   56251.170027200        18.812        0.042        39172040008031    2.8748940   29.0857890   00h11m29.97s   29d05m08.84s      2               0    5.928350e-07         123         123         103        18.760            0.012     18.818         18.816   18.839       18.837    0.098       0.103        14655860000863    2.8748610   29.0858010        3917      4   56251.173767200        1338    18.820    21.771     28.202    1.650       3.508           0      131072            0            1    14655860 
   56251.170027200        18.812        0.042        39172040008031    2.8748940   29.0857890   00h11m29.97s   29d05m08.84s      2               0    5.928350e-07         123         123         103        18.760            0.012     18.818         18.816   18.839       18.837    0.098       0.103        14655860000863    2.8748610   29.0858010        3917      4   56251.173767200        1338    18.820    21.771     28.202    1.650       3.508           0      131072            0            1    14655860 
   56251.202787200        18.812        0.044        39172040008031    2.8748940   29.0857890   00h11m29.97s   29d05m08.84s      2               0    5.928350e-07         123         123         103        18.760            0.012     18.818         18.816   18.839       18.837    0.098       0.103        14655878000857    2.8748740   29.0857910        3917      4   56251.206537200        1338    18.821    21.590     28.200    1.950       3.229           0      131072            0            1    14655878 
   56251.202787200        18.812        0.044        39172040008031    2.8748940   29.0857890   00h11m29.97s   29d05m08.84s      2               0    5.928350e-07         123         123         103        18.760            0.012     18.818         18.816   18.839       18.837    0.098       0.103        14655878000857    2.8748740   29.0857910        3917      4   56251.206537200        1338    18.821    21.590     28.200    1.950       3.229           0      131072            0            1    14655878 
   56253.124367200        18.831        0.052        39172040008031    2.8748940   29.0857890   00h11m29.97s   29d05m08.84s      2               0    5.928350e-07         123         123         103        18.760            0.012     18.818         18.816   18.839       18.837    0.098       0.103        14674996000679    2.8749130   29.0857590        3917      4   56253.127977200        1340    18.831    21.083     28.194    2.350       3.444           0      131072            0            1    14674996 
   56253.124367200        18.831        0.052        39172040008031    2.8748940   29.0857890   00h11m29.97s   29d05m08.84s      2               0    5.928350e-07         123         123         103        18.760            0.012     18.818         18.816   18.839       18.837    0.098       0.103        14674996000679    2.8749130   29.0857590        3917      4   56253.127977200        1340    18.831    21.083     28.194    2.350       3.444           0      131072            0            1    14674996 
   56258.202457200        18.577        0.146        39172040008031    2.8748940   29.0857890   00h11m29.97s   29d05m08.84s      2               0    5.928350e-07         123         123         103        18.760            0.012     18.818         18.816   18.839       18.837    0.098       0.103        14725222000517    2.8748680   29.0858300        3917      4   56258.205717200        1345    18.536    20.421     28.138    2.550       3.899           0      131072            0            1    14725222 
   56258.202457200        18.577        0.146        39172040008031    2.8748940   29.0857890   00h11m29.97s   29d05m08.84s      2               0    5.928350e-07         123         123         103        18.760            0.012     18.818         18.816   18.839       18.837    0.098       0.103        14725222000517    2.8748680   29.0858300        3917      4   56258.205717200        1345    18.536    20.421     28.138    2.550       3.899           0      131072            0            1    14725222 
   56258.232617200        18.765        0.143        39172040008031    2.8748940   29.0857890   00h11m29.97s   29d05m08.84s      2               0    5.928350e-07         123         123         103        18.760            0.012     18.818         18.816   18.839       18.837    0.098       0.103        14725245000472    2.8749430   29.0858100        3917      4   56258.235877200        1345    18.772    20.610     28.144    1.950       2.920           0      131072            0            1    14725245 
   56258.232617200        18.765        0.143        39172040008031    2.8748940   29.0857890   00h11m29.97s   29d05m08.84s      2               0    5.928350e-07         123         123         103        18.760            0.012     18.818         18.816   18.839       18.837    0.098       0.103        14725245000472    2.8749430   29.0858100        3917      4   56258.235877200        1345    18.772    20.610     28.144    1.950       2.920           0      131072            0            1    14725245 
   56258.324367200        18.785        0.147        39172040008031    2.8748940   29.0857890   00h11m29.97s   29d05m08.84s      2               0    5.928350e-07         123         123         103        18.760            0.012     18.818         18.816   18.839       18.837    0.098       0.103        14725307000447    2.8748600   29.0857980        3917      4   56258.327617200        1345    18.792    20.374     28.123    2.150       3.952           0      131072            0            1    14725307 
   56258.324367200        18.785        0.147        39172040008031    2.8748940   29.0857890   00h11m29.97s   29d05m08.84s      2               0    5.928350e-07         123         123         103        18.760            0.012     18.818         18.816   18.839       18.837    0.098       0.103        14725307000447    2.8748600   29.0857980        3917      4   56258.327617200        1345    18.792    20.374     28.123    2.150       3.952           0      131072            0            1    14725307 
   56258.354377200        18.755        0.156        39172040008031    2.8748940   29.0857890   00h11m29.97s   29d05m08.84s      2               0    5.928350e-07         123         123         103        18.760            0.012     18.818         18.816   18.839       18.837    0.098       0.103        14725329000378    2.8748730   29.0858710        3917      4   56258.357627200        1345    18.833    20.066     28.092    2.350       6.411           0      131072            0            1    14725329 
   56258.354377200        18.755        0.156        39172040008031    2.8748940   29.0857890   00h11m29.97s   29d05m08.84s      2               0    5.928350e-07         123         123         103        18.760            0.012     18.818         18.816   18.839       18.837    0.098       0.103        14725329000378    2.8748730   29.0858710        3917      4   56258.357627200        1345    18.833    20.066     28.092    2.350       6.411           0      131072            0            1    14725329 
   56266.087657200        18.790        0.172        39172040008031    2.8748940   29.0857890   00h11m29.97s   29d05m08.84s      2               0    5.928350e-07         123         123         103        18.760            0.012     18.818         18.816   18.839       18.837    0.098       0.103        14748016000815    2.8748480   29.0858060        3917      4   56266.090327200        1353    18.608    21.590     27.940    1.550       3.100           0      131072            0            1    14748016 
   56266.087657200        18.790        0.172        39172040008031    2.8748940   29.0857890   00h11m29.97s   29d05m08.84s      2               0    5.928350e-07         123         123         103        18.760            0.012     18.818         18.816   18.839       18.837    0.098       0.103        14748016000815    2.8748480   29.0858060        3917      4   56266.090327200        1353    18.608    21.590     27.940    1.550       3.100           0      131072            0            1    14748016 
   56266.117047200        18.991        0.186        39172040008031    2.8748940   29.0857890   00h11m29.97s   29d05m08.84s      2               0    5.928350e-07         123         123         103        18.760            0.012     18.818         18.816   18.839       18.837    0.098       0.103        14748038000521    2.8748880   29.0858030        3917      4   56266.119707200        1353    19.347    21.277     27.940    1.550       3.239           0      131072            0            1    14748038 
   56266.117047200        18.991        0.186        39172040008031    2.8748940   29.0857890   00h11m29.97s   29d05m08.84s      2               0    5.928350e-07         123         123         103        18.760            0.012     18.818         18.816   18.839       18.837    0.098       0.103        14748038000521    2.8748880   29.0858030        3917      4   56266.119707200        1353    19.347    21.277     27.940    1.550       3.239           0      131072            0            1    14748038 
   56271.102937200        18.900        0.056        39172040008031    2.8748940   29.0857890   00h11m29.97s   29d05m08.84s      2               0    5.928350e-07         123         123         103        18.760            0.012     18.818         18.816   18.839       18.837    0.098       0.103        14806662000691    2.8748630   29.0858040        3917      4   56271.105187200        1358    18.910    21.349     28.161    2.650       4.176           0      131072            0            1    14806662 
   56271.102937200        18.900        0.056        39172040008031    2.8748940   29.0857890   00h11m29.97s   29d05m08.84s      2               0    5.928350e-07         123         123         103        18.760            0.012     18.818         18.816   18.839       18.837    0.098       0.103        14806662000691    2.8748630   29.0858040        3917      4   56271.105187200        1358    18.910    21.349     28.161    2.650       4.176           0      131072            0            1    14806662 
   56271.132967200        18.882        0.057        39172040008031    2.8748940   29.0857890   00h11m29.97s   29d05m08.84s      2               0    5.928350e-07         123         123         103        18.760            0.012     18.818         18.816   18.839       18.837    0.098       0.103        14806695000632    2.8748500   29.0858430        3917      4   56271.135207200        1358    18.868    21.204     28.160    3.150       4.748           0      131072            0            1    14806695 
   56271.132967200        18.882        0.057        39172040008031    2.8748940   29.0857890   00h11m29.97s   29d05m08.84s      2               0    5.928350e-07         123         123         103        18.760            0.012     18.818         18.816   18.839       18.837    0.098       0.103        14806695000632    2.8748500   29.0858430        3917      4   56271.135207200        1358    18.868    21.204     28.160    3.150       4.748           0      131072            0            1    14806695 
   56273.145617200        18.774        0.059        39172040008031    2.8748940   29.0857890   00h11m29.97s   29d05m08.84s      2               0    5.928350e-07         123         123         103        18.760            0.012     18.818         18.816   18.839       18.837    0.098       0.103        14827979000799    2.8748730   29.0857800        3917      4   56273.147687200        1360    18.780    21.391     28.195    2.450       3.730           0      131072            0            1    14827979 
   56273.145617200        18.774        0.059        39172040008031    2.8748940   29.0857890   00h11m29.97s   29d05m08.84s      2               0    5.928350e-07         123         123         103        18.760            0.012     18.818         18.816   18.839       18.837    0.098       0.103        14827979000799    2.8748730   29.0857800        3917      4   56273.147687200        1360    18.780    21.391     28.195    2.450       3.730           0      131072            0            1    14827979 
   56925.216107200        18.672        0.047        39172040008031    2.8748940   29.0857890   00h11m29.97s   29d05m08.84s      2               0    5.928350e-07         123         123         103        18.760            0.012     18.818         18.816   18.839       18.837    0.098       0.103        21525453000886    2.8749020   29.0857710        3917      4   56925.221237200        1988    18.680    21.919     28.139    1.550       3.545           0      131072            0            1    21525453 
   56925.216107200        18.672        0.047        39172040008031    2.8748940   29.0857890   00h11m29.97s   29d05m08.84s      2               0    5.928350e-07         123         123         103        18.760            0.012     18.818         18.816   18.839       18.837    0.098       0.103        21525453000886    2.8749020   29.0857710        3917      4   56925.221237200        1988    18.680    21.919     28.139    1.550       3.545           0      131072            0            1    21525453 
   56925.251577200        18.765        0.045        39172040008031    2.8748940   29.0857890   00h11m29.97s   29d05m08.84s      2               0    5.928350e-07         123         123         103        18.760            0.012     18.818         18.816   18.839       18.837    0.098       0.103        21525482000931    2.8748700   29.0857960        3917      4   56925.256707200        1988    18.774    21.906     28.151    1.650       3.162           0      131072            0            1    21525482 
   56925.251577200        18.765        0.045        39172040008031    2.8748940   29.0857890   00h11m29.97s   29d05m08.84s      2               0    5.928350e-07         123         123         103        18.760            0.012     18.818         18.816   18.839       18.837    0.098       0.103        21525482000931    2.8748700   29.0857960        3917      4   56925.256707200        1988    18.774    21.906     28.151    1.650       3.162           0      131072            0            1    21525482 
   56926.152687200        18.811        0.042        39172040008031    2.8748940   29.0857890   00h11m29.97s   29d05m08.84s      2               0    5.928350e-07         123         123         103        18.760            0.012     18.818         18.816   18.839       18.837    0.098       0.103        21534863000899    2.8749060   29.0857960        3917      4   56926.157827200        1989    18.830    21.675     28.119    1.750       2.593           0      131072            0            1    21534863 
   56926.152687200        18.811        0.042        39172040008031    2.8748940   29.0857890   00h11m29.97s   29d05m08.84s      2               0    5.928350e-07         123         123         103        18.760            0.012     18.818         18.816   18.839       18.837    0.098       0.103        21534863000899    2.8749060   29.0857960        3917      4   56926.157827200        1989    18.830    21.675     28.119    1.750       2.593           0      131072            0            1    21534863 
   56926.197187200        18.810        0.042        39172040008031    2.8748940   29.0857890   00h11m29.97s   29d05m08.84s      2               0    5.928350e-07         123         123         103        18.760            0.012     18.818         18.816   18.839       18.837    0.098       0.103        21534880000939    2.8749170   29.0857810        3917      4   56926.202337200        1989    18.828    21.862     28.146    1.650       2.850           0      131072            0            1    21534880 
   56926.197187200        18.810        0.042        39172040008031    2.8748940   29.0857890   00h11m29.97s   29d05m08.84s      2               0    5.928350e-07         123         123         103        18.760            0.012     18.818         18.816   18.839       18.837    0.098       0.103        21534880000939    2.8749170   29.0857810        3917      4   56926.202337200        1989    18.828    21.862     28.146    1.650       2.850           0      131072            0            1    21534880 
   56928.157177200        18.902        0.058        39172040008031    2.8748940   29.0857890   00h11m29.97s   29d05m08.84s      2               0    5.928350e-07         123         123         103        18.760            0.012     18.818         18.816   18.839       18.837    0.098       0.103        21559465000674    2.8749230   29.0858010        3917      4   56928.162347200        1991    18.867    21.008     28.072    2.950       4.233           0      131072            0            1    21559465 
   56928.157177200        18.902        0.058        39172040008031    2.8748940   29.0857890   00h11m29.97s   29d05m08.84s      2               0    5.928350e-07         123         123         103        18.760            0.012     18.818         18.816   18.839       18.837    0.098       0.103        21559465000674    2.8749230   29.0858010        3917      4   56928.162347200        1991    18.867    21.008     28.072    2.950       4.233           0      131072            0            1    21559465 
   56928.202387200        18.699        0.059        39172040008031    2.8748940   29.0857890   00h11m29.97s   29d05m08.84s      2               0    5.928350e-07         123         123         103        18.760            0.012     18.818         18.816   18.839       18.837    0.098       0.103        21559505000667    2.8749650   29.0858150        3917      4   56928.207557200        1991    18.685    21.160     28.111    2.850       5.514           0      131072            0            1    21559505 
   56928.202387200        18.699        0.059        39172040008031    2.8748940   29.0857890   00h11m29.97s   29d05m08.84s      2               0    5.928350e-07         123         123         103        18.760            0.012     18.818         18.816   18.839       18.837    0.098       0.103        21559505000667    2.8749650   29.0858150        3917      4   56928.207557200        1991    18.685    21.160     28.111    2.850       5.514           0      131072            0            1    21559505 
   56931.143587200        18.797        0.051        39172040008031    2.8748940   29.0857890   00h11m29.97s   29d05m08.84s      2               0    5.928350e-07         123         123         103        18.760            0.012     18.818         18.816   18.839       18.837    0.098       0.103        22272796000751    2.8748950   29.0857960        3917      4   56931.148797200        1994    18.810    21.403     28.120    1.850       3.244           0      131072            0            1    22272796 
   56931.143587200        18.797        0.051        39172040008031    2.8748940   29.0857890   00h11m29.97s   29d05m08.84s      2               0    5.928350e-07         123         123         103        18.760            0.012     18.818         18.816   18.839       18.837    0.098       0.103        22272796000751    2.8748950   29.0857960        3917      4   56931.148797200        1994    18.810    21.403     28.120    1.850       3.244           0      131072            0            1    22272796 
   56931.233757200        18.763        0.047        39172040008031    2.8748940   29.0857890   00h11m29.97s   29d05m08.84s      2               0    5.928350e-07         123         123         103        18.760            0.012     18.818         18.816   18.839       18.837    0.098       0.103        22272838000853    2.8749040   29.0858040        3917      4   56931.238977200        1994    18.772    21.736     28.169    1.650       2.699           0      131072            0            1    22272838 
   56931.233757200        18.763        0.047        39172040008031    2.8748940   29.0857890   00h11m29.97s   29d05m08.84s      2               0    5.928350e-07         123         123         103        18.760            0.012     18.818         18.816   18.839       18.837    0.098       0.103        22272838000853    2.8749040   29.0858040        3917      4   56931.238977200        1994    18.772    21.736     28.169    1.650       2.699           0      131072            0            1    22272838 
   56932.141237200        18.916        0.058        39172040008031    2.8748940   29.0857890   00h11m29.97s   29d05m08.84s      2               0    5.928350e-07         123         123         103        18.760            0.012     18.818         18.816   18.839       18.837    0.098       0.103        21608255000703    2.8748720   29.0858100        3917      4   56932.146457200        1995    18.907    21.156     28.084    2.150       4.025           0      131072            0            1    21608255 
   56932.141237200        18.916        0.058        39172040008031    2.8748940   29.0857890   00h11m29.97s   29d05m08.84s      2               0    5.928350e-07         123         123         103        18.760            0.012     18.818         18.816   18.839       18.837    0.098       0.103        21608255000703    2.8748720   29.0858100        3917      4   56932.146457200        1995    18.907    21.156     28.084    2.150       4.025           0      131072            0            1    21608255 
   56932.181107200        18.811        0.051        39172040008031    2.8748940   29.0857890   00h11m29.97s   29d05m08.84s      2               0    5.928350e-07         123         123         103        18.760            0.012     18.818         18.816   18.839       18.837    0.098       0.103        21608288000752    2.8749080   29.0857930        3917      4   56932.186327200        1995    18.806    21.364     28.114    1.950       3.116           0      131072            0            1    21608288 
   56932.181107200        18.811        0.051        39172040008031    2.8748940   29.0857890   00h11m29.97s   29d05m08.84s      2               0    5.928350e-07         123         123         103        18.760            0.012     18.818         18.816   18.839       18.837    0.098       0.103        21608288000752    2.8749080   29.0857930        3917      4   56932.186327200        1995    18.806    21.364     28.114    1.950       3.116           0      131072            0            1    21608288 
   56933.138577200        18.876        0.062        39172040008031    2.8748940   29.0857890   00h11m29.97s   29d05m08.84s      2               0    5.928350e-07         123         123         103        18.760            0.012     18.818         18.816   18.839       18.837    0.098       0.103        21623339000696    2.8749070   29.0858020        3917      4   56933.143807200        1996    18.874    21.132     28.115    2.050       3.334           0      131072            0            1    21623339 
   56933.138577200        18.876        0.062        39172040008031    2.8748940   29.0857890   00h11m29.97s   29d05m08.84s      2               0    5.928350e-07         123         123         103        18.760            0.012     18.818         18.816   18.839       18.837    0.098       0.103        21623339000696    2.8749070   29.0858020        3917      4   56933.143807200        1996    18.874    21.132     28.115    2.050       3.334           0      131072            0            1    21623339 
   56933.175427200        18.774        0.055        39172040008031    2.8748940   29.0857890   00h11m29.97s   29d05m08.84s      2               0    5.928350e-07         123         123         103        18.760            0.012     18.818         18.816   18.839       18.837    0.098       0.103        21623370000663    2.8749380   29.0858020        3917      4   56933.180657200        1996    18.765    21.075     28.119    2.350       4.215           0      131072            0            1    21623370 
   56933.175427200        18.774        0.055        39172040008031    2.8748940   29.0857890   00h11m29.97s   29d05m08.84s      2               0    5.928350e-07         123         123         103        18.760            0.012     18.818         18.816   18.839       18.837    0.098       0.103        21623370000663    2.8749380   29.0858020        3917      4   56933.180657200        1996    18.765    21.075     28.119    2.350       4.215           0      131072            0            1    21623370 
   56934.182057200        18.768        0.104        39172040008031    2.8748940   29.0857890   00h11m29.97s   29d05m08.84s      2               0    5.928350e-07         123         123         103        18.760            0.012     18.818         18.816   18.839       18.837    0.098       0.103        21645391000470    2.8748290   29.0857450        3917      4   56934.187287200        1997    18.813    20.433     27.971    2.550       4.312           0      131072            0            1    21645391 
   56934.182057200        18.768        0.104        39172040008031    2.8748940   29.0857890   00h11m29.97s   29d05m08.84s      2               0    5.928350e-07         123         123         103        18.760            0.012     18.818         18.816   18.839       18.837    0.098       0.103        21645391000470    2.8748290   29.0857450        3917      4   56934.187287200        1997    18.813    20.433     27.971    2.550       4.312           0      131072            0            1    21645391 
   56972.211887200        18.942        0.048        39172040008031    2.8748940   29.0857890   00h11m29.97s   29d05m08.84s      2               0    5.928350e-07         123         123         103        18.760            0.012     18.818         18.816   18.839       18.837    0.098       0.103        22213480000799    2.8748880   29.0858010        3917      4   56972.216187200        2028    18.969    21.574     28.203    1.950       2.738           0      131072            0            1    22213480 
   56972.211887200        18.942        0.048        39172040008031    2.8748940   29.0857890   00h11m29.97s   29d05m08.84s      2               0    5.928350e-07         123         123         103        18.760            0.012     18.818         18.816   18.839       18.837    0.098       0.103        22213480000799    2.8748880   29.0858010        3917      4   56972.216187200        2028    18.969    21.574     28.203    1.950       2.738           0      131072            0            1    22213480 
   56979.217317200        18.889        0.093        39172040008031    2.8748940   29.0857890   00h11m29.97s   29d05m08.84s      2               0    5.928350e-07         123         123         103        18.760            0.012     18.818         18.816   18.839       18.837    0.098       0.103        22307588000578    2.8748410   29.0858250        3917      4   56979.221217200        2035    18.824    20.822     27.964    3.050       4.266           0      131072            0            1    22307588 
   56979.217317200        18.889        0.093        39172040008031    2.8748940   29.0857890   00h11m29.97s   29d05m08.84s      2               0    5.928350e-07         123         123         103        18.760            0.012     18.818         18.816   18.839       18.837    0.098       0.103        22307588000578    2.8748410   29.0858250        3917      4   56979.221217200        2035    18.824    20.822     27.964    3.050       4.266           0      131072            0            1    22307588 
   56980.214937200        18.875        0.109        39172040008031    2.8748940   29.0857890   00h11m29.97s   29d05m08.84s      2               0    5.928350e-07         123         123         103        18.760            0.012     18.818         18.816   18.839       18.837    0.098       0.103        23024298000773    2.8748770   29.0858030        3917      4   56980.218777200        2036    18.840    21.588     28.110    1.950       3.396           0      131072            0            1    23024298 
   56980.214937200        18.875        0.109        39172040008031    2.8748940   29.0857890   00h11m29.97s   29d05m08.84s      2               0    5.928350e-07         123         123         103        18.760            0.012     18.818         18.816   18.839       18.837    0.098       0.103        23024298000773    2.8748770   29.0858030        3917      4   56980.218777200        2036    18.840    21.588     28.110    1.950       3.396           0      131072            0            1    23024298 
   56980.331397200        18.897        0.112        39172040008031    2.8748940   29.0857890   00h11m29.97s   29d05m08.84s      2               0    5.928350e-07         123         123         103        18.760            0.012     18.818         18.816   18.839       18.837    0.098       0.103        23024278000709    2.8749000   29.0857970        3917      4   56980.335227200        2036    18.864    21.294     28.064    2.050       3.151           0      131072            0            1    23024278 
   56980.331397200        18.897        0.112        39172040008031    2.8748940   29.0857890   00h11m29.97s   29d05m08.84s      2               0    5.928350e-07         123         123         103        18.760            0.012     18.818         18.816   18.839       18.837    0.098       0.103        23024278000709    2.8749000   29.0857970        3917      4   56980.335227200        2036    18.864    21.294     28.064    2.050       3.151           0      131072            0            1    23024278 
   56981.198317200        18.725        0.053        39172040008031    2.8748940   29.0857890   00h11m29.97s   29d05m08.84s      2               0    5.928350e-07         123         123         103        18.760            0.012     18.818         18.816   18.839       18.837    0.098       0.103        23050611000777    2.8748520   29.0858290        3917      4   56981.202097200        2037    18.729    21.599     28.143    2.050       3.675           0      131072            0            1    23050611 
   56981.198317200        18.725        0.053        39172040008031    2.8748940   29.0857890   00h11m29.97s   29d05m08.84s      2               0    5.928350e-07         123         123         103        18.760            0.012     18.818         18.816   18.839       18.837    0.098       0.103        23050611000777    2.8748520   29.0858290        3917      4   56981.202097200        2037    18.729    21.599     28.143    2.050       3.675           0      131072            0            1    23050611 
   56981.268217200        18.811        0.057        39172040008031    2.8748940   29.0857890   00h11m29.97s   29d05m08.84s      2               0    5.928350e-07         123         123         103        18.760            0.012     18.818         18.816   18.839       18.837    0.098       0.103        23050625000784    2.8748900   29.0858010        3917      4   56981.271987200        2037    18.835    21.746     28.148    1.750       3.940           0      131072            0            1    23050625 
   56981.268217200        18.811        0.057        39172040008031    2.8748940   29.0857890   00h11m29.97s   29d05m08.84s      2               0    5.928350e-07         123         123         103        18.760            0.012     18.818         18.816   18.839       18.837    0.098       0.103        23050625000784    2.8748900   29.0858010        3917      4   56981.271987200        2037    18.835    21.746     28.148    1.750       3.940           0      131072            0            1    23050625 
   56984.198847200        18.701        0.228        39172040008031    2.8748940   29.0857890   00h11m29.97s   29d05m08.84s      2               0    5.928350e-07         123         123         103        18.760            0.012     18.818         18.816   18.839       18.837    0.098       0.103        23059392000611    2.8748560   29.0858090        3917      4   56984.202417200        2040    18.485    20.928     27.887    3.050       6.011           0      131072            0            1    23059392 
   56984.198847200        18.701        0.228        39172040008031    2.8748940   29.0857890   00h11m29.97s   29d05m08.84s      2               0    5.928350e-07         123         123         103        18.760            0.012     18.818         18.816   18.839       18.837    0.098       0.103        23059392000611    2.8748560   29.0858090        3917      4   56984.202417200        2040    18.485    20.928     27.887    3.050       6.011           0      131072            0            1    23059392 
   56984.269907200        18.984        0.231        39172040008031    2.8748940   29.0857890   00h11m29.97s   29d05m08.84s      2               0    5.928350e-07         123         123         103        18.760            0.012     18.818         18.816   18.839       18.837    0.098       0.103        23059407000521    2.8748420   29.0858200        3917      4   56984.273477200        2040    19.109    21.011     28.078    2.750       4.105           0      131072            0            1    23059407 
   56984.269907200        18.984        0.231        39172040008031    2.8748940   29.0857890   00h11m29.97s   29d05m08.84s      2               0    5.928350e-07         123         123         103        18.760            0.012     18.818         18.816   18.839       18.837    0.098       0.103        23059407000521    2.8748420   29.0858200        3917      4   56984.273477200        2040    19.109    21.011     28.078    2.750       4.105           0      131072            0            1    23059407 
   56985.193937200        18.908        0.191        39172040008031    2.8748940   29.0857890   00h11m29.97s   29d05m08.84s      2               0    5.928350e-07         123         123         103        18.760            0.012     18.818         18.816   18.839       18.837    0.098       0.103        23068303000471    2.8748970   29.0858030        3917      4   56985.197447200        2041    18.534    20.248     27.313    2.450       4.335           0      131072            0            1    23068303 
   56985.193937200        18.908        0.191        39172040008031    2.8748940   29.0857890   00h11m29.97s   29d05m08.84s      2               0    5.928350e-07         123         123         103        18.760            0.012     18.818         18.816   18.839       18.837    0.098       0.103        23068303000471    2.8748970   29.0858030        3917      4   56985.197447200        2041    18.534    20.248     27.313    2.450       4.335           0      131072            0            1    23068303 
   56986.211177200        18.777        0.065        39172040008031    2.8748940   29.0857890   00h11m29.97s   29d05m08.84s      2               0    5.928350e-07         123         123         103        18.760            0.012     18.818         18.816   18.839       18.837    0.098       0.103        22911692000620    2.8748990   29.0857920        3917      4   56986.214617200        2042    18.748    21.155     28.101    2.850       4.819           0      131072            0            1    22911692 
   56986.211177200        18.777        0.065        39172040008031    2.8748940   29.0857890   00h11m29.97s   29d05m08.84s      2               0    5.928350e-07         123         123         103        18.760            0.012     18.818         18.816   18.839       18.837    0.098       0.103        22911692000620    2.8748990   29.0857920        3917      4   56986.214617200        2042    18.748    21.155     28.101    2.850       4.819           0      131072            0            1    22911692 
   56987.193377200        18.816        0.057        39172040008031    2.8748940   29.0857890   00h11m29.97s   29d05m08.84s      2               0    5.928350e-07         123         123         103        18.760            0.012     18.818         18.816   18.839       18.837    0.098       0.103        22934024000622    2.8748960   29.0858150        3917      4   56987.196747200        2043    18.813    21.199     28.135    2.650       4.141           0      131072            0            1    22934024 
   56987.193377200        18.816        0.057        39172040008031    2.8748940   29.0857890   00h11m29.97s   29d05m08.84s      2               0    5.928350e-07         123         123         103        18.760            0.012     18.818         18.816   18.839       18.837    0.098       0.103        22934024000622    2.8748960   29.0858150        3917      4   56987.196747200        2043    18.813    21.199     28.135    2.650       4.141           0      131072            0            1    22934024 
