# Source: PTFS1818m
# Coordinates: 270.35709 31.04425
# Epoch Units: PTFJD
#
# Column definitions
# ------------------
# lcType: s = detected on reference image, t = transient
# filterID: 1 = g', 2 = R
# fieldID: PTF Field ID
# chipID: PTF Chip ID
# sourceID: Source ID
# epoch: Time of observation
# mag: calibrated magnitude
# magErr: calibrated magnitude error
# sextractorFlags: sextractor flags from detection
# ipacFlags: see documentation
# relPhotFlags: relative photometry flags
# limitMag: Magnitude at which 95% of source in reference image are detected
#           in this exposure
#
# lcType filterID fieldID chipID sourceID epoch mag magerr sextractorFlags ipacFlags relPhotFlags limitMag
s 02 004078 02 08401 1623.37059000 18.652 0.035 0 2 0 20.51
s 02 004078 02 08401 1623.40326000 18.578 0.033 0 2 0 20.65
s 02 004078 02 08401 1623.43659000 19.074 0.113 0 2 4 19.55
s 02 004078 02 08401 1624.33934000 18.707 0.033 0 2 0 20.62
s 02 004078 02 08401 1624.37189000 18.672 0.034 0 2 0 20.65
s 02 004078 02 08401 1624.40572000 18.587 0.031 0 2 0 20.67
s 02 004078 02 08401 1625.35396000 18.700 0.035 0 2 0 20.54
s 02 004078 02 08401 1625.38771000 18.641 0.034 0 2 0 20.41
s 02 004078 02 08401 1625.42079000 19.048 0.039 3 2 0 20.48
s 02 004078 02 08401 1626.32426000 18.628 0.035 0 2 0 20.47
s 02 004078 02 08401 1626.35765000 18.642 0.035 0 2 0 20.44
s 02 004078 02 08401 1626.39069000 18.602 0.036 0 2 0 20.39
s 02 004078 02 08401 1627.31941000 18.646 0.037 0 2 0 20.40
s 02 004078 02 08401 1627.35259000 18.668 0.038 0 2 0 20.33
s 02 004078 02 08401 1627.38541000 18.680 0.037 0 2 0 20.43
s 02 004078 02 08401 1628.31737000 19.189 0.045 3 2 0 20.29
s 02 004078 02 08401 1628.35132000 18.655 0.034 0 2 0 20.58
s 02 004078 02 08401 1628.38412000 18.740 0.036 0 2 0 20.50
s 02 004078 02 08401 1629.29255000 18.726 0.044 16 2 0 20.18
s 02 004078 02 08401 1629.32634000 18.607 0.040 0 2 0 20.23
s 02 004078 02 08401 1629.35924000 18.680 0.037 0 2 0 20.54
s 02 004078 02 08401 1630.28872000 18.622 0.043 0 2 0 20.26
s 02 004078 02 08401 1630.32181000 18.684 0.051 16 2 0 20.17
s 02 004078 02 08401 1630.35488000 18.673 0.043 16 2 0 20.20
s 02 004078 02 08401 1631.28002000 18.683 0.053 0 2 0 20.07
s 02 004078 02 08401 1631.31333000 18.655 0.054 0 2 0 20.14
s 02 004078 02 08401 1631.34625000 18.689 0.052 0 2 0 20.09
s 02 004078 02 08401 1637.19579000 18.991 0.040 2 2 0 20.45
s 02 004078 02 08401 1637.23248000 18.637 0.048 0 2 0 20.15
s 02 004078 02 08401 1639.41843000 18.707 0.086 0 2 4 19.77
s 02 004078 02 08401 1639.45529000 18.769 0.058 16 2 4 20.05
s 02 004078 02 08401 1641.41461000 18.503 0.058 0 2 0 19.98
s 02 004078 02 08401 1641.45144000 18.465 0.054 0 2 0 19.82
s 02 004078 02 08401 1643.35218000 18.748 0.052 0 2 0 20.16
s 02 004078 02 08401 1643.38885000 18.708 0.052 0 2 0 20.07
s 02 004078 02 08401 2783.14880000 18.949 0.091 0 2 0 19.23
s 02 004078 02 08401 2783.18779000 18.984 0.098 0 2 0 19.25
