# Source: PTFS1818s
# Coordinates: 280.46267 37.87460
# Epoch Units: PTFJD
#
# Column definitions
# ------------------
# lcType: s = detected on reference image, t = transient
# filterID: 1 = g', 2 = R
# fieldID: PTF Field ID
# chipID: PTF Chip ID
# sourceID: Source ID
# epoch: Time of observation
# mag: calibrated magnitude
# magErr: calibrated magnitude error
# sextractorFlags: sextractor flags from detection
# ipacFlags: see documentation
# relPhotFlags: relative photometry flags
# limitMag: Magnitude at which 95% of source in reference image are detected
#           in this exposure
#
# lcType filterID fieldID chipID sourceID epoch mag magerr sextractorFlags ipacFlags relPhotFlags limitMag
t 02 004342 02 00804 1608.39743000 0.000 inf 0 0 0 24.02
t 02 004342 02 00804 1608.43005000 0.000 inf 0 0 0 24.02
t 02 004342 02 00804 1608.46572000 0.000 inf 0 0 0 24.02
t 02 004342 02 00804 1609.36713000 0.000 inf 0 0 0 19.78
t 02 004342 02 00804 1609.43797000 0.000 inf 0 0 0 19.72
t 02 004342 02 00804 1609.47117000 0.000 inf 0 0 0 19.52
t 02 004342 02 00804 1611.44249000 20.366 0.150 0 2 0 20.44
t 02 004342 02 00804 1611.47569000 21.205 0.194 0 0 0 20.13
t 02 004342 02 00804 1612.40027000 20.923 0.204 0 0 0 24.02
t 02 004342 02 00804 1612.43304000 0.000 inf 0 0 0 24.02
t 02 004342 02 00804 1612.46574000 0.000 inf 0 0 0 24.02
t 02 004342 02 00804 1614.36672000 20.825 0.129 0 2 0 24.02
t 02 004342 02 00804 1614.39956000 20.357 0.119 0 2 0 24.02
t 02 004342 02 00804 1614.43211000 21.005 0.130 0 2 0 24.02
t 02 004342 02 00804 1615.42260000 21.248 0.145 0 0 0 24.02
t 02 004342 02 00804 1615.45505000 20.552 0.134 0 2 0 24.02
t 02 004342 02 00804 1616.42384000 20.946 0.120 0 2 0 20.64
t 02 004342 02 00804 1616.45714000 20.646 0.118 0 2 0 20.66
t 02 004342 02 00804 1618.35718000 20.732 0.110 0 2 0 20.81
t 02 004342 02 00804 1618.39109000 20.742 0.124 0 2 0 20.72
t 02 004342 02 00804 1618.42422000 20.960 0.123 0 2 0 20.74
t 02 004342 02 00804 1619.33582000 20.387 0.097 0 2 0 20.76
t 02 004342 02 00804 1619.36905000 20.991 0.122 0 2 0 20.78
t 02 004342 02 00804 1619.40223000 20.711 0.117 0 2 0 20.80
t 02 004342 02 00804 1620.44795000 20.546 0.151 0 2 4 20.29
t 02 004342 02 00804 1620.48159000 0.000 inf 0 0 0 19.84
t 02 004342 02 00804 1621.36344000 20.978 0.150 0 2 0 20.61
t 02 004342 02 00804 1621.39610000 21.044 0.185 0 2 0 20.43
t 02 004342 02 00804 1621.43231000 20.457 0.097 0 2 0 20.54
t 02 004342 02 00804 1622.35660000 21.182 0.166 0 0 0 24.02
t 02 004342 02 00804 1622.39046000 20.910 0.201 0 0 0 24.02
t 02 004342 02 00804 1622.42368000 20.591 0.109 0 2 0 24.02
t 02 004342 02 00804 1957.36541000 0.000 inf 0 0 0 19.63
t 02 004342 02 00804 1957.39837000 0.000 inf 0 0 0 19.75
t 02 004342 02 00804 1958.42858000 0.000 inf 0 0 0 19.48
t 02 004342 02 00804 1958.46501000 0.000 inf 0 0 0 19.63
t 02 004342 02 00804 1959.46459000 0.000 inf 0 0 0 24.02
t 02 004342 02 00804 1960.44337000 0.000 inf 0 0 0 19.51
t 02 004342 02 00804 1960.48134000 0.000 inf 0 0 0 19.40
t 02 004342 02 00804 1963.48567000 0.000 inf 0 0 0 24.02
t 02 004342 02 00804 1964.23869000 0.000 inf 0 0 0 24.02
t 02 004342 02 00804 1964.25243000 0.000 inf 0 0 0 24.02
t 02 004342 02 00804 1964.26624000 0.000 inf 0 0 0 24.02
t 02 004342 02 00804 1970.46278000 21.064 0.151 0 0 0 24.02
t 02 004342 02 00804 1971.48464000 0.000 inf 0 0 0 20.00
t 02 004342 02 00804 1972.45620000 20.741 0.115 0 2 0 20.56
t 02 004342 02 00804 1987.47565000 0.000 inf 0 0 0 19.94
t 02 004342 02 00804 1988.44067000 20.656 0.155 0 0 0 24.02
t 02 004342 02 00804 1988.46640000 20.567 0.218 16 0 0 24.02
t 02 004342 02 00804 1989.42660000 0.000 inf 0 0 0 24.02
t 02 004342 02 00804 1989.45209000 0.000 inf 0 0 0 24.02
t 02 004342 02 00804 1990.42800000 0.000 inf 0 0 0 24.02
t 02 004342 02 00804 1990.45340000 0.000 inf 0 0 0 24.02
t 02 004342 02 00804 1991.44808000 0.000 inf 0 0 0 24.02
t 02 004342 02 00804 1991.47456000 0.000 inf 0 0 0 24.02
t 02 004342 02 00804 1992.48122000 0.000 inf 0 0 0 24.02
t 02 004342 02 00804 1993.45389000 0.000 inf 0 0 0 24.02
t 02 004342 02 00804 1993.48021000 0.000 inf 0 0 0 24.02
t 02 004342 02 00804 1994.45763000 20.830 0.146 0 0 0 24.02
t 02 004342 02 00804 1994.48355000 0.000 inf 0 0 0 24.02
t 02 004342 02 00804 1995.44726000 20.955 0.163 0 0 0 24.02
t 02 004342 02 00804 1995.47146000 0.000 inf 0 0 0 24.02
t 02 004342 02 00804 2750.18089000 21.210 0.206 0 0 0 19.84
t 02 004342 02 00804 2750.22594000 0.000 inf 0 0 0 19.89
