# Source: PTFS1818h
# Coordinates: 278.92640 -8.27186
# Epoch Units: PTFJD
#
# Column definitions
# ------------------
# lcType: s = detected on reference image, t = transient
# filterID: 1 = g', 2 = R
# fieldID: PTF Field ID
# chipID: PTF Chip ID
# sourceID: Source ID
# epoch: Time of observation
# mag: calibrated magnitude
# magErr: calibrated magnitude error
# sextractorFlags: sextractor flags from detection
# ipacFlags: see documentation
# relPhotFlags: relative photometry flags
# limitMag: Magnitude at which 95% of source in reference image are detected
#           in this exposure
#
# lcType filterID fieldID chipID sourceID epoch mag magerr sextractorFlags ipacFlags relPhotFlags limitMag
s 02 002358 08 35745 1637.24972000 13.330 0.005 4 258 8 19.38
s 02 002358 08 35745 1637.28716000 13.337 11.300 4 258 12 5.70
s 02 002358 08 35745 1639.20740000 13.258 10.624 4 258 12 11.10
s 02 002358 08 35745 1640.20361000 0.000 inf 0 0 0 19.15
s 02 002358 08 35745 1640.24046000 13.147 0.005 4 258 8 19.36
s 02 002358 08 35745 1641.20111000 0.000 inf 0 0 0 19.35
s 02 002358 08 35745 1641.23745000 0.000 inf 0 0 0 19.47
s 02 002358 08 35745 1642.19858000 0.000 inf 0 0 0 12.03
s 02 002358 08 35745 1642.23486000 13.237 0.007 4 258 8 19.42
s 02 002358 08 35745 1643.19580000 0.000 inf 0 0 0 19.05
s 02 002358 08 35745 1643.23447000 0.000 inf 0 0 0 19.57
s 02 002358 08 35745 1644.19331000 0.000 inf 0 0 0 17.41
s 02 002358 08 35745 1644.22979000 0.000 inf 0 0 0 17.34
s 02 002358 08 35745 1645.19025000 0.000 inf 0 0 0 19.46
s 02 002358 08 35745 1645.22718000 13.272 0.005 4 258 8 19.69
s 02 002358 08 35745 1653.18220000 0.000 inf 0 0 0 17.03
s 02 002358 08 35745 1653.27125000 0.000 inf 0 0 0 19.99
s 02 002358 08 35745 1654.18348000 0.000 inf 0 0 0 19.66
s 02 002358 08 35745 1654.22027000 0.000 inf 0 0 0 20.02
s 02 002358 08 35745 1655.18315000 13.332 0.008 4 258 8 19.73
s 02 002358 08 35745 1655.22047000 0.000 inf 0 0 0 10.25
s 02 002358 08 35745 1656.20442000 0.000 inf 0 0 0 11.85
s 02 002358 08 35745 1656.24120000 13.319 0.004 4 258 8 19.81
s 02 002358 08 35745 1657.18538000 0.000 inf 0 0 0 19.45
s 02 002358 08 35745 1657.22148000 0.000 inf 0 0 0 19.42
s 02 002358 08 35745 1658.18344000 0.000 inf 0 0 0 19.38
s 02 002358 08 35745 1658.22115000 0.000 inf 0 0 0 19.64
s 02 002358 08 35745 1659.19329000 0.000 inf 0 0 0 18.53
s 02 002358 08 35745 1659.23024000 0.000 inf 0 0 0 18.27
s 02 002358 08 35745 1666.19282000 13.268 0.006 4 258 8 19.27
s 02 002358 08 35745 1666.23024000 0.000 inf 0 0 0 18.72
s 02 002358 08 35745 1668.21146000 0.000 inf 0 0 0 20.02
s 02 002358 08 35745 1668.24868000 13.299 0.006 4 258 8 19.70
s 02 002358 08 35745 1668.28527000 0.000 inf 0 0 0 19.60
s 02 002358 08 35745 1669.18708000 0.000 inf 0 0 0 19.84
s 02 002358 08 35745 1669.22395000 0.000 inf 0 0 0 130.41
s 02 002358 08 35745 1669.26049000 0.000 inf 0 0 0 19.90
s 02 002358 08 35745 1670.20557000 13.242 0.009 6 258 8 19.77
s 02 002358 08 35745 1670.24271000 0.000 inf 0 0 0 19.83
s 02 002358 08 35745 1670.27917000 0.000 inf 0 0 0 19.78
s 02 002358 08 35745 1671.18935000 0.000 inf 0 0 0 19.91
s 02 002358 08 35745 1671.23219000 13.265 0.006 4 258 8 19.77
s 02 002358 08 35745 1999.43412000 0.000 inf 0 0 0 19.89
s 02 002358 08 35745 1999.45398000 0.000 inf 0 0 0 19.84
s 02 002358 08 35745 2006.31039000 13.311 0.005 4 258 8 24.02
s 02 002358 08 35745 2013.25058000 13.269 0.005 4 258 8 24.02
s 02 002358 08 35745 2013.28605000 0.000 inf 0 0 0 24.02
s 02 002358 08 35745 2022.30869000 13.167 0.020 4 258 12 24.02
s 02 002358 08 35745 2022.38315000 0.000 inf 0 0 0 24.02
s 02 002358 08 35745 2028.21013000 13.120 0.008 6 258 8 24.02
s 02 002358 08 35745 2028.24758000 13.258 0.004 6 258 8 24.02
s 02 002358 08 35745 2028.28522000 13.251 0.005 6 258 8 24.02
s 02 002358 08 35745 2028.36074000 13.249 0.004 6 258 8 24.02
s 02 002358 08 35745 2036.20369000 13.273 0.006 6 450 8 24.02
s 02 002358 08 35745 2036.24875000 13.231 0.006 6 258 8 24.02
s 02 002358 08 35745 2036.27756000 13.232 0.005 6 258 8 24.02
s 02 002358 08 35745 2036.29260000 13.262 0.005 6 258 8 24.02
s 02 002358 08 35745 2052.21282000 13.276 0.005 6 258 8 24.02
s 02 002358 08 35745 2052.23571000 0.000 inf 0 0 0 24.02
s 02 002358 08 35745 2052.25874000 13.295 0.004 6 258 8 24.02
s 02 002358 08 35745 2377.33654000 0.000 inf 0 0 0 24.02
s 02 002358 08 35745 2377.37394000 0.000 inf 0 0 0 24.02
s 02 002358 08 35745 2405.26041000 0.000 inf 0 0 0 24.02
s 02 002358 08 35745 2405.30144000 0.000 inf 0 0 0 24.02
s 02 002358 08 35745 2408.23043000 0.000 inf 0 0 0 24.02
s 02 002358 08 35745 2411.20441000 0.000 inf 0 0 0 24.02
s 02 002358 08 35745 2411.24245000 0.000 inf 0 0 0 24.02
s 02 002358 08 35745 2417.23755000 0.000 inf 0 0 0 24.02
s 02 002358 08 35745 2770.20535000 0.000 inf 0 0 0 19.38
s 02 002358 08 35745 2770.24757000 0.000 inf 0 0 0 19.55
