# Source: PTFS1819l
# Coordinates: 289.49683 28.71154
# Epoch Units: PTFJD
#
# Column definitions
# ------------------
# lcType: s = detected on reference image, t = transient
# filterID: 1 = g', 2 = R
# fieldID: PTF Field ID
# chipID: PTF Chip ID
# sourceID: Source ID
# epoch: Time of observation
# mag: calibrated magnitude
# magErr: calibrated magnitude error
# sextractorFlags: sextractor flags from detection
# ipacFlags: see documentation
# relPhotFlags: relative photometry flags
# limitMag: Magnitude at which 95% of source in reference image are detected
#           in this exposure
#
# lcType filterID fieldID chipID sourceID epoch mag magerr sextractorFlags ipacFlags relPhotFlags limitMag
s 02 003991 04 24601 2042.22843000 15.920 0.008 3 194 0 20.46
s 02 003991 04 24601 2043.17719000 15.912 0.008 3 194 0 20.41
s 02 003991 04 24601 2044.17277000 15.893 0.010 3 2 0 20.07
s 02 003991 04 24601 2044.20561000 15.921 0.009 3 2 0 20.14
s 02 003991 04 24601 2048.25454000 15.924 0.014 1 194 4 19.56
s 02 003991 04 24601 2048.28027000 15.901 0.015 3 2 0 18.99
s 02 003991 04 24601 2051.35852000 16.181 0.009 3 2 0 20.19
s 02 003991 04 24601 2336.48462000 15.828 0.010 3 194 0 20.36
s 02 003991 04 24601 2337.47557000 15.786 0.015 3 194 4 19.51
s 02 003991 04 24601 2377.29595000 15.834 0.009 3 2 0 20.47
s 02 003991 04 24601 2379.32116000 0.000 inf 0 0 0 76.01
s 02 003991 04 24601 2380.26207000 15.631 0.009 3 2 0 20.51
s 02 003991 04 24601 2380.30765000 15.705 0.024 3 2 4 20.23
s 02 003991 04 24601 2383.27183000 15.634 0.029 3 194 4 19.33
s 02 003991 04 24601 2383.31308000 15.604 0.025 3 2 4 19.17
s 02 003991 04 24601 2732.21374000 15.239 0.006 3 2 0 20.32
s 02 003991 04 24601 2732.25436000 15.120 0.006 3 2 0 20.32
s 02 003991 04 24601 2732.29491000 15.548 0.008 3 2 0 19.53
s 02 003991 04 24601 2732.33552000 15.646 0.008 3 2 0 19.49
s 02 003991 04 24601 2732.37618000 15.742 0.008 3 2 0 19.31
s 02 003991 04 24601 2732.41699000 15.797 0.010 3 2 0 19.24
s 02 003991 04 24601 2733.20039000 15.210 0.006 3 2 0 20.07
s 02 003991 04 24601 2733.24292000 15.287 0.005 3 2 0 20.22
s 02 003991 04 24601 2733.28554000 15.137 0.006 3 2 0 20.07
s 02 003991 04 24601 2733.32838000 15.207 0.007 3 2 0 19.92
s 02 003991 04 24601 2733.37139000 15.395 0.008 3 2 0 19.70
s 02 003991 04 24601 2733.41464000 15.755 0.008 3 2 0 19.70
s 02 003991 04 24601 2733.46639000 15.833 0.009 3 2 0 19.76
s 02 003991 04 24601 2734.19926000 15.679 0.007 3 2 0 20.20
s 02 003991 04 24601 2734.23975000 14.981 0.006 3 2 0 20.33
s 02 003991 04 24601 2734.28675000 15.356 0.009 3 2 0 20.21
s 02 003991 04 24601 2734.32742000 15.530 0.014 3 2 4 19.49
s 02 003991 04 24601 2734.36818000 15.630 0.007 3 2 0 19.66
s 02 003991 04 24601 2734.40911000 15.697 0.009 3 2 0 19.38
s 02 003991 04 24601 2734.45031000 0.000 inf 0 0 0 26.23
s 02 003991 04 24601 2735.19766000 15.969 0.008 3 2 0 20.35
s 02 003991 04 24601 2735.23825000 15.022 0.006 3 2 0 20.45
s 02 003991 04 24601 2735.28693000 15.150 0.005 3 2 0 20.40
s 02 003991 04 24601 2735.32770000 0.000 inf 0 0 0 15.29
s 02 003991 04 24601 2735.36862000 0.000 inf 0 0 0 19.42
s 02 003991 04 24601 2735.40980000 15.649 0.008 3 2 0 19.90
s 02 003991 04 24601 2735.45120000 0.000 inf 0 0 0 11.80
s 02 003991 04 24601 2736.24215000 15.594 0.010 3 2 0 19.99
s 02 003991 04 24601 2736.32469000 15.265 0.013 3 2 4 19.50
s 02 003991 04 24601 2736.41495000 0.000 inf 0 0 0 19.35
s 02 003991 04 24601 2737.23966000 15.396 0.008 3 2 0 20.50
s 02 003991 04 24601 2737.33388000 15.206 0.006 3 2 0 20.44
s 02 003991 04 24601 2737.42089000 15.456 0.007 3 2 0 19.69
s 02 003991 04 24601 2738.25839000 15.981 0.008 3 2 0 20.42
s 02 003991 04 24601 2738.34258000 0.000 inf 0 0 0 12.25
s 02 003991 04 24601 2739.23558000 0.000 inf 0 0 0 15.94
s 02 003991 04 24601 2739.31777000 14.732 0.006 3 2 0 20.12
s 02 003991 04 24601 2739.40874000 15.408 0.007 3 2 0 17.88
