# Source: PTFS1819d
# Coordinates: 298.65273 43.95499
# Epoch Units: PTFJD
#
# Column definitions
# ------------------
# lcType: s = detected on reference image, t = transient
# filterID: 1 = g', 2 = R
# fieldID: PTF Field ID
# chipID: PTF Chip ID
# sourceID: Source ID
# epoch: Time of observation
# mag: calibrated magnitude
# magErr: calibrated magnitude error
# sextractorFlags: sextractor flags from detection
# ipacFlags: see documentation
# relPhotFlags: relative photometry flags
# limitMag: Magnitude at which 95% of source in reference image are detected
#           in this exposure
#
# lcType filterID fieldID chipID sourceID epoch mag magerr sextractorFlags ipacFlags relPhotFlags limitMag
s 02 004585 00 02009 804.49500000 0.000 inf 0 0 0 24.02
s 02 004585 00 01968 804.49500000 0.000 inf 0 0 0 24.02
s 02 004585 00 02026 804.49500000 14.486 0.004 0 2 0 24.02
s 02 004585 00 02009 804.49613000 0.000 inf 0 0 0 24.02
s 02 004585 00 02026 804.49613000 14.488 0.004 0 2 0 24.02
s 02 004585 00 01968 804.49613000 0.000 inf 0 0 0 24.02
s 02 014585 00 01664 1905.52709000 14.483 0.003 0 2 1 24.02
s 02 014585 00 01664 1907.52324000 14.477 0.005 0 2 1 24.02
s 02 014585 00 01664 1908.52153000 14.503 0.052 0 2 5 24.02
s 02 014585 00 01664 1909.50854000 14.482 0.004 0 2 1 24.02
s 02 014585 00 01664 1924.50459000 14.455 0.015 0 2 5 24.02
s 02 014585 00 01664 1925.49071000 14.507 0.006 0 2 1 24.02
s 02 014585 00 01664 1926.50872000 14.494 0.006 0 2 1 24.02
s 02 014585 00 01664 1927.40824000 14.480 0.005 0 2 1 24.02
s 02 014585 00 01664 1927.43353000 14.493 0.004 0 2 1 24.02
s 02 014585 00 01664 1928.43705000 14.473 0.004 0 2 1 24.02
s 02 014585 00 01664 1928.46431000 14.482 0.004 0 2 1 24.02
s 02 014585 00 01664 1929.40150000 14.487 0.007 0 2 1 24.02
s 02 014585 00 01664 1929.42892000 14.484 0.006 0 2 1 24.02
s 02 014585 00 01664 1930.39565000 14.613 0.038 0 2 5 24.02
s 02 014585 00 01664 1930.42256000 14.481 0.016 0 2 5 24.02
s 02 014585 00 01664 1931.39601000 14.480 0.004 0 2 1 24.02
s 02 014585 00 01664 1931.42137000 14.488 0.004 0 2 1 24.02
s 02 014585 00 01664 1932.40231000 14.480 0.005 0 2 1 24.02
s 02 014585 00 01664 1932.42744000 14.486 0.005 0 2 1 24.02
s 02 014585 00 01664 1934.46742000 14.488 0.005 0 2 1 19.70
s 02 014585 00 01664 1934.49277000 14.485 0.005 0 2 1 19.76
s 02 014585 00 01664 1937.43207000 14.499 0.014 0 2 5 18.25
s 02 014585 00 01664 1937.45773000 14.489 0.018 0 2 5 18.85
s 02 014585 00 01664 1938.46751000 14.494 0.004 0 2 1 20.20
s 02 014585 00 01664 1938.49772000 14.493 0.005 0 2 1 20.06
s 02 014585 00 01664 1939.45141000 14.489 0.006 0 2 1 20.40
s 02 004585 00 01968 1997.46223000 0.000 inf 0 0 0 20.06
s 02 004585 00 02009 1997.46223000 0.000 inf 0 0 0 20.06
s 02 004585 00 02026 1997.46223000 14.447 0.010 0 2 0 20.06
s 02 004585 00 02009 1998.48193000 0.000 inf 0 0 0 20.14
s 02 004585 00 02026 1998.48193000 14.479 0.005 0 2 0 20.14
s 02 004585 00 01968 1998.48193000 0.000 inf 0 0 0 20.14
s 02 004585 00 02009 2001.42539000 0.000 inf 0 0 0 20.33
s 02 004585 00 01968 2001.42539000 0.000 inf 0 0 0 20.33
s 02 004585 00 02026 2001.42539000 14.480 0.004 0 2 0 20.33
s 02 004585 00 02009 2001.45573000 0.000 inf 0 0 0 20.78
s 02 004585 00 02026 2001.45573000 14.495 0.005 0 2 0 20.78
s 02 004585 00 01968 2001.45573000 0.000 inf 0 0 0 20.78
s 02 004585 00 01968 2003.44109000 0.000 inf 0 0 0 20.64
s 02 004585 00 02009 2003.44109000 0.000 inf 0 0 0 20.64
s 02 004585 00 02026 2003.44109000 14.488 0.004 0 2 0 20.64
s 02 004585 00 02026 2003.47529000 14.485 0.003 0 2 0 20.41
s 02 004585 00 01968 2003.47529000 0.000 inf 0 0 0 20.41
s 02 004585 00 02009 2003.47529000 0.000 inf 0 0 0 20.41
s 02 004585 00 01968 2004.41630000 0.000 inf 0 0 0 20.44
s 02 004585 00 02026 2004.41630000 14.484 0.004 0 2 0 20.44
s 02 004585 00 02009 2004.41630000 0.000 inf 0 0 0 20.44
s 02 004585 00 01968 2004.45050000 0.000 inf 0 0 0 20.62
s 02 004585 00 02009 2004.45050000 0.000 inf 0 0 0 20.62
s 02 004585 00 02026 2004.45050000 14.489 0.005 0 2 0 20.62
s 02 004585 00 01968 2005.45071000 0.000 inf 0 0 0 20.80
s 02 004585 00 02026 2005.45071000 14.485 0.004 0 2 0 20.80
s 02 004585 00 02009 2005.45071000 0.000 inf 0 0 0 20.80
s 02 004585 00 02026 2006.47074000 14.485 0.005 0 2 0 21.15
s 02 004585 00 01968 2006.47074000 0.000 inf 0 0 0 21.15
s 02 004585 00 02009 2006.47074000 0.000 inf 0 0 0 21.15
s 02 004585 00 02026 2009.42395000 0.000 inf 0 0 0 24.02
s 02 004585 00 02009 2009.42395000 14.493 0.006 0 2 0 24.02
s 02 004585 00 01968 2009.42395000 0.000 inf 0 0 0 24.02
s 02 004585 00 02026 2010.34573000 14.493 0.004 0 2 0 24.02
s 02 004585 00 02009 2010.34573000 0.000 inf 0 0 0 24.02
s 02 004585 00 01968 2010.34573000 0.000 inf 0 0 0 24.02
s 02 004585 00 01968 2011.32912000 0.000 inf 0 0 0 24.02
s 02 004585 00 02026 2011.32912000 14.936 0.087 0 2 4 24.02
s 02 004585 00 02009 2011.32912000 0.000 inf 0 0 0 24.02
s 02 004585 00 01968 2011.36841000 0.000 inf 0 0 0 24.02
s 02 004585 00 02026 2011.36841000 14.530 0.028 0 2 4 24.02
s 02 004585 00 02009 2011.36841000 0.000 inf 0 0 0 24.02
s 02 004585 00 02009 2012.32705000 0.000 inf 0 0 0 24.02
s 02 004585 00 02026 2012.32705000 14.486 0.007 0 2 0 24.02
s 02 004585 00 01968 2012.32705000 0.000 inf 0 0 0 24.02
s 02 004585 00 02026 2012.36546000 14.475 0.007 0 258 0 24.02
s 02 004585 00 01968 2012.36546000 0.000 inf 0 0 0 24.02
s 02 004585 00 02009 2012.36546000 0.000 inf 0 0 0 24.02
s 02 004585 00 02026 2013.37065000 0.000 inf 0 0 0 24.02
s 02 004585 00 02009 2013.37065000 0.000 inf 0 0 0 24.02
s 02 004585 00 01968 2013.37065000 0.000 inf 0 0 0 24.02
s 02 004585 00 02009 2013.40699000 0.000 inf 0 0 0 24.02
s 02 004585 00 01968 2013.40699000 0.000 inf 0 0 0 24.02
s 02 004585 00 02026 2013.40699000 0.000 inf 0 0 0 24.02
s 02 004585 00 01968 2014.31176000 0.000 inf 0 0 0 24.02
s 02 004585 00 02009 2014.31176000 0.000 inf 0 0 0 24.02
s 02 004585 00 02026 2014.31176000 14.502 0.005 0 258 0 24.02
s 02 004585 00 01968 2014.34854000 0.000 inf 0 0 0 24.02
s 02 004585 00 02009 2014.34854000 0.000 inf 0 0 0 24.02
s 02 004585 00 02026 2014.34854000 0.000 inf 0 0 0 24.02
s 02 004585 00 01968 2016.24390000 14.491 0.005 0 2 0 24.02
s 02 004585 00 02009 2016.24390000 0.000 inf 0 0 0 24.02
s 02 004585 00 02026 2016.24390000 0.000 inf 0 0 0 24.02
s 02 004585 00 02026 2016.28020000 0.000 inf 0 0 0 24.02
s 02 004585 00 02009 2016.28020000 0.000 inf 0 0 0 24.02
s 02 004585 00 01968 2016.28020000 14.489 0.005 0 2 0 24.02
s 02 004585 00 02026 2016.31676000 0.000 inf 0 0 0 24.02
s 02 004585 00 01968 2016.31676000 14.490 0.005 0 2 0 24.02
s 02 004585 00 02009 2016.31676000 0.000 inf 0 0 0 24.02
s 02 004585 00 02026 2016.35428000 0.000 inf 0 0 0 24.02
s 02 004585 00 01968 2016.35428000 14.520 11.475 0 2 4 24.02
s 02 004585 00 02009 2016.35428000 0.000 inf 0 0 0 24.02
s 02 004585 00 02009 2017.22769000 0.000 inf 0 0 0 24.02
s 02 004585 00 02026 2017.22769000 14.483 0.006 0 2 0 24.02
s 02 004585 00 01968 2017.22769000 0.000 inf 0 0 0 24.02
s 02 004585 00 02009 2017.26839000 0.000 inf 0 0 0 24.02
s 02 004585 00 02026 2017.26839000 14.482 0.006 0 2 0 24.02
s 02 004585 00 01968 2017.26839000 0.000 inf 0 0 0 24.02
s 02 004585 00 02009 2017.30912000 0.000 inf 0 0 0 24.02
s 02 004585 00 02026 2017.30912000 0.000 inf 0 0 0 24.02
s 02 004585 00 01968 2017.30912000 14.479 0.654 0 2 4 24.02
s 02 004585 00 02009 2018.27787000 0.000 inf 0 0 0 24.02
s 02 004585 00 02026 2018.27787000 0.000 inf 0 0 0 24.02
s 02 004585 00 01968 2018.27787000 14.434 11.578 0 2 4 24.02
s 02 004585 00 01968 2018.31824000 0.000 inf 0 0 0 24.02
s 02 004585 00 02009 2018.31824000 0.000 inf 0 0 0 24.02
s 02 004585 00 02026 2018.31824000 14.483 0.006 0 2 0 24.02
s 02 004585 00 01968 2019.27926000 0.000 inf 0 0 0 24.02
s 02 004585 00 02009 2019.27926000 0.000 inf 0 0 0 24.02
s 02 004585 00 02026 2019.27926000 0.000 inf 0 0 0 24.02
s 02 004585 00 01968 2033.34730000 0.000 inf 0 0 0 24.02
s 02 004585 00 02009 2033.34730000 0.000 inf 0 0 0 24.02
s 02 004585 00 02026 2033.34730000 14.470 0.009 0 2 0 24.02
s 02 004585 00 02026 2034.45262000 14.284 0.041 0 2 12 24.02
s 02 004585 00 02009 2034.45262000 0.000 inf 0 0 0 24.02
s 02 004585 00 01968 2034.45262000 0.000 inf 0 0 0 24.02
s 02 004585 00 01968 2043.32721000 0.000 inf 0 0 0 24.02
s 02 004585 00 02026 2043.32721000 0.000 inf 0 0 0 24.02
s 02 004585 00 02009 2043.32721000 0.000 inf 0 0 0 24.02
s 02 004585 00 02009 2043.37179000 0.000 inf 0 0 0 24.02
s 02 004585 00 02026 2043.37179000 0.000 inf 0 0 0 24.02
s 02 004585 00 01968 2043.37179000 0.000 inf 0 0 0 24.02
s 02 004585 00 01968 2048.28380000 0.000 inf 0 0 0 24.02
s 02 004585 00 02026 2048.28380000 0.000 inf 0 0 0 24.02
s 02 004585 00 02009 2048.28380000 0.000 inf 0 0 0 24.02
s 02 004585 00 02009 2048.35531000 0.000 inf 0 0 0 24.02
s 02 004585 00 01968 2048.35531000 0.000 inf 0 0 0 24.02
s 02 004585 00 02026 2048.35531000 0.000 inf 0 0 0 24.02
s 02 004585 00 01968 2048.38770000 0.000 inf 0 0 0 24.02
s 02 004585 00 02009 2048.38770000 0.000 inf 0 0 0 24.02
s 02 004585 00 02026 2048.38770000 0.000 inf 0 0 0 24.02
s 02 004585 00 02026 2055.38635000 0.000 inf 0 0 0 24.02
s 02 004585 00 01968 2055.38635000 0.000 inf 0 0 0 24.02
s 02 004585 00 02009 2055.38635000 0.000 inf 0 0 0 24.02
s 02 004585 00 01968 2339.38208000 0.000 inf 0 0 0 24.02
s 02 004585 00 02009 2339.38208000 0.000 inf 0 0 0 24.02
s 02 004585 00 02026 2339.38208000 14.457 0.012 0 2 0 24.02
s 02 004585 00 02026 2339.39431000 14.449 0.013 0 2 0 24.02
s 02 004585 00 01968 2339.39431000 0.000 inf 0 0 0 24.02
s 02 004585 00 02009 2339.39431000 0.000 inf 0 0 0 24.02
s 02 004585 00 01968 2339.40657000 0.000 inf 0 0 0 24.02
s 02 004585 00 02026 2339.40657000 14.459 0.013 0 2 0 24.02
s 02 004585 00 02009 2339.40657000 0.000 inf 0 0 0 24.02
s 02 004585 00 02026 2339.42706000 14.468 0.010 0 2 0 24.02
s 02 004585 00 02009 2339.42706000 0.000 inf 0 0 0 24.02
s 02 004585 00 01968 2339.42706000 0.000 inf 0 0 0 24.02
s 02 004585 00 01968 2339.43424000 0.000 inf 0 0 0 24.02
s 02 004585 00 02026 2339.43424000 14.469 0.010 0 2 0 24.02
s 02 004585 00 02009 2339.43424000 0.000 inf 0 0 0 24.02
s 02 004585 00 01968 2339.44141000 0.000 inf 0 0 0 24.02
s 02 004585 00 02026 2339.44141000 14.466 0.010 0 2 0 24.02
s 02 004585 00 02009 2339.44141000 0.000 inf 0 0 0 24.02
s 02 004585 00 02026 2339.46196000 14.455 0.010 0 2 0 24.02
s 02 004585 00 02009 2339.46196000 0.000 inf 0 0 0 24.02
s 02 004585 00 01968 2339.46196000 0.000 inf 0 0 0 24.02
s 02 004585 00 01968 2339.46916000 0.000 inf 0 0 0 24.02
s 02 004585 00 02009 2339.46916000 0.000 inf 0 0 0 24.02
s 02 004585 00 02026 2339.46916000 14.472 0.010 0 2 0 24.02
s 02 004585 00 02009 2339.48257000 0.000 inf 0 0 0 24.02
s 02 004585 00 02026 2339.48257000 14.466 0.012 0 2 0 24.02
s 02 004585 00 01968 2339.48257000 0.000 inf 0 0 0 24.02
s 02 004585 00 02009 2340.33957000 0.000 inf 0 0 0 24.02
s 02 004585 00 01968 2340.33957000 0.000 inf 0 0 0 24.02
s 02 004585 00 02026 2340.33957000 14.466 0.012 0 2 0 24.02
s 02 004585 00 01968 2340.35179000 0.000 inf 0 0 0 24.02
s 02 004585 00 02026 2340.35179000 14.468 0.012 0 2 0 24.02
s 02 004585 00 02009 2340.35179000 0.000 inf 0 0 0 24.02
s 02 004585 00 02009 2340.36398000 0.000 inf 0 0 0 24.02
s 02 004585 00 01968 2340.36398000 0.000 inf 0 0 0 24.02
s 02 004585 00 02026 2340.36398000 14.461 0.012 0 2 0 24.02
s 02 004585 00 01968 2340.37617000 0.000 inf 0 0 0 24.02
s 02 004585 00 02009 2340.37617000 0.000 inf 0 0 0 24.02
s 02 004585 00 02026 2340.37617000 14.470 0.011 0 2 0 24.02
s 02 004585 00 01968 2340.38838000 0.000 inf 0 0 0 24.02
s 02 004585 00 02009 2340.38838000 0.000 inf 0 0 0 24.02
s 02 004585 00 02026 2340.38838000 14.472 0.011 0 2 0 24.02
s 02 004585 00 01968 2340.40060000 0.000 inf 0 0 0 24.02
s 02 004585 00 02026 2340.40060000 14.466 0.013 0 2 0 24.02
s 02 004585 00 02009 2340.40060000 0.000 inf 0 0 0 24.02
s 02 004585 00 02009 2340.41282000 0.000 inf 0 0 0 24.02
s 02 004585 00 02026 2340.41282000 14.485 0.012 0 2 0 24.02
s 02 004585 00 01968 2340.41282000 0.000 inf 0 0 0 24.02
s 02 004585 00 02026 2340.42510000 14.475 0.011 0 2 0 24.02
s 02 004585 00 01968 2340.42510000 0.000 inf 0 0 0 24.02
s 02 004585 00 02009 2340.42510000 0.000 inf 0 0 0 24.02
s 02 004585 00 02026 2340.43741000 14.484 0.011 0 2 0 24.02
s 02 004585 00 01968 2340.43741000 0.000 inf 0 0 0 24.02
s 02 004585 00 02009 2340.43741000 0.000 inf 0 0 0 24.02
s 02 004585 00 02026 2340.44972000 14.474 0.011 0 2 0 24.02
s 02 004585 00 02009 2340.44972000 0.000 inf 0 0 0 24.02
s 02 004585 00 01968 2340.44972000 0.000 inf 0 0 0 24.02
s 02 004585 00 02009 2340.46203000 0.000 inf 0 0 0 24.02
s 02 004585 00 02026 2340.46203000 14.467 0.009 0 2 0 24.02
s 02 004585 00 01968 2340.46203000 0.000 inf 0 0 0 24.02
s 02 004585 00 02026 2340.47438000 14.472 0.009 0 2 0 24.02
s 02 004585 00 02009 2340.47438000 0.000 inf 0 0 0 24.02
s 02 004585 00 01968 2340.47438000 0.000 inf 0 0 0 24.02
s 02 004585 00 01968 2341.31436000 0.000 inf 0 0 0 24.02
s 02 004585 00 02009 2341.31436000 0.000 inf 0 0 0 24.02
s 02 004585 00 02026 2341.31436000 14.466 0.012 0 2 0 24.02
s 02 004585 00 01968 2341.32648000 0.000 inf 0 0 0 24.02
s 02 004585 00 02026 2341.32648000 14.466 0.011 0 2 0 24.02
s 02 004585 00 02009 2341.32648000 0.000 inf 0 0 0 24.02
s 02 004585 00 01968 2341.33896000 0.000 inf 0 0 0 24.02
s 02 004585 00 02009 2341.33896000 0.000 inf 0 0 0 24.02
s 02 004585 00 02026 2341.33896000 14.463 0.012 0 2 0 24.02
s 02 004585 00 02026 2341.35113000 14.469 0.011 0 2 0 24.02
s 02 004585 00 01968 2341.35113000 0.000 inf 0 0 0 24.02
s 02 004585 00 02009 2341.35113000 0.000 inf 0 0 0 24.02
s 02 004585 00 02009 2341.36334000 0.000 inf 0 0 0 24.02
s 02 004585 00 02026 2341.36334000 14.477 0.010 0 2 0 24.02
s 02 004585 00 01968 2341.36334000 0.000 inf 0 0 0 24.02
s 02 004585 00 02026 2341.37558000 14.479 0.011 0 2 0 24.02
s 02 004585 00 01968 2341.37558000 0.000 inf 0 0 0 24.02
s 02 004585 00 02009 2341.37558000 0.000 inf 0 0 0 24.02
s 02 004585 00 02009 2341.38775000 0.000 inf 0 0 0 24.02
s 02 004585 00 02026 2341.38775000 14.464 0.012 0 2 0 24.02
s 02 004585 00 01968 2341.38775000 0.000 inf 0 0 0 24.02
s 02 004585 00 02009 2341.39998000 0.000 inf 0 0 0 24.02
s 02 004585 00 01968 2341.39998000 0.000 inf 0 0 0 24.02
s 02 004585 00 02026 2341.39998000 14.473 0.011 0 2 0 24.02
s 02 004585 00 02009 2341.41230000 0.000 inf 0 0 0 24.02
s 02 004585 00 02026 2341.41230000 14.465 0.011 0 2 0 24.02
s 02 004585 00 01968 2341.41230000 0.000 inf 0 0 0 24.02
s 02 004585 00 02026 2341.42458000 14.460 0.011 0 2 0 24.02
s 02 004585 00 01968 2341.42458000 0.000 inf 0 0 0 24.02
s 02 004585 00 02009 2341.42458000 0.000 inf 0 0 0 24.02
s 02 004585 00 01968 2341.43688000 0.000 inf 0 0 0 24.02
s 02 004585 00 02026 2341.43688000 14.464 0.011 0 2 0 24.02
s 02 004585 00 02009 2341.43688000 0.000 inf 0 0 0 24.02
s 02 004585 00 02026 2341.44922000 14.460 0.010 0 2 0 24.02
s 02 004585 00 01968 2341.44922000 0.000 inf 0 0 0 24.02
s 02 004585 00 02009 2341.44922000 0.000 inf 0 0 0 24.02
s 02 004585 00 02009 2341.46155000 0.000 inf 0 0 0 24.02
s 02 004585 00 02026 2341.46155000 14.465 0.010 0 2 0 24.02
s 02 004585 00 01968 2341.46155000 0.000 inf 0 0 0 24.02
s 02 004585 00 01968 2341.47397000 0.000 inf 0 0 0 24.02
s 02 004585 00 02026 2341.47397000 14.469 0.010 0 2 0 24.02
s 02 004585 00 02009 2341.47397000 0.000 inf 0 0 0 24.02
s 02 004585 00 02009 2346.30291000 0.000 inf 0 0 0 24.02
s 02 004585 00 01968 2346.30291000 0.000 inf 0 0 0 24.02
s 02 004585 00 02026 2346.30291000 14.478 0.013 0 2 0 24.02
s 02 004585 00 02026 2346.31507000 14.476 0.014 0 2 0 24.02
s 02 004585 00 01968 2346.31507000 0.000 inf 0 0 0 24.02
s 02 004585 00 02009 2346.31507000 0.000 inf 0 0 0 24.02
s 02 004585 00 01968 2346.32722000 0.000 inf 0 0 0 24.02
s 02 004585 00 02026 2346.32722000 14.467 0.013 0 2 0 24.02
s 02 004585 00 02009 2346.32722000 0.000 inf 0 0 0 24.02
s 02 004585 00 02026 2346.33940000 14.465 0.013 0 2 0 24.02
s 02 004585 00 02009 2346.33940000 0.000 inf 0 0 0 24.02
s 02 004585 00 01968 2346.33940000 0.000 inf 0 0 0 24.02
s 02 004585 00 01968 2346.35157000 0.000 inf 0 0 0 24.02
s 02 004585 00 02009 2346.35157000 0.000 inf 0 0 0 24.02
s 02 004585 00 02026 2346.35157000 14.462 0.012 0 2 0 24.02
s 02 004585 00 02009 2346.36381000 0.000 inf 0 0 0 24.02
s 02 004585 00 02026 2346.36381000 14.460 0.013 0 2 0 24.02
s 02 004585 00 01968 2346.36381000 0.000 inf 0 0 0 24.02
s 02 004585 00 02026 2346.37604000 14.470 0.012 0 2 0 24.02
s 02 004585 00 02009 2346.37604000 0.000 inf 0 0 0 24.02
s 02 004585 00 01968 2346.37604000 0.000 inf 0 0 0 24.02
s 02 004585 00 02026 2346.38834000 14.457 0.011 0 2 0 24.02
s 02 004585 00 01968 2346.38834000 0.000 inf 0 0 0 24.02
s 02 004585 00 02009 2346.38834000 0.000 inf 0 0 0 24.02
s 02 004585 00 02009 2346.40065000 0.000 inf 0 0 0 24.02
s 02 004585 00 02026 2346.40065000 14.464 0.014 0 2 0 24.02
s 02 004585 00 01968 2346.40065000 0.000 inf 0 0 0 24.02
s 02 004585 00 01968 2346.41295000 0.000 inf 0 0 0 24.02
s 02 004585 00 02026 2346.41295000 14.481 0.011 0 2 0 24.02
s 02 004585 00 02009 2346.41295000 0.000 inf 0 0 0 24.02
s 02 004585 00 02009 2346.42527000 0.000 inf 0 0 0 24.02
s 02 004585 00 02026 2346.42527000 14.469 0.013 0 2 0 24.02
s 02 004585 00 01968 2346.42527000 0.000 inf 0 0 0 24.02
s 02 004585 00 02009 2346.43762000 0.000 inf 0 0 0 24.02
s 02 004585 00 02026 2346.43762000 14.462 0.013 0 2 0 24.02
s 02 004585 00 01968 2346.43762000 0.000 inf 0 0 0 24.02
s 02 004585 00 02009 2346.44998000 0.000 inf 0 0 0 24.02
s 02 004585 00 02026 2346.44998000 14.462 0.010 0 2 0 24.02
s 02 004585 00 01968 2346.44998000 0.000 inf 0 0 0 24.02
s 02 004585 00 02009 2346.46242000 0.000 inf 0 0 0 24.02
s 02 004585 00 02026 2346.46242000 14.472 0.012 0 2 0 24.02
s 02 004585 00 01968 2346.46242000 0.000 inf 0 0 0 24.02
s 02 004585 00 02026 2751.38166000 14.476 0.006 2 2 0 19.86
s 02 004585 00 02009 2751.38166000 0.000 inf 0 0 0 19.86
s 02 004585 00 01968 2751.38166000 0.000 inf 0 0 0 19.86
