# Source: PTFS1819j
# Coordinates: 291.33084 36.45028
# Epoch Units: PTFJD
#
# Column definitions
# ------------------
# lcType: s = detected on reference image, t = transient
# filterID: 1 = g', 2 = R
# fieldID: PTF Field ID
# chipID: PTF Chip ID
# sourceID: Source ID
# epoch: Time of observation
# mag: calibrated magnitude
# magErr: calibrated magnitude error
# sextractorFlags: sextractor flags from detection
# ipacFlags: see documentation
# relPhotFlags: relative photometry flags
# limitMag: Magnitude at which 95% of source in reference image are detected
#           in this exposure
#
# lcType filterID fieldID chipID sourceID epoch mag magerr sextractorFlags ipacFlags relPhotFlags limitMag
s 02 004344 11 16680 943.18610000 16.695 0.018 0 2 4 20.29
s 02 004344 11 16680 943.20983000 16.685 0.018 0 2 4 20.39
s 02 004344 11 16680 943.24036000 16.696 0.018 0 2 4 20.37
s 02 004344 11 16680 943.28450000 16.684 0.022 0 2 4 19.62
s 02 004344 11 16680 943.31390000 16.691 0.019 0 2 4 20.04
s 02 004344 11 16680 943.33435000 17.197 0.181 0 2 4 17.50
s 02 004344 11 16680 943.49041000 0.000 inf 0 0 0 26.95
s 02 004344 11 16680 1932.45678000 16.667 0.014 0 2 0 19.54
s 02 004344 11 16680 1932.48544000 16.685 0.013 0 2 0 19.54
s 02 004344 11 16680 1934.47390000 16.664 0.013 0 2 0 19.58
s 02 004344 11 16680 1934.50922000 16.677 0.013 0 2 0 19.56
s 02 004344 11 16680 1937.44964000 16.644 0.066 0 2 4 17.39
s 02 004344 11 16680 1937.48953000 16.693 0.016 0 2 0 19.32
s 02 004344 11 16680 1939.44568000 16.691 0.011 0 2 0 19.89
s 02 004344 11 16680 1939.48998000 16.675 0.010 0 2 0 20.12
s 02 004344 11 16680 1940.47641000 16.714 0.015 0 2 0 19.33
s 02 004344 11 16680 1943.50322000 16.693 0.013 0 2 0 19.52
s 02 004344 11 16680 1944.43530000 16.705 0.015 3 2 0 18.92
s 02 004344 11 16680 1944.47031000 16.700 0.016 3 2 4 19.35
s 02 004344 11 16680 1947.40997000 16.674 0.012 2 2 0 19.76
s 02 004344 11 16680 1947.45385000 16.692 0.012 0 2 0 19.96
s 02 004344 11 16680 2019.22436000 16.707 0.014 0 2 0 19.43
s 02 004344 11 16680 2019.26328000 0.000 inf 0 0 0 18.98
s 02 004344 11 16680 2019.30221000 16.688 0.013 0 2 0 19.52
s 02 004344 11 16680 2027.36094000 16.679 0.008 0 2 0 20.68
s 02 004344 11 16680 2027.42105000 0.000 inf 0 0 0 29.34
s 02 004344 11 16680 2029.39855000 0.000 inf 0 0 0 9.15
s 02 004344 11 16680 2029.45038000 0.000 inf 0 0 0 27.80
s 02 004344 11 16680 2032.43603000 0.000 inf 0 0 0 29.08
s 02 004344 11 16680 2032.45977000 0.000 inf 0 0 0 39.18
s 02 004344 11 16680 2033.34502000 16.694 0.014 0 2 4 20.18
s 02 004344 11 16680 2033.38517000 16.683 0.010 0 2 0 20.44
s 02 004344 11 16680 2034.45028000 0.000 inf 0 0 0 14.70
s 02 004344 11 16680 2036.30646000 16.682 0.009 0 2 0 20.29
s 02 004344 11 16680 2036.33042000 0.000 inf 0 0 0 27.49
s 02 004344 11 16680 2038.31734000 16.696 0.018 0 2 4 17.68
s 02 004344 11 16680 2038.34238000 0.000 inf 0 0 0 28.38
s 02 004344 11 16680 2039.18198000 0.000 inf 0 0 0 19.06
s 02 004344 11 16680 2039.20248000 0.000 inf 0 0 0 26.38
s 02 004344 11 16680 2042.19519000 16.673 0.010 0 2 0 20.19
s 02 004344 11 16680 2042.23191000 16.671 0.009 0 2 0 20.19
s 02 004344 11 16680 2051.28602000 16.699 0.010 0 2 0 20.14
s 02 004344 11 16680 2051.31473000 16.671 0.010 0 2 0 20.09
s 02 004344 11 16680 2751.24645000 16.720 0.010 0 2 0 20.01
s 02 004344 11 16680 2752.17640000 16.728 0.011 0 2 0 19.75
s 02 004344 11 16680 2752.21440000 16.717 0.011 0 2 0 19.74
s 02 004344 11 16680 2752.34220000 16.712 0.010 0 2 0 19.89
s 02 004344 11 16680 2752.38484000 16.715 0.009 0 2 0 20.02
s 02 004344 11 16680 2753.17895000 16.732 0.011 0 2 0 19.64
s 02 004344 11 16680 2753.21221000 16.713 0.010 0 2 0 19.78
s 02 004344 11 16680 2753.31788000 16.691 0.011 0 2 0 19.26
s 02 004344 11 16680 2753.36925000 16.721 0.010 0 2 0 19.68
s 02 004344 11 16680 2754.30749000 16.736 0.011 0 2 0 19.62
s 02 004344 11 16680 2754.35547000 16.698 0.011 0 2 0 19.58
