# Source: PTFS1820l
# Coordinates: 300.84397 34.70826
# Epoch Units: PTFJD
#
# Column definitions
# ------------------
# lcType: s = detected on reference image, t = transient
# filterID: 1 = g', 2 = R
# fieldID: PTF Field ID
# chipID: PTF Chip ID
# sourceID: Source ID
# epoch: Time of observation
# mag: calibrated magnitude
# magErr: calibrated magnitude error
# sextractorFlags: sextractor flags from detection
# ipacFlags: see documentation
# relPhotFlags: relative photometry flags
# limitMag: Magnitude at which 95% of source in reference image are detected
#           in this exposure
#
# lcType filterID fieldID chipID sourceID epoch mag magerr sextractorFlags ipacFlags relPhotFlags limitMag
s 02 004262 10 38219 1670.17140000 18.066 0.028 0 2 0 19.66
s 02 004262 10 38219 1670.21389000 18.100 0.027 0 2 0 19.75
s 02 004262 10 38219 1670.25090000 18.065 0.029 0 2 0 19.68
s 02 004262 10 38219 1670.28730000 18.105 0.029 0 2 0 19.65
s 02 004262 10 38219 1670.32431000 18.080 0.029 0 2 0 19.59
s 02 004262 10 38219 1671.22571000 18.087 0.029 0 2 0 19.64
s 02 004262 10 38219 1671.30236000 18.078 0.026 0 2 0 19.64
s 02 004262 10 38219 1671.35295000 0.000 inf 0 0 0 19.29
s 02 004262 10 38219 1671.39024000 18.075 0.026 0 2 0 19.77
s 02 004262 10 38219 1674.25392000 0.000 inf 0 0 0 13.96
s 02 004262 10 38219 1674.29233000 18.080 0.027 0 2 0 19.61
s 02 004262 10 38219 1678.31198000 0.000 inf 0 0 0 7.62
s 02 004262 10 38219 1682.16250000 18.126 0.029 0 2 0 19.68
s 02 004262 10 38219 1683.17167000 18.070 0.030 0 2 0 19.51
s 02 004262 10 38219 1683.21056000 0.000 inf 0 0 0 19.51
s 02 004262 10 38219 1684.16094000 0.000 inf 0 0 0 19.14
s 02 004262 10 38219 1684.19669000 0.000 inf 0 0 0 19.30
s 02 004262 10 38219 1689.15881000 0.000 inf 0 0 0 18.65
s 02 004262 10 38219 1689.19333000 18.028 0.039 0 2 0 19.31
s 02 004262 10 38219 1695.23749000 18.127 0.054 0 2 0 18.90
s 02 004262 10 38219 1695.27017000 18.150 0.046 0 2 0 19.10
s 02 004262 10 38219 1696.17242000 18.112 0.030 0 2 0 19.60
s 02 004262 10 38219 1696.20683000 18.090 0.033 0 194 0 19.37
s 02 004262 10 38219 1700.16447000 18.115 0.028 0 2 0 19.67
s 02 004262 10 38219 1700.21456000 18.110 0.027 0 2 0 19.69
s 02 004262 10 38219 1701.18007000 18.067 0.027 0 194 0 19.67
s 02 004262 10 38219 1701.39368000 18.040 0.030 0 2 0 19.58
s 02 004262 10 38219 1707.15187000 18.082 0.026 0 2 0 19.71
s 02 004262 10 38219 1707.18906000 18.073 0.026 0 2 0 19.73
s 02 004262 10 38219 1709.15919000 18.116 0.026 0 194 0 19.73
s 02 004262 10 38219 1709.19494000 18.083 0.027 0 2 0 19.73
s 02 004262 10 38219 1710.14613000 18.102 0.026 0 2 0 19.75
s 02 004262 10 38219 1710.17829000 18.043 0.026 0 194 0 19.73
s 02 004262 10 38219 1714.14400000 18.101 0.029 0 194 0 19.61
s 02 004262 10 38219 1714.17455000 18.113 0.027 0 2 0 19.67
s 02 004262 10 38219 2000.38056000 18.102 0.026 0 2 0 19.79
s 02 004262 10 38219 2000.41448000 18.097 0.023 0 2 0 19.82
s 02 004262 10 38219 2007.44108000 18.052 0.024 0 2 0 24.02
s 02 004262 10 38219 2007.45616000 18.090 0.024 0 2 0 24.02
s 02 004262 10 38219 2014.30718000 18.101 0.030 0 2 0 24.02
s 02 004262 10 38219 2014.34381000 18.124 0.030 0 2 0 24.02
s 02 004262 10 38219 2022.48186000 18.131 0.035 0 2 0 24.02
s 02 004262 10 38219 2029.22770000 18.120 0.029 0 2 0 24.02
s 02 004262 10 38219 2029.25933000 18.068 0.026 0 2 0 24.02
s 02 004262 10 38219 2029.29685000 18.095 0.026 0 2 0 24.02
s 02 004262 10 38219 2029.34169000 18.092 0.025 0 2 0 24.02
s 02 004262 10 38219 2029.37228000 18.123 0.024 0 2 0 24.02
s 02 004262 10 38219 2035.31213000 18.095 0.025 0 2 0 24.02
s 02 004262 10 38219 2035.34859000 18.087 0.024 0 2 0 24.02
s 02 004262 10 38219 2035.38594000 18.068 0.027 0 2 0 24.02
s 02 004262 10 38219 2035.42551000 18.069 0.029 0 2 0 24.02
s 02 004262 10 38219 2035.46065000 18.085 0.030 0 2 0 24.02
s 02 004262 10 38219 2042.24958000 18.099 0.030 0 2 0 24.02
s 02 004262 10 38219 2042.28414000 18.089 0.028 0 2 0 24.02
s 02 004262 10 38219 2042.31734000 18.129 0.027 0 2 0 24.02
s 02 004262 10 38219 2042.40618000 18.114 0.027 0 2 0 24.02
s 02 004262 10 38219 2042.44299000 18.085 0.029 0 2 0 24.02
s 02 004262 10 38219 2051.34546000 18.085 0.030 0 194 0 24.02
s 02 004262 10 38219 2051.39090000 18.068 0.032 0 2 0 24.02
s 02 004262 10 38219 2051.41275000 18.049 0.034 0 2 0 24.02
s 02 004262 10 38219 2058.30323000 18.132 0.031 0 2 0 24.02
s 02 004262 10 38219 2058.34362000 18.127 0.026 0 2 0 24.02
s 02 004262 10 38219 2058.36902000 18.116 0.027 0 2 0 24.02
s 02 004262 10 38219 2058.39959000 18.126 0.031 0 2 0 24.02
s 02 004262 10 38219 2376.32931000 18.093 0.037 0 2 0 24.02
s 02 004262 10 38219 2376.37022000 18.114 0.040 0 2 0 24.02
s 02 004262 10 38219 2387.25322000 18.098 0.026 0 2 0 24.02
s 02 004262 10 38219 2387.28106000 18.097 0.023 0 2 0 24.02
s 02 004262 10 38219 2394.26663000 18.080 0.024 0 2 0 24.02
s 02 004262 10 38219 2394.30310000 18.082 0.023 0 2 0 24.02
s 02 004262 10 38219 2398.24170000 18.092 0.030 0 2 0 24.02
s 02 004262 10 38219 2398.27685000 18.059 0.031 0 2 0 24.02
s 02 004262 10 38219 2400.20671000 18.055 0.041 0 2 0 24.02
s 02 004262 10 38219 2400.22993000 18.134 0.040 0 2 0 24.02
s 02 004262 10 38219 2405.29385000 18.140 0.038 0 2 0 24.02
s 02 004262 10 38219 2405.33497000 18.165 0.038 0 2 0 24.02
s 02 004262 10 38219 2408.27118000 18.143 0.027 0 2 0 24.02
s 02 004262 10 38219 2408.31117000 18.092 0.029 0 2 0 24.02
s 02 004262 10 38219 2411.31697000 18.167 0.026 0 2 0 24.02
s 02 004262 10 38219 2414.28661000 18.128 0.028 0 2 0 24.02
s 02 004262 10 38219 2414.31839000 18.101 0.026 0 2 0 24.02
s 02 004262 10 38219 2417.28344000 0.000 inf 0 0 0 24.02
s 02 004262 10 38219 2417.31706000 18.086 0.031 0 2 0 24.02
s 02 004262 10 38219 2745.17632000 18.145 0.036 0 2 0 19.32
s 02 004262 10 38219 2745.17755000 18.203 0.037 0 2 0 19.33
s 02 004262 10 38219 2745.17877000 18.175 0.037 0 194 0 19.40
s 02 004262 10 38219 2745.17999000 18.217 0.035 0 194 0 19.44
s 02 004262 10 38219 2745.18125000 18.127 0.034 0 2 0 19.41
s 02 004262 10 38219 2745.18248000 18.221 0.035 0 194 0 19.45
s 02 004262 10 38219 2745.18372000 18.168 0.035 0 2 0 19.48
s 02 004262 10 38219 2745.18494000 18.125 0.033 0 2 0 19.44
s 02 004262 10 38219 2745.18617000 18.139 0.034 0 194 0 19.46
s 02 004262 10 38219 2745.18828000 18.177 0.032 0 194 0 19.44
s 02 004262 10 38219 2745.18954000 18.133 0.034 0 2 0 19.41
s 02 004262 10 38219 2745.19076000 18.149 0.032 0 2 0 19.46
s 02 004262 10 38219 2745.19199000 18.139 0.032 0 2 0 19.45
s 02 004262 10 38219 2745.19322000 18.169 0.032 0 194 0 19.43
s 02 004262 10 38219 2745.19444000 18.155 0.032 0 2 0 19.44
s 02 004262 10 38219 2745.19567000 18.175 0.033 1 2 0 19.45
s 02 004262 10 38219 2745.19690000 18.169 0.034 1 2 0 19.43
s 02 004262 10 38219 2745.19813000 18.223 0.036 1 2 0 19.43
s 02 004262 10 38219 2745.19936000 0.000 inf 0 0 0 19.42
s 02 004262 10 38219 2745.20060000 0.000 inf 0 0 0 19.40
s 02 004262 10 38219 2745.20183000 0.000 inf 0 0 0 19.38
s 02 004262 10 38219 2745.20428000 0.000 inf 0 0 0 19.40
s 02 004262 10 38219 2745.20551000 0.000 inf 0 0 0 19.42
s 02 004262 10 38219 2745.20675000 0.000 inf 0 0 0 19.43
s 02 004262 10 38219 2745.20799000 0.000 inf 0 0 0 19.39
s 02 004262 10 38219 2745.20922000 0.000 inf 0 0 0 19.42
s 02 004262 10 38219 2745.21045000 0.000 inf 0 0 0 19.43
s 02 004262 10 38219 2745.21169000 0.000 inf 0 0 0 19.36
s 02 004262 10 38219 2745.21291000 0.000 inf 0 0 0 19.38
s 02 004262 10 38219 2745.21413000 0.000 inf 0 0 0 19.39
s 02 004262 10 38219 2745.21537000 0.000 inf 0 0 0 19.44
s 02 004262 10 38219 2745.21660000 0.000 inf 0 0 0 19.45
s 02 004262 10 38219 2745.21784000 0.000 inf 0 0 0 19.33
s 02 004262 10 38219 2745.21906000 0.000 inf 0 0 0 19.37
s 02 004262 10 38219 2745.22029000 0.000 inf 0 0 0 19.38
s 02 004262 10 38219 2745.22152000 0.000 inf 0 0 0 19.37
s 02 004262 10 38219 2745.22274000 0.000 inf 0 0 0 19.41
s 02 004262 10 38219 2745.22398000 0.000 inf 0 0 0 19.40
s 02 004262 10 38219 2745.22521000 0.000 inf 0 0 0 19.39
s 02 004262 10 38219 2745.22645000 0.000 inf 0 0 0 19.42
s 02 004262 10 38219 2745.22767000 0.000 inf 0 0 0 19.42
s 02 004262 10 38219 2745.22891000 0.000 inf 0 0 0 19.45
s 02 004262 10 38219 2745.23137000 0.000 inf 0 0 0 19.43
s 02 004262 10 38219 2745.23260000 0.000 inf 0 0 0 19.42
s 02 004262 10 38219 2745.23383000 0.000 inf 0 0 0 19.42
s 02 004262 10 38219 2745.23507000 0.000 inf 0 0 0 19.42
s 02 004262 10 38219 2745.23630000 0.000 inf 0 0 0 19.45
s 02 004262 10 38219 2745.23753000 0.000 inf 0 0 0 19.46
s 02 004262 10 38219 2745.23876000 0.000 inf 0 0 0 19.45
s 02 004262 10 38219 2745.23999000 0.000 inf 0 0 0 19.44
s 02 004262 10 38219 2745.24247000 0.000 inf 0 0 0 19.43
s 02 004262 10 38219 2745.24370000 0.000 inf 0 0 0 19.43
s 02 004262 10 38219 2745.24493000 0.000 inf 0 0 0 19.43
s 02 004262 10 38219 2745.24617000 0.000 inf 0 0 0 19.43
s 02 004262 10 38219 2745.24741000 0.000 inf 0 0 0 19.39
s 02 004262 10 38219 2745.24865000 0.000 inf 0 0 0 19.37
s 02 004262 10 38219 2745.24987000 0.000 inf 0 0 0 19.40
s 02 004262 10 38219 2745.25111000 0.000 inf 0 0 0 19.42
s 02 004262 10 38219 2745.25356000 0.000 inf 0 0 0 19.47
s 02 004262 10 38219 2745.25481000 0.000 inf 0 0 0 19.43
s 02 004262 10 38219 2745.25604000 0.000 inf 0 0 0 19.42
s 02 004262 10 38219 2745.25728000 0.000 inf 0 0 0 19.43
s 02 004262 10 38219 2745.25852000 0.000 inf 0 0 0 19.42
s 02 004262 10 38219 2745.25975000 0.000 inf 0 0 0 19.39
s 02 004262 10 38219 2745.26098000 0.000 inf 0 0 0 19.44
s 02 004262 10 38219 2745.26222000 0.000 inf 0 0 0 19.41
