# Source: PTFS1821d
# Coordinates: 326.48342 32.38425
# Epoch Units: PTFJD
#
# Column definitions
# ------------------
# lcType: s = detected on reference image, t = transient
# filterID: 1 = g', 2 = R
# fieldID: PTF Field ID
# chipID: PTF Chip ID
# sourceID: Source ID
# epoch: Time of observation
# mag: calibrated magnitude
# magErr: calibrated magnitude error
# sextractorFlags: sextractor flags from detection
# ipacFlags: see documentation
# relPhotFlags: relative photometry flags
# limitMag: Magnitude at which 95% of source in reference image are detected
#           in this exposure
#
# lcType filterID fieldID chipID sourceID epoch mag magerr sextractorFlags ipacFlags relPhotFlags limitMag
s 02 004181 10 14916 1659.45163000 14.959 0.011 0 2 4 24.02
s 02 004181 10 14916 1659.48830000 14.807 0.012 0 2 4 24.02
s 02 004181 10 14916 1666.49478000 14.587 0.007 0 2 0 19.43
s 02 004181 10 14916 1672.45334000 14.946 0.005 0 2 0 20.73
s 02 004181 10 14916 1672.48987000 0.000 inf 0 0 0 20.45
s 02 004181 10 14916 1675.19024000 14.650 0.004 0 2 0 20.12
s 02 004181 10 14916 1675.22514000 14.879 0.004 0 2 0 20.48
s 02 004181 10 14916 1696.18149000 14.606 0.006 0 2 0 19.78
s 02 004181 10 14916 1696.21590000 14.762 0.006 0 2 0 19.75
s 02 004181 10 14916 1710.16170000 14.676 0.005 0 2 0 24.02
s 02 004181 10 14916 1710.21918000 14.061 0.236 0 2 12 24.02
s 02 004181 10 14916 1714.15355000 14.634 0.005 0 2 0 24.02
s 02 004181 10 14916 1714.18476000 14.818 0.005 0 2 0 24.02
s 02 004181 10 14916 1715.14894000 14.690 0.004 0 2 0 24.02
s 02 004181 10 14916 1715.19772000 14.576 0.004 0 2 0 24.02
s 02 004181 10 14916 1716.14411000 14.882 0.005 0 2 0 24.02
s 02 004181 10 14916 1716.17433000 14.950 0.005 0 2 0 24.02
s 02 004181 10 14916 1717.15156000 14.577 0.005 0 2 0 24.02
s 02 004181 10 14916 1717.18262000 14.638 0.004 0 2 0 24.02
s 02 004181 10 14916 1718.14765000 14.853 0.005 0 194 0 24.02
s 02 004181 10 14916 1718.18271000 14.684 0.005 0 2 0 24.02
s 02 004181 10 14916 1719.14951000 14.694 0.005 0 2 0 19.71
s 02 004181 10 14916 1719.18295000 14.933 0.005 0 2 0 19.83
s 02 004181 10 14916 1720.14012000 14.606 0.005 0 2 0 19.59
s 02 004181 10 14916 1720.19824000 14.603 0.005 0 2 0 19.64
s 02 004181 10 14916 1726.29988000 14.751 0.005 0 2 0 19.78
s 02 004181 10 14916 1726.33375000 14.979 0.006 0 2 0 19.66
s 02 004181 10 14916 1727.31186000 14.572 0.004 0 2 0 24.02
s 02 004181 10 14916 1727.34395000 14.594 0.005 0 2 0 24.02
s 02 004181 10 14916 1728.32764000 14.752 0.005 0 2 0 24.02
s 02 004181 10 14916 1728.35950000 14.610 0.005 0 2 0 24.02
s 02 004181 10 14916 1746.12065000 14.598 0.004 0 2 0 24.02
s 02 004181 10 14916 1746.15668000 14.563 0.004 0 2 0 24.02
s 02 004181 10 14916 1982.30319000 14.593 0.005 0 2 0 19.76
s 02 004181 10 14916 1982.32921000 14.561 0.004 0 2 0 19.89
s 02 004181 10 14916 1982.35277000 14.568 0.004 0 2 0 20.32
s 02 004181 10 14916 1983.39906000 14.583 0.004 0 2 0 20.39
s 02 004181 10 14916 1983.42403000 14.615 0.004 0 2 0 20.50
s 02 004181 10 14916 1983.44782000 14.665 0.004 0 2 0 20.46
s 01 004181 10 11639 2073.15385000 15.558 0.006 0 2 0 20.04
s 01 004181 10 11639 2073.18595000 15.261 0.005 0 2 0 20.03
s 01 004181 10 11639 2420.15839000 15.613 0.067 0 2 4 19.96
s 01 004181 10 11639 2421.15904000 15.171 0.004 0 2 0 20.38
s 01 004181 10 11639 2421.19566000 15.415 0.004 0 2 0 20.65
s 01 004181 10 11639 2421.23700000 15.496 0.004 0 2 0 21.04
s 01 004181 10 11639 2421.27372000 15.188 0.004 0 2 0 20.98
s 01 004181 10 11639 2422.15775000 15.104 0.005 0 2 0 20.25
s 01 004181 10 11639 2422.19431000 15.009 0.005 0 2 0 20.26
s 01 004181 10 11639 2422.23567000 15.082 0.004 0 2 0 20.52
s 01 004181 10 11639 2422.27243000 15.289 0.004 0 2 0 20.60
s 01 004181 10 11639 2423.16920000 15.478 0.005 0 2 0 20.39
s 01 004181 10 11639 2423.20341000 15.331 0.004 0 2 0 20.58
s 01 004181 10 11639 2423.23059000 15.172 0.004 0 2 0 20.88
s 01 004181 10 11639 2423.26476000 15.104 0.004 0 2 0 20.92
s 01 004181 10 11639 2424.16830000 15.109 0.004 0 2 0 20.39
s 01 004181 10 11639 2424.20235000 15.219 0.004 0 2 0 20.45
s 01 004181 10 11639 2424.22944000 15.461 0.005 0 2 0 20.48
s 01 004181 10 11639 2424.26367000 15.483 0.005 0 2 0 20.84
s 01 004181 10 11639 2425.17157000 15.179 0.005 0 2 0 20.42
s 01 004181 10 11639 2425.20083000 15.068 0.004 0 2 0 20.43
s 01 004181 10 11639 2426.16991000 15.305 0.005 0 2 0 20.27
s 01 004181 10 11639 2426.19894000 15.477 0.005 0 2 0 20.30
s 01 004181 10 11639 2427.16990000 15.006 0.021 0 2 4 18.78
s 01 004181 10 11639 2427.19885000 15.069 0.038 0 2 4 17.28
s 01 004181 10 11639 2436.27683000 15.089 0.005 0 2 0 20.23
s 01 004181 10 11639 2437.23586000 15.488 0.005 0 2 0 20.37
s 01 004181 10 11639 2437.27549000 15.316 0.005 0 2 0 20.23
s 01 004181 10 11639 2438.15929000 15.171 0.004 0 2 0 20.53
s 01 004181 10 11639 2438.19412000 15.051 0.004 0 2 0 20.55
s 01 004181 10 11639 2439.15929000 15.328 0.004 0 2 0 20.53
s 01 004181 10 11639 2439.19399000 15.486 0.005 0 2 0 20.54
s 01 004181 10 11639 2440.15727000 15.079 0.004 0 2 0 20.49
s 01 004181 10 11639 2440.18848000 15.120 0.004 0 2 0 20.61
s 01 004181 10 11639 2441.16750000 15.368 0.005 0 2 0 20.37
s 01 004181 10 11639 2441.19873000 15.145 0.004 0 2 0 20.45
s 01 004181 10 11639 2456.13720000 15.132 0.005 0 2 0 19.86
s 01 004181 10 11639 2456.16635000 15.073 0.005 0 2 0 20.01
s 01 004181 10 11639 2457.13360000 15.440 0.006 0 2 0 19.83
s 01 004181 10 11639 2457.16983000 15.498 0.006 0 2 0 19.89
s 01 004181 10 11639 2458.16237000 15.069 0.005 0 2 0 19.67
s 01 004181 10 11639 2458.19479000 15.217 0.006 0 2 0 19.71
s 01 004181 10 11639 2463.17265000 15.244 0.005 0 2 0 19.95
s 01 004181 10 11639 2463.20940000 15.473 0.006 0 2 0 19.92
s 01 004181 10 11639 2464.16002000 15.112 0.004 0 2 0 20.55
s 01 004181 10 11639 2465.14013000 15.331 0.004 0 2 0 20.51
s 01 004181 10 11639 2467.13431000 15.483 0.005 0 2 0 20.75
s 01 004181 10 11639 2472.16008000 15.117 0.005 0 2 0 20.56
s 01 004181 10 11639 2473.13382000 15.273 0.004 0 2 0 20.71
s 01 004181 10 11639 2474.12449000 15.076 0.004 0 2 0 20.62
s 01 004181 10 11639 2475.13553000 15.454 0.004 0 2 0 20.78
s 01 004181 10 11639 2485.13178000 15.199 0.006 0 2 0 20.01
s 01 004181 10 11639 2487.11385000 15.074 0.006 0 2 0 19.71
s 02 004181 10 14916 2768.39034000 14.621 0.008 0 2 0 20.03
s 02 004181 10 14916 2768.43499000 14.934 0.007 0 2 0 20.11
s 02 004181 10 14916 2769.38698000 14.586 0.006 0 2 0 20.07
s 02 004181 10 14916 2769.42694000 14.530 0.006 0 2 0 20.10
s 02 004181 10 14916 2771.39976000 14.573 0.005 0 2 0 20.26
s 02 004181 10 14916 2771.43486000 14.717 0.008 0 2 0 20.13
s 02 004181 10 14916 2772.41334000 14.594 0.005 0 2 0 20.17
s 02 004181 10 14916 2772.44144000 14.536 0.005 0 2 0 20.16
s 02 004181 10 14916 2773.39091000 14.735 0.005 0 2 0 20.25
s 02 004181 10 14916 2773.42206000 14.912 0.005 0 2 0 20.20
s 02 004181 10 14916 2782.21135000 14.539 0.005 0 2 0 19.79
s 02 004181 10 14916 2782.24079000 14.609 0.005 0 2 0 19.78
s 01 004181 10 11639 2793.21870000 15.052 0.005 0 2 0 20.35
s 02 004181 10 14916 2793.25422000 14.538 0.004 0 2 0 20.18
