# Source: PTFS1822r
# Coordinates: 337.27274 65.24496
# Epoch Units: PTFJD
#
# Column definitions
# ------------------
# lcType: s = detected on reference image, t = transient
# filterID: 1 = g', 2 = R
# fieldID: PTF Field ID
# chipID: PTF Chip ID
# sourceID: Source ID
# epoch: Time of observation
# mag: calibrated magnitude
# magErr: calibrated magnitude error
# sextractorFlags: sextractor flags from detection
# ipacFlags: see documentation
# relPhotFlags: relative photometry flags
# limitMag: Magnitude at which 95% of source in reference image are detected
#           in this exposure
#
# lcType filterID fieldID chipID sourceID epoch mag magerr sextractorFlags ipacFlags relPhotFlags limitMag
t 02 005180 07 01200 1610.41873000 13.771 0.005 2 2 8 19.69
t 02 005180 07 01200 1610.46603000 13.825 0.006 3 2 8 19.83
t 02 005180 07 01200 1611.38580000 14.150 0.005 3 2 8 19.90
t 02 005180 07 01200 1611.44109000 14.187 0.006 3 2 8 19.94
t 02 005180 07 01200 1612.38863000 14.154 0.006 3 2 8 19.56
t 02 005180 07 01200 1612.45141000 14.149 0.006 3 2 8 19.81
t 02 005180 07 01200 1614.38779000 13.925 0.005 3 2 8 19.87
t 02 005180 07 01200 1614.44510000 14.029 0.004 3 2 8 19.94
t 02 005180 07 01200 1615.38663000 13.805 0.004 3 2 8 20.06
t 02 005180 07 01200 1615.44046000 13.817 0.004 3 2 8 20.19
t 02 005180 07 01200 1616.38458000 13.793 0.005 3 2 8 19.94
t 02 005180 07 01200 1616.44009000 13.793 0.004 3 2 8 20.14
t 02 005180 07 01200 1617.38900000 13.858 0.004 3 2 8 20.20
t 02 005180 07 01200 1617.45508000 13.808 0.006 3 2 8 20.26
t 02 005180 07 01200 1618.36653000 13.842 0.004 3 2 8 20.17
t 02 005180 07 01200 1618.44027000 13.791 0.005 3 2 8 20.22
t 02 005180 07 01200 1619.36347000 14.191 0.005 3 2 8 20.12
t 02 005180 07 01200 1619.43199000 14.120 0.005 3 2 8 19.94
t 02 005180 07 01200 1619.47745000 14.318 0.005 2 2 0 19.70
t 02 005180 07 01200 1620.36122000 14.259 0.006 3 2 8 20.00
t 02 005180 07 01200 1620.43213000 14.524 0.005 3 2 0 20.19
t 02 005180 07 01200 1620.48017000 14.607 0.005 3 2 0 19.53
t 02 005180 07 01200 1621.35791000 14.560 0.007 2 2 0 19.80
t 02 005180 07 01200 1621.43488000 14.534 0.007 3 2 0 19.81
t 02 005180 07 01200 1621.47786000 14.790 0.007 3 2 0 19.59
t 02 005180 07 01200 1622.35521000 14.869 0.007 3 2 0 19.84
t 02 005180 07 01200 1622.44872000 14.887 0.007 3 2 0 20.09
t 02 005180 07 01200 1623.35782000 14.940 0.095 0 2 4 16.05
t 02 005180 07 01200 1623.45941000 14.866 0.007 3 2 0 20.27
t 02 005180 07 01200 1624.34997000 14.789 0.006 3 2 0 20.01
t 02 005180 07 01200 1624.43498000 14.712 0.006 3 2 0 20.21
t 02 005180 07 01200 1624.47988000 14.775 0.008 3 2 0 19.74
t 02 005180 07 01200 1625.34686000 14.469 0.007 2 2 0 19.89
t 02 005180 07 01200 1625.41683000 14.691 0.006 3 2 0 20.09
t 02 005180 07 01200 1625.46056000 14.660 0.006 3 2 0 20.17
t 02 005180 07 01200 1626.34439000 14.914 0.006 3 2 0 20.15
t 02 005180 07 01200 1626.41686000 14.885 0.006 3 2 0 20.22
t 02 005180 07 01200 1626.46035000 14.932 0.006 3 2 0 20.22
t 02 005180 07 01200 1627.34175000 14.867 0.006 3 2 0 20.04
t 02 005180 07 01200 1627.41934000 14.785 0.006 3 2 0 20.20
t 02 005180 07 01200 1627.47185000 14.816 0.006 3 2 0 20.01
t 02 005180 07 01200 1628.33861000 14.701 0.005 3 2 0 20.03
t 02 005180 07 01200 1628.41449000 14.687 0.005 3 2 0 20.20
t 02 005180 07 01200 1628.46034000 14.678 0.005 3 2 0 20.22
t 02 005180 07 01200 1630.47588000 14.609 0.007 3 2 0 19.85
t 02 005180 07 01200 1637.47019000 13.673 0.006 7 258 8 19.86
t 02 005180 07 01200 1637.47133000 13.707 0.006 6 258 8 19.84
s 01 005180 07 00834 1646.42392000 15.348 0.028 0 2 4 20.18
s 01 005180 07 00834 1646.45897000 15.239 0.028 2 2 4 20.18
s 01 005180 07 00834 1647.22186000 15.446 0.011 0 2 0 19.81
s 01 005180 07 00834 1647.25475000 15.423 0.010 0 2 0 20.00
s 01 005180 07 00834 1647.28760000 15.361 0.010 2 2 0 20.17
s 01 005180 07 00834 1647.32078000 15.361 0.009 2 2 0 20.17
s 01 005180 07 00834 1647.35343000 15.785 0.112 0 2 4 18.92
s 01 005180 07 00834 1647.38691000 15.352 0.009 2 2 0 20.38
s 01 005180 07 00834 1647.42082000 15.302 0.011 2 2 0 20.18
s 01 005180 07 00834 1647.46612000 15.281 0.011 2 2 0 20.34
s 01 005180 07 00834 1648.23752000 15.463 0.008 0 2 0 20.04
s 01 005180 07 00834 1648.27652000 15.429 0.008 0 2 0 20.08
s 01 005180 07 00834 1648.31167000 15.315 0.006 2 2 0 20.32
s 01 005180 07 00834 1648.34709000 15.352 0.006 3 2 0 20.33
s 01 005180 07 00834 1648.38287000 15.328 0.007 2 2 0 20.44
s 01 005180 07 00834 1648.41781000 15.298 0.006 3 2 0 20.48
s 01 005180 07 00834 1648.45308000 15.305 0.006 3 2 0 20.43
s 01 005180 07 00834 1649.43700000 15.223 0.018 3 2 4 20.33
s 01 005180 07 00834 1649.46978000 15.080 0.017 0 2 4 20.19
s 01 005180 07 00834 1650.22624000 15.366 0.033 0 2 4 19.95
s 01 005180 07 00834 1650.26272000 15.488 nan 2 2 4 20.14
t 02 005180 07 01200 1656.47123000 13.546 0.005 3 258 8 20.24
t 02 005180 07 01200 1656.47236000 13.554 0.005 7 258 8 20.26
t 02 005180 07 01200 1657.47157000 13.465 0.006 3 2 8 19.62
t 02 005180 07 01200 1657.47271000 13.448 0.007 3 2 8 19.76
t 02 005180 07 01200 2002.44476000 13.924 0.005 3 2 8 20.29
t 02 005180 07 01200 2002.47721000 13.911 0.006 3 2 8 19.92
t 02 005180 07 01200 2009.40381000 13.840 0.005 3 2 8 24.02
t 02 005180 07 01200 2009.44373000 13.860 0.005 3 2 8 24.02
t 02 005180 07 01200 2016.39325000 14.059 0.007 3 2 8 24.02
t 02 005180 07 01200 2016.43656000 14.073 0.007 3 2 8 24.02
t 02 005180 07 01200 2023.44372000 14.076 0.005 3 2 8 24.02
t 02 005180 07 01200 2023.47493000 14.095 0.005 3 2 8 24.02
t 02 005180 07 01200 2030.40834000 13.873 0.005 3 2 8 24.02
t 02 005180 07 01200 2030.44807000 13.936 0.006 3 2 8 24.02
t 02 005180 07 01200 2038.33111000 13.805 0.009 3 2 8 24.02
t 02 005180 07 01200 2038.35616000 13.740 0.008 3 2 8 24.02
t 02 005180 07 01200 2045.42799000 13.698 0.005 3 2 8 24.02
t 02 005180 07 01200 2045.47432000 13.694 0.005 7 258 8 24.02
t 02 005180 07 01200 2048.29868000 14.131 0.007 2 2 8 24.02
t 02 005180 07 01200 2048.33331000 14.091 0.006 2 2 8 24.02
t 02 005180 07 01200 2048.36907000 14.097 0.006 2 2 8 24.02
t 02 005180 07 01200 2048.40262000 14.011 0.044 0 2 12 24.02
t 02 005180 07 01200 2048.43744000 14.176 0.014 2 2 12 24.02
t 02 005180 07 01200 2055.36502000 13.617 0.005 7 258 8 24.02
t 02 005180 07 01200 2055.39788000 13.556 0.006 7 258 8 24.02
t 02 005180 07 01200 2055.48166000 13.623 0.006 7 258 8 24.02
t 02 005180 07 01200 2055.50606000 13.611 0.006 7 258 8 24.02
t 02 005180 07 01200 2751.44845000 0.000 inf 0 0 0 20.17
t 02 005180 07 01200 2751.48478000 0.000 inf 0 0 0 19.80
