# Source: PTFS1822f
# Coordinates: 343.97770 38.64316
# Epoch Units: PTFJD
#
# Column definitions
# ------------------
# lcType: s = detected on reference image, t = transient
# filterID: 1 = g', 2 = R
# fieldID: PTF Field ID
# chipID: PTF Chip ID
# sourceID: Source ID
# epoch: Time of observation
# mag: calibrated magnitude
# magErr: calibrated magnitude error
# sextractorFlags: sextractor flags from detection
# ipacFlags: see documentation
# relPhotFlags: relative photometry flags
# limitMag: Magnitude at which 95% of source in reference image are detected
#           in this exposure
#
# lcType filterID fieldID chipID sourceID epoch mag magerr sextractorFlags ipacFlags relPhotFlags limitMag
s 02 004439 08 04441 1337.49545000 0.000 inf 0 0 0 15.22
s 02 004439 08 04441 1338.21045000 19.384 0.116 0 2 0 19.39
s 02 004439 08 04441 1338.24693000 18.836 0.071 0 2 0 19.49
s 02 004439 08 04441 1338.28352000 19.393 0.095 0 2 0 19.47
s 02 004439 08 04441 1365.35568000 19.398 0.082 0 2 0 19.85
s 02 004439 08 04441 1365.39830000 19.421 0.090 0 2 0 19.80
s 02 004439 08 04441 1365.44341000 19.442 0.086 0 2 0 19.80
s 02 004439 08 04441 1394.11764000 19.703 0.133 0 2 0 19.68
s 02 004439 08 04441 1394.18259000 19.625 0.107 0 2 0 19.42
s 02 004439 08 04441 1395.15308000 19.615 0.111 0 2 0 19.48
s 02 004439 08 04441 1395.21803000 19.432 0.090 0 2 0 19.61
s 02 004439 08 04441 1401.22115000 0.000 inf 0 0 0 18.02
s 02 004439 08 04441 1401.28894000 19.247 0.067 0 194 0 20.02
s 02 004439 08 04441 1404.25602000 19.503 0.066 0 2 0 20.08
s 02 004439 08 04441 1404.32769000 19.603 0.083 0 2 0 19.99
s 02 004439 08 04441 1406.22236000 19.412 0.052 0 2 0 20.53
s 02 004439 08 04441 1406.29443000 19.315 0.049 0 2 0 20.51
s 02 004439 08 04441 1407.20535000 19.484 0.050 0 2 0 20.66
s 02 004439 08 04441 1407.28800000 19.377 0.048 0 2 0 20.56
s 02 004439 08 04441 1945.47965000 0.000 inf 0 0 0 18.60
s 02 004439 08 04441 1945.50311000 0.000 inf 0 0 0 17.85
s 01 004439 08 04280 2073.22964000 0.000 inf 0 0 0 20.12
s 01 004439 08 04280 2073.26120000 0.000 inf 0 0 0 20.22
s 02 004439 08 04441 2393.49138000 19.387 0.059 0 2 0 20.15
s 02 004439 08 04441 2394.44903000 19.350 0.036 0 194 0 21.09
s 02 004439 08 04441 2395.38209000 19.276 0.040 0 2 0 20.89
s 02 004439 08 04441 2395.42273000 19.339 0.040 0 2 0 20.94
s 02 004439 08 04441 2399.45759000 19.448 0.043 0 2 0 20.90
s 02 004439 08 04441 2400.30884000 19.302 0.064 0 2 0 20.03
s 02 004439 08 04441 2400.35240000 19.270 0.062 0 2 0 20.13
s 02 004439 08 04441 2407.35972000 19.259 0.050 0 2 0 20.29
s 02 004439 08 04441 2407.40234000 19.407 0.055 0 2 0 20.37
s 02 004439 08 04441 2408.42851000 19.396 0.052 0 2 0 20.43
s 02 004439 08 04441 2408.47097000 19.395 0.057 0 2 0 20.36
s 02 004439 08 04441 2409.34685000 0.000 inf 0 0 0 13.79
s 02 004439 08 04441 2409.38578000 0.000 inf 0 0 0 16.24
s 01 004439 08 04280 2420.18499000 0.000 inf 0 0 0 19.79
s 01 004439 08 04280 2421.18620000 0.000 inf 0 0 0 20.57
s 01 004439 08 04280 2421.22281000 21.018 0.128 0 2 0 20.94
s 01 004439 08 04280 2421.25119000 21.036 0.135 0 0 0 21.17
s 01 004439 08 04280 2421.29223000 21.208 0.160 0 2 0 21.16
s 01 004439 08 04280 2422.18487000 0.000 inf 0 0 0 20.43
s 01 004439 08 04280 2422.22150000 0.000 inf 0 0 0 20.74
s 01 004439 08 04280 2422.24986000 0.000 inf 0 0 0 20.61
s 01 004439 08 04280 2422.28671000 21.352 0.126 0 0 0 20.91
s 01 004439 08 04280 2423.18448000 0.000 inf 0 0 0 20.09
s 01 004439 08 04280 2423.21876000 21.717 0.171 0 0 0 20.86
s 01 004439 08 04280 2423.25295000 21.417 0.143 0 2 0 21.17
s 01 004439 08 04280 2423.28725000 21.333 0.134 0 2 0 21.19
s 01 004439 08 04280 2424.18356000 21.142 0.178 0 0 0 20.30
s 01 004439 08 04280 2424.21765000 21.114 0.166 0 0 0 20.52
s 01 004439 08 04280 2424.25185000 21.532 0.151 0 0 0 20.83
s 01 004439 08 04280 2424.28605000 21.100 0.110 0 2 0 21.19
s 01 004439 08 04280 2425.23850000 0.000 inf 0 0 0 20.64
s 01 004439 08 04280 2425.27745000 21.306 0.196 0 0 0 20.88
s 01 004439 08 04280 2426.23611000 0.000 inf 0 0 0 20.36
s 01 004439 08 04280 2426.27451000 0.000 inf 0 0 0 20.47
s 01 004439 08 04280 2435.31101000 0.000 inf 0 0 0 20.12
s 01 004439 08 04280 2436.32574000 0.000 inf 0 0 0 20.34
s 01 004439 08 04280 2436.36318000 0.000 inf 0 0 0 20.33
s 01 004439 08 04280 2437.32453000 21.400 0.195 16 0 0 20.43
s 01 004439 08 04280 2437.36215000 0.000 inf 0 0 0 20.35
s 01 004439 08 04280 2438.23819000 21.179 0.174 0 0 0 21.15
s 01 004439 08 04280 2438.27539000 21.314 0.171 0 0 0 20.87
s 01 004439 08 04280 2439.23808000 21.060 0.153 0 2 0 20.97
s 01 004439 08 04280 2439.27522000 21.141 0.113 0 2 0 21.18
s 01 004439 08 04280 2440.23250000 21.137 0.115 0 2 0 21.19
s 01 004439 08 04280 2440.26962000 20.995 0.118 0 2 0 21.19
s 01 004439 08 04280 2441.24278000 21.039 0.149 0 2 0 20.95
s 01 004439 08 04280 2441.27999000 20.943 0.111 0 2 0 21.08
s 01 004439 08 04280 2442.26796000 21.264 0.156 0 2 0 21.18
s 01 004439 08 04280 2442.30362000 20.936 0.122 0 2 0 21.18
s 01 004439 08 04280 2443.25324000 21.775 0.167 0 0 0 21.17
s 01 004439 08 04280 2443.28920000 21.204 0.136 0 2 4 20.95
s 01 004439 08 04280 2446.30693000 21.400 0.166 16 0 0 20.84
s 01 004439 08 04280 2447.24755000 20.184 0.065 0 2 0 20.99
s 01 004439 08 04280 2447.28350000 20.181 0.063 0 2 0 21.09
s 01 004439 08 04280 2451.24432000 21.302 0.136 0 2 0 20.95
s 01 004439 08 04280 2451.27980000 20.855 0.119 0 2 0 21.10
s 01 004439 08 04280 2452.25568000 21.130 0.138 0 2 0 20.89
s 01 004439 08 04280 2452.28829000 21.357 0.145 0 2 0 20.83
s 01 004439 08 04280 2453.23169000 20.867 0.169 0 2 0 20.92
s 01 004439 08 04280 2453.26427000 0.000 inf 0 0 0 21.15
s 01 004439 08 04280 2454.20788000 21.490 0.188 0 0 0 20.65
s 01 004439 08 04280 2454.23807000 21.194 0.134 0 0 0 20.75
s 01 004439 08 04280 2456.20957000 0.000 inf 0 0 0 20.03
s 01 004439 08 04280 2456.24001000 0.000 inf 0 0 0 20.25
s 01 004439 08 04280 2457.21360000 0.000 inf 0 0 0 20.14
s 01 004439 08 04280 2457.24428000 0.000 inf 0 0 0 20.22
s 01 004439 08 04280 2458.23765000 0.000 inf 0 0 0 19.91
s 01 004439 08 04280 2458.26785000 0.000 inf 0 0 0 19.91
s 01 004439 08 04280 2463.24142000 0.000 inf 0 0 0 19.86
s 01 004439 08 04280 2463.27470000 0.000 inf 0 0 0 19.80
s 01 004439 08 04280 2476.20328000 21.264 0.187 0 0 0 20.88
s 02 004439 08 04441 2748.46243000 19.376 0.054 0 2 4 20.18
s 02 004439 08 04441 2748.48895000 19.375 0.092 0 2 4 19.26
s 02 004439 08 04441 2749.44935000 19.574 0.053 0 2 0 20.43
s 02 004439 08 04441 2749.47094000 19.434 0.051 0 2 0 20.41
s 02 004439 08 04441 2765.45345000 19.469 0.058 0 2 0 20.20
s 02 004439 08 04441 2765.49557000 19.481 0.077 0 2 0 19.92
s 02 004439 08 04441 2766.44523000 19.448 0.053 0 2 0 20.26
s 02 004439 08 04441 2766.48976000 19.298 0.059 0 2 0 20.18
s 02 004439 08 04441 2767.44781000 19.431 0.057 0 2 0 20.17
s 02 004439 08 04441 2767.48699000 19.415 0.085 0 2 4 19.63
s 02 004439 08 04441 2768.46677000 19.412 0.058 0 2 0 20.29
s 02 004439 08 04441 2769.45492000 19.483 0.057 0 2 0 20.35
s 02 004439 08 04441 2769.49271000 19.541 0.066 0 2 0 20.18
s 02 004439 08 04441 2770.45799000 19.452 0.058 0 2 0 20.33
s 02 004439 08 04441 2770.49377000 19.379 0.063 0 2 0 20.15
s 01 004439 08 04280 2793.37329000 0.000 inf 0 0 0 20.07
s 02 004439 08 04441 2793.41226000 19.489 0.066 0 2 0 20.03
