# Source: PTFS1823f
# Coordinates: 352.07545 33.32460
# Epoch Units: PTFJD
#
# Column definitions
# ------------------
# lcType: s = detected on reference image, t = transient
# filterID: 1 = g', 2 = R
# fieldID: PTF Field ID
# chipID: PTF Chip ID
# sourceID: Source ID
# epoch: Time of observation
# mag: calibrated magnitude
# magErr: calibrated magnitude error
# sextractorFlags: sextractor flags from detection
# ipacFlags: see documentation
# relPhotFlags: relative photometry flags
# limitMag: Magnitude at which 95% of source in reference image are detected
#           in this exposure
#
# lcType filterID fieldID chipID sourceID epoch mag magerr sextractorFlags ipacFlags relPhotFlags limitMag
s 02 004188 00 05367 891.45622000 14.894 0.004 0 2 0 20.42
s 02 004188 00 05367 900.43274000 14.860 0.005 0 2 0 19.88
s 02 004188 00 05367 901.37958000 14.903 0.005 0 2 0 19.96
s 02 004188 00 05367 901.42365000 14.904 0.005 0 2 0 20.10
s 01 004188 00 03518 906.32079000 15.342 0.006 0 2 0 19.87
s 01 004188 00 03518 906.37907000 15.348 0.005 0 2 0 20.42
s 01 004188 00 03518 909.32397000 15.325 0.006 0 2 0 19.99
s 01 004188 00 03518 909.36784000 15.349 0.005 0 2 0 20.50
s 01 004188 00 03518 913.30867000 15.340 0.007 0 2 0 19.89
s 01 004188 00 03518 913.36725000 15.332 0.005 0 2 0 20.47
s 01 004188 00 03518 916.39017000 15.252 0.060 0 2 4 19.21
s 01 004188 00 03518 916.43354000 15.340 0.005 0 2 0 20.27
s 02 004188 00 05367 918.39696000 14.884 0.004 0 2 0 20.60
s 02 004188 00 05367 918.43986000 14.877 0.004 0 2 0 20.61
s 02 004188 00 05367 923.32216000 14.898 0.005 0 2 0 19.60
s 02 004188 00 05367 923.37211000 14.889 0.004 0 2 0 19.80
s 02 004188 00 05367 926.30712000 14.837 0.005 0 2 0 19.49
s 02 004188 00 05367 926.35064000 14.841 0.005 0 2 0 19.79
s 02 004188 00 05367 930.25958000 14.883 0.006 0 2 0 19.50
s 02 004188 00 05367 930.30398000 14.881 0.005 0 2 0 19.80
s 02 004188 00 05367 933.24913000 14.901 0.005 0 2 0 20.02
s 02 004188 00 05367 933.29260000 14.903 0.005 0 2 0 20.24
s 02 004188 00 05367 936.24424000 14.898 0.005 0 2 0 19.95
s 02 004188 00 05367 936.28867000 14.903 0.004 0 2 0 20.24
s 02 004188 00 05367 939.23134000 14.866 0.004 0 2 0 19.97
s 02 004188 00 05367 939.27509000 14.870 0.004 0 2 0 20.43
s 02 004188 00 05367 942.22568000 14.878 0.004 0 2 0 20.07
s 02 004188 00 05367 942.26947000 14.868 0.004 0 2 0 20.39
s 01 004188 00 03518 944.47100000 15.342 0.005 0 2 0 20.96
s 01 004188 00 03518 945.21656000 15.331 0.008 0 2 0 20.05
s 02 004188 00 05367 947.44068000 14.874 0.004 0 2 0 20.74
s 02 004188 00 05367 947.48417000 14.888 0.004 0 2 0 20.67
s 02 004188 00 05367 950.47457000 14.864 0.004 0 2 0 20.93
s 02 004188 00 05367 951.39005000 14.909 0.004 0 2 0 20.31
s 02 004188 00 05367 951.43426000 14.915 0.004 0 2 0 20.82
s 02 004188 00 05367 957.26858000 14.856 0.005 0 2 0 19.62
s 02 004188 00 05367 957.31306000 14.868 0.005 0 2 0 19.75
s 02 004188 00 05367 960.27564000 14.896 0.004 0 2 0 19.80
s 02 004188 00 05367 960.31935000 14.875 0.004 0 2 0 19.80
s 01 004188 00 03518 963.36773000 15.279 0.039 0 2 4 19.18
s 01 004188 00 03518 963.41028000 15.331 0.019 0 2 4 20.48
s 01 004188 00 03518 966.36900000 15.354 0.005 0 2 0 20.83
s 01 004188 00 03518 966.42406000 15.350 0.004 0 2 0 20.90
s 01 004188 00 03518 969.48183000 15.341 0.005 0 2 0 20.70
s 01 004188 00 03518 970.27144000 15.341 0.004 0 2 0 20.88
s 01 004188 00 03518 970.31541000 15.329 0.005 0 2 0 20.87
s 01 004188 00 03518 973.26266000 15.345 0.004 0 2 0 20.75
s 01 004188 00 03518 973.30995000 15.338 0.004 0 2 0 20.89
s 01 004188 00 03518 976.33044000 15.333 0.006 0 2 0 20.71
s 01 004188 00 03518 976.42964000 15.332 0.008 0 2 0 20.61
s 02 004188 00 05367 979.16273000 14.879 0.005 0 2 0 19.80
s 02 004188 00 05367 979.20722000 14.862 0.004 0 2 0 20.01
s 02 004188 00 05367 987.23889000 14.884 0.007 0 2 0 18.88
s 02 004188 00 05367 987.28311000 14.862 0.007 0 2 0 19.00
s 02 004188 00 05367 990.25328000 14.895 0.004 0 2 0 20.16
s 02 004188 00 05367 990.29595000 14.890 0.004 0 2 0 20.10
s 01 004188 00 03518 993.42718000 15.338 0.004 0 2 0 20.44
s 01 004188 00 03518 993.45005000 15.335 0.005 0 2 0 20.41
s 01 004188 00 03518 996.44818000 15.339 0.005 0 2 0 20.94
s 01 004188 00 03518 996.45677000 15.341 0.005 0 2 0 20.78
s 01 004188 00 03518 999.41828000 15.335 0.005 0 2 0 20.56
s 01 004188 00 03518 999.46152000 15.340 0.005 0 2 0 20.23
s 01 004188 00 03518 1002.36785000 15.329 0.005 0 2 0 20.76
s 01 004188 00 03518 1002.41117000 15.323 0.004 0 2 0 20.65
s 01 004188 00 03518 1005.39354000 15.333 0.004 0 2 0 20.38
s 01 004188 00 03518 1005.41583000 15.330 0.005 0 2 0 20.40
s 02 004188 00 05367 1011.30001000 14.881 0.006 0 2 0 19.37
s 02 004188 00 05367 1011.34663000 14.900 0.005 0 2 0 19.59
s 02 004188 00 05367 1017.13075000 14.912 0.005 0 2 0 19.96
s 02 004188 00 05367 1017.17839000 14.733 0.111 0 2 4 16.27
s 02 004188 00 05367 1020.23035000 14.912 0.005 0 2 0 20.34
s 02 004188 00 05367 1020.27432000 14.910 0.005 0 2 0 20.27
s 01 004188 00 03518 1023.35663000 15.349 0.005 0 2 0 20.45
s 01 004188 00 03518 1023.38567000 15.352 0.005 0 2 0 20.29
s 01 004188 00 03518 1027.12472000 15.339 0.016 0 2 4 20.06
s 01 004188 00 03518 1027.16784000 15.454 0.084 0 2 4 17.45
s 01 004188 00 03518 1030.25765000 15.343 0.005 0 2 0 20.43
s 01 004188 00 03518 1030.30082000 15.332 0.005 0 2 0 20.64
s 02 004188 00 05367 1370.13554000 14.910 0.005 0 2 0 19.60
s 02 004188 00 05367 1370.17294000 14.889 0.005 0 2 0 19.64
s 02 004188 00 05367 1370.20264000 14.877 0.005 0 2 0 19.73
s 02 004188 00 05367 1372.22316000 14.868 0.019 0 2 4 18.95
s 02 004188 00 05367 1372.26051000 14.872 0.017 0 2 4 18.80
s 02 004188 00 05367 1375.12481000 14.892 0.031 0 2 4 16.76
s 02 004188 00 05367 1375.15534000 14.866 0.020 0 2 4 19.71
s 02 004188 00 05367 1375.18431000 14.872 0.010 0 2 0 19.82
s 01 004188 00 03518 1377.11228000 15.321 0.004 0 2 0 20.73
s 01 004188 00 03518 1377.14870000 15.328 0.004 0 2 0 20.86
s 02 004188 00 05367 1393.34479000 14.886 0.005 0 2 0 19.83
s 02 004188 00 05367 1393.37630000 14.880 0.005 0 2 0 19.72
s 02 004188 00 05367 1396.21372000 14.903 0.005 0 2 0 19.57
s 02 004188 00 05367 1396.26400000 14.912 0.005 0 2 0 19.53
s 02 004188 00 05367 1401.14130000 14.900 0.011 0 2 4 19.24
s 02 004188 00 05367 1401.19159000 14.916 0.008 0 2 0 20.11
s 02 004188 00 05367 1403.14596000 14.920 0.004 0 2 0 20.77
s 02 004188 00 05367 1403.23185000 14.918 0.004 0 2 0 20.31
s 02 004188 00 05367 1405.14384000 14.901 0.004 0 2 0 20.55
s 02 004188 00 05367 1407.11022000 14.888 0.004 0 2 0 20.56
s 02 004188 00 05367 1407.14080000 14.877 0.004 0 2 0 20.60
s 01 004188 00 03518 1411.11039000 15.330 0.004 0 2 0 20.52
s 01 004188 00 03518 1411.19750000 15.332 0.006 0 2 0 20.05
s 01 004188 00 03518 1411.22661000 15.341 0.004 0 2 0 20.51
s 01 004188 00 03518 1414.13912000 15.285 0.035 0 2 4 19.04
s 01 004188 00 03518 1414.15512000 15.347 0.025 0 2 4 19.82
s 02 004188 00 05367 1420.18115000 14.890 0.005 0 2 0 20.29
s 02 004188 00 05367 1424.19701000 14.882 0.005 0 2 0 19.76
s 02 004188 00 05367 1424.22652000 14.891 0.005 0 2 0 19.68
s 02 004188 00 05367 1426.13559000 14.889 0.006 0 2 0 19.39
s 02 004188 00 05367 1426.16635000 14.898 0.007 0 2 0 19.79
s 02 004188 00 05367 1434.12855000 14.861 0.008 0 2 0 19.16
s 02 004188 00 05367 1434.15932000 14.856 0.005 0 2 0 20.17
s 02 004188 00 05367 1439.08328000 14.867 0.004 0 2 0 20.19
s 02 004188 00 05367 1439.11273000 14.860 0.004 0 2 0 20.23
s 02 004188 00 05367 1441.23968000 14.922 0.005 0 2 0 20.07
s 02 004188 00 05367 1441.26985000 14.912 0.004 0 2 0 20.20
s 02 004188 00 05367 1609.38234000 14.868 0.011 0 2 0 18.50
s 02 004188 00 05367 1609.42668000 14.893 0.006 0 2 0 19.46
s 02 004188 00 05367 1610.37883000 14.905 0.007 0 2 0 19.37
s 02 004188 00 05367 1610.46248000 14.895 0.005 0 2 0 20.05
s 02 004188 00 05367 2058.39479000 14.921 0.007 0 2 0 21.16
s 02 004188 00 05367 2058.42537000 14.907 0.007 0 2 0 21.15
s 02 004188 00 05367 2063.31354000 14.924 0.020 0 2 4 20.58
s 02 004188 00 05367 2063.34934000 14.931 0.008 0 2 0 20.68
s 01 004188 00 03518 2067.46395000 15.336 0.004 0 2 0 20.88
s 01 004188 00 03518 2067.49209000 15.337 0.004 0 2 0 20.97
s 01 004188 00 03518 2068.31279000 15.337 0.004 0 2 0 21.01
s 01 004188 00 03518 2068.33992000 15.340 0.004 0 2 0 21.02
s 02 004188 00 05367 2068.38609000 14.912 0.006 0 2 0 20.73
s 02 004188 00 05367 2068.40149000 14.913 0.005 0 2 0 20.83
s 01 004188 00 03518 2069.25850000 15.330 0.004 0 2 0 20.87
s 01 004188 00 03518 2069.28468000 15.312 0.004 0 2 0 20.92
s 01 004188 00 03518 2070.27877000 15.338 0.006 0 2 0 20.99
s 01 004188 00 03518 2070.30966000 15.340 0.007 0 2 0 21.00
s 01 004188 00 03518 2071.26622000 15.337 0.004 0 2 0 20.59
s 01 004188 00 03518 2071.29568000 15.347 0.004 0 2 0 20.76
s 01 004188 00 03518 2072.26477000 15.320 0.005 0 2 0 20.29
s 01 004188 00 03518 2072.29281000 15.324 0.005 0 2 0 20.36
s 01 004188 00 03518 2075.20291000 15.348 0.007 0 2 0 19.44
s 01 004188 00 03518 2075.23056000 15.349 0.006 0 2 0 19.51
s 01 004188 00 03518 2079.39194000 15.344 0.006 0 2 0 19.37
s 01 004188 00 03518 2079.42021000 15.332 0.007 0 2 0 19.39
s 01 004188 00 03518 2080.37774000 15.331 0.005 0 2 0 19.70
s 01 004188 00 03518 2080.41679000 15.328 0.006 0 2 0 19.70
s 01 004188 00 03518 2081.47084000 15.354 0.005 0 2 0 19.73
s 01 004188 00 03518 2081.50417000 15.343 0.007 0 2 0 19.58
s 01 004188 00 03518 2082.40902000 15.331 0.005 0 2 0 20.04
s 01 004188 00 03518 2082.44449000 15.328 0.005 0 2 0 19.97
s 01 004188 00 03518 2083.40203000 15.344 0.004 0 2 0 20.21
s 01 004188 00 03518 2083.43728000 15.330 0.004 0 2 0 20.27
s 01 004188 00 03518 2085.44507000 15.330 0.004 0 2 0 20.44
s 01 004188 00 03518 2085.47977000 15.308 0.004 0 2 0 20.25
s 01 004188 00 03518 2088.44177000 15.335 0.004 0 2 0 20.72
s 01 004188 00 03518 2088.47656000 15.343 0.004 0 2 0 20.58
s 01 004188 00 03518 2089.39273000 15.347 0.004 0 2 0 20.91
s 01 004188 00 03518 2089.42734000 15.334 0.005 0 2 0 20.63
s 01 004188 00 03518 2090.41903000 15.335 0.004 0 2 0 20.66
s 01 004188 00 03518 2090.44675000 15.328 0.004 0 2 0 20.73
s 01 004188 00 03518 2091.42455000 15.349 0.004 0 2 0 20.63
s 01 004188 00 03518 2091.45234000 15.350 0.004 0 2 0 20.41
s 01 004188 00 03518 2092.41689000 15.328 0.004 0 2 0 20.86
s 01 004188 00 03518 2092.44472000 15.332 0.004 0 2 0 20.67
s 01 004188 00 03518 2093.47491000 15.338 0.004 0 2 0 20.52
s 01 004188 00 03518 2093.50407000 15.334 0.005 0 2 0 20.21
s 01 004188 00 03518 2095.48352000 15.334 0.005 0 2 0 20.03
s 01 004188 00 03518 2095.51100000 15.340 0.006 0 2 0 19.60
s 01 004188 00 03518 2098.49360000 15.348 0.005 0 2 0 20.07
s 01 004188 00 03518 2098.52197000 15.349 0.007 0 2 0 19.55
s 01 004188 00 03518 2099.44775000 15.351 0.004 0 2 0 20.40
s 01 004188 00 03518 2099.47537000 15.343 0.005 0 2 0 20.13
s 01 004188 00 03518 2100.39024000 15.328 0.004 0 2 0 20.23
s 01 004188 00 03518 2100.41778000 15.342 0.004 0 2 0 20.20
s 01 004188 00 03518 2101.37573000 15.348 0.004 0 2 0 20.41
s 01 004188 00 03518 2101.40289000 15.353 0.004 0 2 0 20.46
s 01 004188 00 03518 2102.37454000 15.312 0.006 0 2 0 19.98
s 01 004188 00 03518 2102.40125000 15.316 0.013 0 2 4 19.26
s 01 004188 00 03518 2103.39052000 15.347 0.005 0 2 0 19.76
s 01 004188 00 03518 2103.42179000 15.350 0.005 0 2 0 19.70
s 01 004188 00 03518 2104.34297000 15.325 0.008 0 2 0 19.33
s 01 004188 00 03518 2104.37409000 15.331 0.009 0 2 0 19.41
s 01 004188 00 03518 2108.36110000 15.354 0.006 0 2 0 19.40
s 01 004188 00 03518 2108.38571000 15.349 0.007 0 2 0 19.34
s 01 004188 00 03518 2109.39869000 15.329 0.006 0 2 0 19.56
s 01 004188 00 03518 2109.42301000 15.337 0.007 0 2 0 19.40
s 01 004188 00 03518 2110.41030000 15.331 0.006 0 2 0 19.71
s 01 004188 00 03518 2110.43355000 15.336 0.006 0 2 0 19.64
s 01 004188 00 03518 2111.38178000 15.350 0.005 0 2 0 19.80
s 01 004188 00 03518 2111.40505000 15.342 0.005 0 2 0 19.72
s 01 004188 00 03518 2112.34169000 15.334 0.004 0 2 0 20.23
s 01 004188 00 03518 2112.37476000 15.320 0.005 0 2 0 20.31
s 01 004188 00 03518 2113.38683000 15.346 0.011 0 2 4 19.66
s 01 004188 00 03518 2114.35748000 15.332 0.004 0 2 0 20.48
s 01 004188 00 03518 2114.38675000 15.343 0.004 0 2 0 20.30
s 01 004188 00 03518 2117.33382000 15.330 0.004 0 2 0 20.62
s 01 004188 00 03518 2117.36322000 15.329 0.004 0 2 0 20.52
s 01 004188 00 03518 2118.33289000 15.345 0.004 0 2 0 20.78
s 01 004188 00 03518 2118.36223000 15.346 0.005 0 2 0 20.70
s 01 004188 00 03518 2119.34919000 15.334 0.004 0 2 0 20.73
s 01 004188 00 03518 2120.33493000 15.341 0.004 0 2 0 20.62
s 01 004188 00 03518 2120.36362000 15.336 0.004 0 2 0 20.63
s 01 004188 00 03518 2121.32964000 15.342 0.004 0 2 0 20.61
s 01 004188 00 03518 2121.35826000 15.339 0.004 0 2 0 20.67
s 01 004188 00 03518 2122.34659000 15.333 0.004 0 2 0 20.72
s 01 004188 00 03518 2122.37544000 15.324 0.004 0 2 0 20.57
s 01 004188 00 03518 2123.33081000 15.354 0.004 0 2 0 20.57
s 01 004188 00 03518 2123.35959000 15.345 0.004 0 2 0 20.65
s 01 004188 00 03518 2124.32976000 15.340 0.010 0 2 0 19.27
s 01 004188 00 03518 2124.35869000 15.333 0.017 0 2 4 18.26
s 01 004188 00 03518 2126.32700000 15.351 0.004 0 2 0 20.63
s 01 004188 00 03518 2126.35624000 15.340 0.004 0 2 0 20.43
s 01 004188 00 03518 2421.32581000 15.333 0.004 0 2 0 21.10
s 01 004188 00 03518 2421.35472000 15.333 0.004 0 2 0 21.16
s 01 004188 00 03518 2422.32126000 15.345 0.004 0 2 0 20.87
s 01 004188 00 03518 2422.35863000 15.343 0.004 0 2 0 21.01
s 01 004188 00 03518 2423.31477000 15.322 0.004 0 2 0 21.00
s 01 004188 00 03518 2423.35522000 15.327 0.004 0 2 0 21.16
s 01 004188 00 03518 2424.31324000 15.344 0.004 0 2 0 21.02
s 01 004188 00 03518 2424.35370000 15.336 0.004 0 2 0 20.90
s 01 004188 00 03518 2425.29638000 15.320 0.004 0 2 0 20.95
s 01 004188 00 03518 2425.32833000 15.338 0.004 0 2 0 21.08
s 01 004188 00 03518 2426.29317000 15.333 0.004 0 2 0 20.38
s 01 004188 00 03518 2426.32483000 15.337 0.004 0 2 0 20.73
s 01 004188 00 03518 2427.34896000 15.339 0.013 0 2 4 20.50
s 01 004188 00 03518 2436.37595000 15.331 0.005 0 2 0 20.07
s 01 004188 00 03518 2436.41080000 15.320 0.005 0 2 0 19.87
s 01 004188 00 03518 2437.37499000 15.332 0.005 0 2 0 20.08
s 01 004188 00 03518 2437.40998000 15.339 0.005 0 2 0 20.10
s 01 004188 00 03518 2438.29294000 15.325 0.004 0 2 0 20.28
s 01 004188 00 03518 2438.32676000 15.324 0.004 0 2 0 20.39
s 01 004188 00 03518 2439.29264000 15.346 0.004 0 2 0 21.16
s 01 004188 00 03518 2439.32634000 15.349 0.004 0 2 0 20.87
s 01 004188 00 03518 2439.52119000 15.346 0.009 0 2 0 18.93
s 01 004188 00 03518 2440.29053000 15.331 0.004 0 2 0 20.85
s 01 004188 00 03518 2440.34619000 15.328 0.004 0 2 0 20.94
s 01 004188 00 03518 2441.30090000 15.337 0.004 0 2 0 20.91
s 01 004188 00 03518 2441.33576000 15.337 0.004 0 2 0 20.99
s 01 004188 00 03518 2442.32463000 15.339 0.004 0 2 0 20.97
s 01 004188 00 03518 2442.36102000 15.341 0.004 0 2 0 20.98
s 01 004188 00 03518 2443.34720000 15.324 0.004 0 2 0 20.97
s 01 004188 00 03518 2446.32811000 15.334 0.005 0 2 0 20.61
s 01 004188 00 03518 2446.36434000 15.331 0.004 0 2 0 20.41
s 01 004188 00 03518 2447.30442000 15.335 0.004 0 2 0 20.83
s 01 004188 00 03518 2447.34064000 15.345 0.005 0 2 0 20.92
s 01 004188 00 03518 2450.30858000 15.327 0.005 0 2 0 20.53
s 01 004188 00 03518 2450.32816000 15.326 0.005 0 2 0 20.56
s 01 004188 00 03518 2451.29726000 15.337 0.004 0 2 0 20.93
s 01 004188 00 03518 2451.32648000 15.333 0.004 0 2 0 20.90
s 01 004188 00 03518 2452.30591000 15.345 0.004 0 2 0 20.60
s 01 004188 00 03518 2452.33529000 15.336 0.004 0 2 0 20.67
s 01 004188 00 03518 2453.28181000 15.328 0.004 0 2 0 20.88
s 01 004188 00 03518 2453.31104000 15.325 0.004 0 2 0 20.87
s 01 004188 00 03518 2454.27025000 15.329 0.004 0 2 0 20.66
s 01 004188 00 03518 2454.30058000 15.331 0.004 0 2 0 20.87
s 01 004188 00 03518 2456.27293000 15.341 0.004 0 2 0 19.96
s 01 004188 00 03518 2456.30242000 15.343 0.005 0 2 0 20.22
s 01 004188 00 03518 2457.27575000 15.326 0.005 0 2 0 20.09
s 01 004188 00 03518 2457.32022000 15.335 0.005 0 2 0 20.04
s 01 004188 00 03518 2458.28535000 15.316 0.006 0 2 0 19.78
s 01 004188 00 03518 2458.31461000 15.325 0.005 0 2 0 19.80
s 01 004188 00 03518 2463.29562000 15.330 0.006 0 2 0 19.73
s 01 004188 00 03518 2463.32197000 15.324 0.006 0 2 0 19.68
s 01 004188 00 03518 2495.17119000 15.335 0.005 0 2 0 21.15
s 01 004188 00 03518 2495.19454000 15.336 0.004 0 2 0 21.15
s 01 004188 00 03518 2496.16984000 15.341 0.004 0 2 0 21.02
s 01 004188 00 03518 2496.19314000 15.346 0.004 0 2 0 21.16
s 01 004188 00 03518 2500.19692000 15.135 0.004 0 2 0 20.78
s 01 004188 00 03518 2500.22027000 15.270 0.004 0 2 0 20.92
s 01 004188 00 03518 2501.18647000 15.346 0.004 0 2 0 20.30
s 01 004188 00 03518 2501.21686000 15.342 0.004 0 2 0 20.51
s 01 004188 00 03518 2502.17248000 15.319 0.004 0 2 0 20.68
s 01 004188 00 03518 2502.20297000 15.318 0.004 0 2 0 20.70
s 01 004188 00 03518 2503.17213000 15.335 0.004 0 2 0 20.95
s 01 004188 00 03518 2503.20272000 15.342 0.004 0 2 0 21.00
s 01 004188 00 03518 2506.20397000 15.342 0.004 0 2 0 20.48
s 01 004188 00 03518 2506.23493000 15.333 0.008 0 2 0 19.85
s 01 004188 00 03518 2507.16698000 15.326 0.005 0 2 0 20.23
s 01 004188 00 03518 2507.20865000 15.308 0.007 0 2 0 19.77
s 01 004188 00 03518 2508.16625000 15.332 0.004 0 2 0 20.78
s 01 004188 00 03518 2508.20231000 15.340 0.004 0 2 0 20.66
s 01 004188 00 03518 2509.17692000 15.327 0.004 0 2 0 21.04
s 01 004188 00 03518 2509.21315000 15.324 0.004 0 2 0 20.91
s 01 004188 00 03518 2511.17369000 15.342 0.005 0 2 0 20.19
s 01 004188 00 03518 2511.20552000 15.345 0.005 0 2 0 20.11
s 01 004188 00 03518 2512.17486000 15.324 0.004 0 2 0 20.30
s 01 004188 00 03518 2512.20722000 15.328 0.004 0 2 0 20.30
s 01 004188 00 03518 2513.22582000 15.335 0.005 0 2 0 19.94
s 01 004188 00 03518 2514.11841000 15.322 0.005 0 2 0 20.00
s 01 004188 00 03518 2514.14885000 15.320 0.005 0 2 0 20.12
s 01 004188 00 03518 2515.09773000 15.326 0.019 0 2 4 18.31
s 01 004188 00 03518 2515.12825000 15.340 0.005 0 2 0 19.85
s 01 004188 00 03518 2516.10863000 15.332 0.006 0 2 0 19.82
s 01 004188 00 03518 2516.13912000 15.330 0.007 0 2 0 19.80
s 01 004188 00 03518 2517.17975000 15.325 0.006 0 2 0 19.52
s 01 004188 00 03518 2517.21440000 15.326 0.006 0 2 0 19.67
s 01 004188 00 03518 2793.40146000 15.336 0.005 0 2 0 19.80
s 02 004188 00 05367 2793.44067000 14.895 0.004 0 2 0 19.85
