# Source: PTFS1823l
# Coordinates: 346.62481 -5.04262
# Epoch Units: PTFJD
#
# Column definitions
# ------------------
# lcType: s = detected on reference image, t = transient
# filterID: 1 = g', 2 = R
# fieldID: PTF Field ID
# chipID: PTF Chip ID
# sourceID: Source ID
# epoch: Time of observation
# mag: calibrated magnitude
# magErr: calibrated magnitude error
# sextractorFlags: sextractor flags from detection
# ipacFlags: see documentation
# relPhotFlags: relative photometry flags
# limitMag: Magnitude at which 95% of source in reference image are detected
#           in this exposure
#
# lcType filterID fieldID chipID sourceID epoch mag magerr sextractorFlags ipacFlags relPhotFlags limitMag
t 02 002483 00 00071 176.38594000 17.183 0.012 0 2 0 20.37
t 02 002483 00 00071 176.43737000 17.200 0.011 0 2 0 20.56
t 02 002483 00 00071 183.38487000 17.167 0.014 0 2 0 20.05
t 02 002483 00 00071 183.44875000 17.217 0.012 0 2 0 20.44
t 02 002483 00 00071 196.40102000 17.198 0.012 0 2 0 20.32
t 02 002483 00 00071 196.43950000 17.201 0.012 0 2 0 20.33
t 02 002483 00 00071 206.30023000 17.222 0.012 0 2 0 20.36
t 02 002483 00 00071 206.44481000 17.197 0.011 0 2 0 20.83
t 02 002483 00 00071 212.33054000 17.185 0.013 0 2 0 20.13
t 02 002483 00 00071 212.39074000 17.185 0.010 0 2 0 20.77
t 02 002483 00 00071 552.35509000 17.175 0.010 0 2 0 20.69
t 02 002483 00 00071 552.39833000 17.183 0.010 0 2 0 20.62
t 02 002483 00 00071 578.46653000 17.199 0.015 0 2 0 20.02
t 02 002483 00 00071 586.28764000 17.228 0.017 0 2 0 19.92
t 02 002483 00 00071 586.33159000 17.201 0.015 0 2 0 20.19
t 02 002483 00 00071 591.27921000 17.187 0.010 0 2 0 20.49
t 02 002483 00 00071 591.33227000 17.189 0.009 0 2 0 20.71
t 02 002483 00 00071 596.27285000 17.200 0.013 0 2 0 20.03
t 02 002483 00 00071 596.31656000 17.205 0.012 0 2 0 20.17
t 02 002483 00 00071 599.35931000 17.182 0.017 0 2 0 19.63
t 02 002483 00 00071 599.41097000 17.216 0.025 0 2 0 19.24
t 02 002483 00 00071 1314.34421000 0.000 inf 0 0 0 19.79
t 02 002483 00 00071 1314.37380000 0.000 inf 0 0 0 19.79
t 02 002483 00 00071 1315.27628000 0.000 inf 0 0 0 19.77
t 02 002483 00 00071 1315.34510000 0.000 inf 0 0 0 19.92
t 02 002483 00 00071 1316.25154000 0.000 inf 0 0 0 20.12
t 02 002483 00 00071 1316.31612000 0.000 inf 0 0 0 20.10
t 02 002483 00 00071 1333.23721000 0.000 inf 0 0 0 20.16
t 02 002483 00 00071 1333.30955000 0.000 inf 0 0 0 20.41
t 02 002483 00 00071 1334.22265000 0.000 inf 0 0 0 19.97
t 02 002483 00 00071 1335.28091000 0.000 inf 0 0 0 19.86
t 02 002483 00 00071 1335.35199000 0.000 inf 0 0 0 20.02
t 02 002483 00 00071 1371.29247000 0.000 inf 0 0 0 19.87
t 02 002483 00 00071 1371.29370000 0.000 inf 0 0 0 19.88
t 02 002483 00 00071 1371.29483000 0.000 inf 0 0 0 19.86
t 02 002483 00 00071 1396.16344000 0.000 inf 0 0 0 19.51
t 02 002483 00 00071 1396.22735000 0.000 inf 0 0 0 19.43
t 02 002483 00 00071 1397.20100000 0.000 inf 0 0 0 19.36
t 02 002483 00 00071 1398.11023000 0.000 inf 0 0 0 19.53
t 02 002483 00 00071 1398.21516000 0.000 inf 0 0 0 19.49
t 02 002483 00 00071 1399.14990000 0.000 inf 0 0 0 19.89
t 02 002483 00 00071 1399.24471000 0.000 inf 0 0 0 19.77
t 02 002483 00 00071 1400.14954000 0.000 inf 0 0 0 19.85
t 02 002483 00 00071 1400.21551000 0.000 inf 0 0 0 19.80
t 02 002483 00 00071 1675.31617000 0.000 inf 0 0 0 20.41
t 02 002483 00 00071 1675.34135000 0.000 inf 0 0 0 20.51
t 02 002483 00 00071 1675.36388000 0.000 inf 0 0 0 20.61
t 02 002483 00 00071 1676.31383000 0.000 inf 0 0 0 20.57
t 02 002483 00 00071 1676.33747000 0.000 inf 0 0 0 20.62
t 02 002483 00 00071 1676.40205000 0.000 inf 0 0 0 21.14
t 02 002483 00 00071 1677.31146000 0.000 inf 0 0 0 20.44
t 02 002483 00 00071 1677.33405000 0.000 inf 0 0 0 20.70
t 02 002483 00 00071 1677.35757000 0.000 inf 0 0 0 20.80
t 02 002483 00 00071 1678.30793000 0.000 inf 0 0 0 20.59
t 02 002483 00 00071 1678.33047000 0.000 inf 0 0 0 20.65
t 02 002483 00 00071 1678.35472000 0.000 inf 0 0 0 20.82
t 02 002483 00 00071 1679.30604000 0.000 inf 0 0 0 20.55
t 02 002483 00 00071 1679.32956000 0.000 inf 0 0 0 20.72
t 02 002483 00 00071 1679.38516000 0.000 inf 0 0 0 20.86
t 02 002483 00 00071 1680.30304000 0.000 inf 0 0 0 20.37
t 02 002483 00 00071 1680.32748000 0.000 inf 0 0 0 20.41
t 02 002483 00 00071 1680.34978000 0.000 inf 0 0 0 20.47
t 02 002483 00 00071 1681.30067000 0.000 inf 0 0 0 20.52
t 02 002483 00 00071 1681.32455000 0.000 inf 0 0 0 20.70
t 02 002483 00 00071 1681.34685000 0.000 inf 0 0 0 20.81
t 02 002483 00 00071 1682.29870000 0.000 inf 0 0 0 20.52
t 02 002483 00 00071 1682.32164000 0.000 inf 0 0 0 20.55
t 02 002483 00 00071 1682.34475000 0.000 inf 0 0 0 20.63
t 02 002483 00 00071 1683.29472000 0.000 inf 0 0 0 20.59
t 02 002483 00 00071 1683.31706000 0.000 inf 0 0 0 20.57
t 02 002483 00 00071 1683.33934000 0.000 inf 0 0 0 20.71
t 02 002483 00 00071 1684.29188000 0.000 inf 0 0 0 20.55
t 02 002483 00 00071 1684.31520000 0.000 inf 0 0 0 20.62
t 02 002483 00 00071 1684.33832000 0.000 inf 0 0 0 20.86
t 02 002483 00 00071 1685.28916000 0.000 inf 0 0 0 20.43
t 02 002483 00 00071 1685.31122000 0.000 inf 0 0 0 20.72
t 02 002483 00 00071 1685.33679000 0.000 inf 0 0 0 20.75
t 02 002483 00 00071 1686.28662000 0.000 inf 0 0 0 20.45
t 02 002483 00 00071 1686.30985000 0.000 inf 0 0 0 20.43
t 02 002483 00 00071 1686.35545000 0.000 inf 0 0 0 20.64
t 02 002483 00 00071 1687.28420000 0.000 inf 0 0 0 20.23
t 02 002483 00 00071 1687.30763000 0.000 inf 0 0 0 20.39
t 02 002483 00 00071 1687.35498000 0.000 inf 0 0 0 20.73
t 02 002483 00 00071 1688.28117000 0.000 inf 0 0 0 19.86
t 02 002483 00 00071 1688.30338000 0.000 inf 0 0 0 20.03
t 02 002483 00 00071 1688.32763000 0.000 inf 0 0 0 20.32
t 02 002483 00 00071 1689.27890000 0.000 inf 0 0 0 19.84
t 02 002483 00 00071 1689.30296000 0.000 inf 0 0 0 19.95
t 02 002483 00 00071 1689.32575000 0.000 inf 0 0 0 20.01
t 02 002483 00 00071 2079.33937000 0.000 inf 0 0 0 19.43
t 02 002483 00 00071 2765.42610000 0.000 inf 0 0 0 20.27
t 02 002483 00 00071 2765.46788000 0.000 inf 0 0 0 20.22
t 02 002483 00 00071 2791.30910000 0.000 inf 0 0 0 19.43
t 02 002483 00 00071 2791.36404000 0.000 inf 0 0 0 19.53
t 02 002483 00 00071 2792.29664000 0.000 inf 0 0 0 19.86
t 02 002483 00 00071 2792.35036000 0.000 inf 0 0 0 19.73
t 02 002483 00 00071 2793.29528000 0.000 inf 0 0 0 20.30
